  2.9375450e+002	  2.9389402e+002	  1.3951694e-001	
  2.9375380e+002	  2.9374849e+002	 -5.3124077e-003	
  2.9375320e+002	  2.9377210e+002	  1.8897892e-002	
  2.9375300e+002	  2.9376857e+002	  1.5572154e-002	
  2.9375260e+002	  2.9373780e+002	 -1.4802933e-002	
  2.9375240e+002	  2.9376864e+002	  1.6244334e-002	
  2.9375230e+002	  2.9376440e+002	  1.2104309e-002	
  2.9375240e+002	  2.9373393e+002	 -1.8474660e-002	
  2.9375240e+002	  2.9373193e+002	 -2.0468222e-002	
  2.9375250e+002	  2.9376924e+002	  1.6737956e-002	
  2.9375230e+002	  2.9376733e+002	  1.5034120e-002	
  2.9375250e+002	  2.9381132e+002	  5.8822939e-002	
  2.9375250e+002	  2.9375225e+002	 -2.5032919e-004	
  2.9375260e+002	  2.9374712e+002	 -5.4801290e-003	
  2.9375260e+002	  2.9374056e+002	 -1.2037636e-002	
  2.9375270e+002	  2.9377899e+002	  2.6292893e-002	
  2.9375280e+002	  2.9376210e+002	  9.3005839e-003	
  2.9375280e+002	  2.9376302e+002	  1.0224379e-002	
  2.9375290e+002	  2.9375521e+002	  2.3136852e-003	
  2.9375310e+002	  2.9372978e+002	 -2.3322723e-002	
  2.9375320e+002	  2.9376009e+002	  6.8877191e-003	
  2.9375330e+002	  2.9373972e+002	 -1.3584009e-002	
  2.9375340e+002	  2.9372445e+002	 -2.8951942e-002	
  2.9375340e+002	  2.9374961e+002	 -3.7877065e-003	
  2.9375360e+002	  2.9374322e+002	 -1.0376961e-002	
  2.9375360e+002	  2.9376202e+002	  8.4197368e-003	
  2.9375380e+002	  2.9378434e+002	  3.0535383e-002	
  2.9375390e+002	  2.9376868e+002	  1.4777868e-002	
  2.9375410e+002	  2.9378435e+002	  3.0254983e-002	
  2.9375430e+002	  2.9379783e+002	  4.3525809e-002	
  2.9375440e+002	  2.9375929e+002	  4.8934307e-003	
  2.9375440e+002	  2.9376076e+002	  6.3571807e-003	
  2.9375460e+002	  2.9378506e+002	  3.0456252e-002	
  2.9375480e+002	  2.9376038e+002	  5.5809812e-003	
  2.9375490e+002	  2.9371925e+002	 -3.5651296e-002	
  2.9375520e+002	  2.9376952e+002	  1.4319021e-002	
  2.9375530e+002	  2.9375070e+002	 -4.5981237e-003	
  2.9375530e+002	  2.9376713e+002	  1.1833586e-002	
  2.9375550e+002	  2.9378486e+002	  2.9357483e-002	
  2.9375570e+002	  2.9377107e+002	  1.5369801e-002	
  2.9375570e+002	  2.9373913e+002	 -1.6571992e-002	
  2.9375600e+002	  2.9376968e+002	  1.3678986e-002	
  2.9375610e+002	  2.9375125e+002	 -4.8498147e-003	
  2.9375630e+002	  2.9377673e+002	  2.0428107e-002	
  2.9375650e+002	  2.9375660e+002	  9.5023263e-005	
  2.9375670e+002	  2.9379731e+002	  4.0605377e-002	
  2.9375690e+002	  2.9376295e+002	  6.0514345e-003	
  2.9375690e+002	  2.9366485e+002	 -9.2051078e-002	
  2.9375710e+002	  2.9376167e+002	  4.5723327e-003	
  2.9375730e+002	  2.9376146e+002	  4.1593497e-003	
  2.9375750e+002	  2.9375021e+002	 -7.2853443e-003	
  2.9375770e+002	  2.9373652e+002	 -2.1183964e-002	
  2.9375790e+002	  2.9376776e+002	  9.8581693e-003	
  2.9375810e+002	  2.9377359e+002	  1.5486107e-002	
  2.9375820e+002	  2.9374535e+002	 -1.2849040e-002	
  2.9375840e+002	  2.9376878e+002	  1.0379988e-002	
  2.9375860e+002	  2.9377940e+002	  2.0795739e-002	
  2.9375880e+002	  2.9372321e+002	 -3.5585355e-002	
  2.9375880e+002	  2.9373353e+002	 -2.5273277e-002	
  2.9375900e+002	  2.9375413e+002	 -4.8713813e-003	
  2.9375930e+002	  2.9376341e+002	  4.1146144e-003	
  2.9375940e+002	  2.9384876e+002	  8.9363792e-002	
  2.9375960e+002	  2.9376819e+002	  8.5932708e-003	
  2.9375980e+002	  2.9370772e+002	 -5.2077641e-002	
  2.9375970e+002	  2.9378141e+002	  2.1708049e-002	
  2.9376010e+002	  2.9377864e+002	  1.8544070e-002	
  2.9376020e+002	  2.9380788e+002	  4.7676122e-002	
  2.9376030e+002	  2.9375984e+002	 -4.5553659e-004	
  2.9376050e+002	  2.9376857e+002	  8.0716348e-003	
  2.9376070e+002	  2.9376988e+002	  9.1755694e-003	
  2.9376080e+002	  2.9375973e+002	 -1.0713782e-003	
  2.9376100e+002	  2.9377344e+002	  1.2442085e-002	
  2.9376120e+002	  2.9377014e+002	  8.9394428e-003	
  2.9376130e+002	  2.9375547e+002	 -5.8301973e-003	
  2.9376160e+002	  2.9382363e+002	  6.2030488e-002	
  2.9376170e+002	  2.9379549e+002	  3.3791376e-002	
  2.9376180e+002	  2.9374938e+002	 -1.2418364e-002	
  2.9376190e+002	  2.9375876e+002	 -3.1445720e-003	
  2.9376220e+002	  2.9379441e+002	  3.2212341e-002	
  2.9376230e+002	  2.9377981e+002	  1.7508784e-002	
  2.9376250e+002	  2.9383741e+002	  7.4911717e-002	
  2.9376270e+002	  2.9374760e+002	 -1.5102439e-002	
  2.9376290e+002	  2.9379716e+002	  3.4255740e-002	
  2.9376290e+002	  2.9378860e+002	  2.5697707e-002	
  2.9376310e+002	  2.9373114e+002	 -3.1955196e-002	
  2.9376340e+002	  2.9379273e+002	  2.9330518e-002	
  2.9376360e+002	  2.9376010e+002	 -3.4971683e-003	
  2.9376360e+002	  2.9373541e+002	 -2.8191759e-002	
  2.9376390e+002	  2.9377419e+002	  1.0291408e-002	
  2.9376410e+002	  2.9376506e+002	  9.6341807e-004	
  2.9376410e+002	  2.9378159e+002	  1.7485249e-002	
  2.9376450e+002	  2.9377136e+002	  6.8566330e-003	
  2.9376460e+002	  2.9375917e+002	 -5.4258571e-003	
  2.9376480e+002	  2.9383125e+002	  6.6454070e-002	
  2.9376490e+002	  2.9376961e+002	  4.7063293e-003	
  2.9376510e+002	  2.9377605e+002	  1.0951846e-002	
  2.9376530e+002	  2.9376899e+002	  3.6880707e-003	
  2.9376530e+002	  2.9369350e+002	 -7.1802833e-002	
  2.9376580e+002	  2.9382183e+002	  5.6026119e-002	
  2.9376580e+002	  2.9379135e+002	  2.5549629e-002	
  2.9376600e+002	  2.9369105e+002	 -7.4946385e-002	
  2.9376600e+002	  2.9382914e+002	  6.3135364e-002	
  2.9376620e+002	  2.9382974e+002	  6.3542215e-002	
  2.9376650e+002	  2.9377012e+002	  3.6205623e-003	
  2.9376660e+002	  2.9372948e+002	 -3.7115740e-002	
  2.9376680e+002	  2.9377312e+002	  6.3245905e-003	
  2.9376700e+002	  2.9372361e+002	 -4.3389909e-002	
  2.9376730e+002	  2.9376613e+002	 -1.1686644e-003	
  2.9376740e+002	  2.9377874e+002	  1.1341619e-002	
  2.9376760e+002	  2.9377933e+002	  1.1733558e-002	
  2.9376780e+002	  2.9379034e+002	  2.2536464e-002	
  2.9376790e+002	  2.9378666e+002	  1.8761879e-002	
  2.9376810e+002	  2.9381376e+002	  4.5658248e-002	
  2.9376820e+002	  2.9374705e+002	 -2.1145793e-002	
  2.9376830e+002	  2.9377201e+002	  3.7066445e-003	
  2.9376850e+002	  2.9385997e+002	  9.1471996e-002	
  2.9376900e+002	  2.9379922e+002	  3.0218496e-002	
  2.9376900e+002	  2.9377645e+002	  7.4467752e-003	
  2.9376920e+002	  2.9386945e+002	  1.0025094e-001	
  2.9376930e+002	  2.9376823e+002	 -1.0736150e-003	
  2.9376950e+002	  2.9382533e+002	  5.5832011e-002	
  2.9376960e+002	  2.9373574e+002	 -3.3859403e-002	
  2.9376980e+002	  2.9369697e+002	 -7.2828441e-002	
  2.9376980e+002	  2.9377708e+002	  7.2842917e-003	
  2.9377000e+002	  2.9375102e+002	 -1.8975285e-002	
  2.9377020e+002	  2.9376339e+002	 -6.8050227e-003	
  2.9377040e+002	  2.9374509e+002	 -2.5305157e-002	
  2.9377060e+002	  2.9377354e+002	  2.9393330e-003	
  2.9377070e+002	  2.9373021e+002	 -4.0489294e-002	
  2.9377100e+002	  2.9380152e+002	  3.0518564e-002	
  2.9377090e+002	  2.9372776e+002	 -4.3135738e-002	
  2.9377130e+002	  2.9381344e+002	  4.2141667e-002	
  2.9377140e+002	  2.9372692e+002	 -4.4482266e-002	
  2.9377150e+002	  2.9371022e+002	 -6.1281721e-002	
  2.9377180e+002	  2.9379297e+002	  2.1173302e-002	
  2.9377190e+002	  2.9376914e+002	 -2.7576346e-003	
  2.9377210e+002	  2.9373067e+002	 -4.1434099e-002	
  2.9377200e+002	  2.9375646e+002	 -1.5537958e-002	
  2.9377240e+002	  2.9374266e+002	 -2.9736445e-002	
  2.9377250e+002	  2.9371503e+002	 -5.7470141e-002	
  2.9377280e+002	  2.9375113e+002	 -2.1666805e-002	
  2.9377290e+002	  2.9378432e+002	  1.1419395e-002	
  2.9377310e+002	  2.9377530e+002	  2.2016804e-003	
  2.9377320e+002	  2.9375665e+002	 -1.6551224e-002	
  2.9377340e+002	  2.9379290e+002	  1.9497961e-002	
  2.9377350e+002	  2.9374069e+002	 -3.2805650e-002	
  2.9377380e+002	  2.9378384e+002	  1.0041868e-002	
  2.9377380e+002	  2.9377870e+002	  4.8996156e-003	
  2.9377390e+002	  2.9378706e+002	  1.3164491e-002	
  2.9377420e+002	  2.9375049e+002	 -2.3705515e-002	
  2.9377450e+002	  2.9379900e+002	  2.4497742e-002	
  2.9377450e+002	  2.9373933e+002	 -3.5167436e-002	
  2.9377470e+002	  2.9379486e+002	  2.0155059e-002	
  2.9377470e+002	  2.9373675e+002	 -3.7947767e-002	
  2.9377480e+002	  2.9378196e+002	  7.1606660e-003	
  2.9377510e+002	  2.9378353e+002	  8.4340461e-003	
  2.9377520e+002	  2.9379341e+002	  1.8212336e-002	
  2.9377530e+002	  2.9377100e+002	 -4.2996316e-003	
  2.9377560e+002	  2.9375036e+002	 -2.5237225e-002	
  2.9377580e+002	  2.9384794e+002	  7.2140977e-002	
  2.9377590e+002	  2.9382477e+002	  4.8873981e-002	
  2.9377610e+002	  2.9376709e+002	 -9.0054028e-003	
  2.9377610e+002	  2.9379497e+002	  1.8874395e-002	
  2.9377620e+002	  2.9383126e+002	  5.5057906e-002	
  2.9377650e+002	  2.9376871e+002	 -7.7861321e-003	
  2.9377660e+002	  2.9380421e+002	  2.7608025e-002	
  2.9377670e+002	  2.9383862e+002	  6.1919560e-002	
  2.9377690e+002	  2.9383392e+002	  5.7023532e-002	
  2.9377720e+002	  2.9376724e+002	 -9.9550436e-003	
  2.9377720e+002	  2.9375743e+002	 -1.9769955e-002	
  2.9377740e+002	  2.9372302e+002	 -5.4383634e-002	
  2.9377760e+002	  2.9383956e+002	  6.1955904e-002	
  2.9377780e+002	  2.9379072e+002	  1.2921294e-002	
  2.9377790e+002	  2.9375656e+002	 -2.1336894e-002	
  2.9377800e+002	  2.9375969e+002	 -1.8313782e-002	
  2.9377800e+002	  2.9379488e+002	  1.6882564e-002	
  2.9377830e+002	  2.9373961e+002	 -3.8692700e-002	
  2.9377830e+002	  2.9373606e+002	 -4.2235726e-002	
  2.9377840e+002	  2.9376132e+002	 -1.7076879e-002	
  2.9377870e+002	  2.9380813e+002	  2.9425072e-002	
  2.9377890e+002	  2.9376232e+002	 -1.6584279e-002	
  2.9377910e+002	  2.9376371e+002	 -1.5393659e-002	
  2.9377900e+002	  2.9375319e+002	 -2.5806540e-002	
  2.9377920e+002	  2.9378638e+002	  7.1788960e-003	
  2.9377930e+002	  2.9378996e+002	  1.0657386e-002	
  2.9377960e+002	  2.9374798e+002	 -3.1618805e-002	
  2.9377960e+002	  2.9373284e+002	 -4.6759700e-002	
  2.9377970e+002	  2.9377150e+002	 -8.2026760e-003	
  2.9377990e+002	  2.9376235e+002	 -1.7549285e-002	
  2.9377990e+002	  2.9377845e+002	 -1.4548882e-003	
  2.9378010e+002	  2.9375589e+002	 -2.4214916e-002	
  2.9378030e+002	  2.9372446e+002	 -5.5841224e-002	
  2.9378050e+002	  2.9379790e+002	  1.7402984e-002	
  2.9378060e+002	  2.9378527e+002	  4.6673971e-003	
  2.9378070e+002	  2.9382117e+002	  4.0465884e-002	
  2.9378100e+002	  2.9373331e+002	 -4.7694388e-002	
  2.9378100e+002	  2.9378150e+002	  5.0169023e-004	
  2.9378110e+002	  2.9377744e+002	 -3.6617051e-003	
  2.9378110e+002	  2.9381782e+002	  3.6720422e-002	
  2.9378130e+002	  2.9372116e+002	 -6.0137967e-002	
  2.9378150e+002	  2.9377553e+002	 -5.9730011e-003	
  2.9378160e+002	  2.9381723e+002	  3.5630162e-002	
  2.9378190e+002	  2.9383347e+002	  5.1566596e-002	
  2.9378200e+002	  2.9380777e+002	  2.5768460e-002	
  2.9378220e+002	  2.9380294e+002	  2.0740281e-002	
  2.9378220e+002	  2.9377484e+002	 -7.3576444e-003	
  2.9378240e+002	  2.9377536e+002	 -7.0402445e-003	
  2.9378240e+002	  2.9382036e+002	  3.7958988e-002	
  2.9378260e+002	  2.9377818e+002	 -4.4176456e-003	
  2.9378280e+002	  2.9381625e+002	  3.3450263e-002	
  2.9378280e+002	  2.9372207e+002	 -6.0726147e-002	
  2.9378300e+002	  2.9381831e+002	  3.5305976e-002	
  3.0268350e+002	  3.0249517e+002	 -1.8832638e-001	
  3.0268260e+002	  3.0250994e+002	 -1.7265962e-001	
  3.0268220e+002	  3.0313827e+002	  4.5606849e-001	
  3.0268180e+002	  3.0268442e+002	  2.6215750e-003	
  3.0268170e+002	  3.0264057e+002	 -4.1125053e-002	
  3.0268160e+002	  3.0264539e+002	 -3.6206936e-002	
  3.0268140e+002	  3.0261062e+002	 -7.0782514e-002	
  3.0268150e+002	  3.0290992e+002	  2.2841759e-001	
  3.0268120e+002	  3.0270708e+002	  2.5877814e-002	
  3.0268110e+002	  3.0274777e+002	  6.6670922e-002	
  3.0268120e+002	  3.0266493e+002	 -1.6267475e-002	
  3.0268100e+002	  3.0262556e+002	 -5.5440419e-002	
  3.0268120e+002	  3.0270534e+002	  2.4144091e-002	
  3.0268110e+002	  3.0273565e+002	  5.4554003e-002	
  3.0268120e+002	  3.0276588e+002	  8.4684580e-002	
  3.0268120e+002	  3.0261512e+002	 -6.6083023e-002	
  3.0268150e+002	  3.0274945e+002	  6.7945420e-002	
  3.0268130e+002	  3.0264791e+002	 -3.3390651e-002	
  3.0268150e+002	  3.0279385e+002	  1.1234729e-001	
  3.0268160e+002	  3.0274116e+002	  5.9560532e-002	
  3.0268160e+002	  3.0278607e+002	  1.0446584e-001	
  3.0268180e+002	  3.0262130e+002	 -6.0496169e-002	
  3.0268170e+002	  3.0270528e+002	  2.3576073e-002	
  3.0268180e+002	  3.0271495e+002	  3.3147543e-002	
  3.0268190e+002	  3.0255791e+002	 -1.2399027e-001	
  3.0268190e+002	  3.0240481e+002	 -2.7708692e-001	
  3.0268200e+002	  3.0269168e+002	  9.6771836e-003	
  3.0268230e+002	  3.0266514e+002	 -1.7158330e-002	
  3.0268220e+002	  3.0271606e+002	  3.3862414e-002	
  3.0268220e+002	  3.0253954e+002	 -1.4266010e-001	
  3.0268240e+002	  3.0241215e+002	 -2.7024776e-001	
  3.0268250e+002	  3.0265010e+002	 -3.2402527e-002	
  3.0268260e+002	  3.0281536e+002	  1.3276141e-001	
  3.0268260e+002	  3.0267587e+002	 -6.7272969e-003	
  3.0268270e+002	  3.0260001e+002	 -8.2687355e-002	
  3.0268270e+002	  3.0256992e+002	 -1.1277547e-001	
  3.0268280e+002	  3.0269939e+002	  1.6589609e-002	
  3.0268310e+002	  3.0257996e+002	 -1.0313661e-001	
  3.0268330e+002	  3.0260533e+002	 -7.7968246e-002	
  3.0268330e+002	  3.0268093e+002	 -2.3724575e-003	
  3.0268330e+002	  3.0273087e+002	  4.7568215e-002	
  3.0268350e+002	  3.0256182e+002	 -1.2168428e-001	
  3.0268360e+002	  3.0253509e+002	 -1.4850733e-001	
  3.0268360e+002	  3.0273410e+002	  5.0495015e-002	
  3.0268390e+002	  3.0252585e+002	 -1.5805185e-001	
  3.0268370e+002	  3.0261262e+002	 -7.1077508e-002	
  3.0268400e+002	  3.0267388e+002	 -1.0116935e-002	
  3.0268420e+002	  3.0263419e+002	 -5.0014174e-002	
  3.0268430e+002	  3.0272628e+002	  4.1981672e-002	
  3.0268430e+002	  3.0257732e+002	 -1.0698280e-001	
  3.0268450e+002	  3.0267140e+002	 -1.3104746e-002	
  3.0268460e+002	  3.0280516e+002	  1.2055693e-001	
  3.0268480e+002	  3.0270676e+002	  2.1956633e-002	
  3.0268490e+002	  3.0279628e+002	  1.1137511e-001	
  3.0268480e+002	  3.0268054e+002	 -4.2626430e-003	
  3.0268500e+002	  3.0259151e+002	 -9.3492087e-002	
  3.0268510e+002	  3.0271238e+002	  2.7282370e-002	
  3.0268510e+002	  3.0273416e+002	  4.9055325e-002	
  3.0268520e+002	  3.0264683e+002	 -3.8371775e-002	
  3.0268550e+002	  3.0264078e+002	 -4.4720141e-002	
  3.0268550e+002	  3.0264614e+002	 -3.9355771e-002	
  3.0268560e+002	  3.0269731e+002	  1.1714362e-002	
  3.0268570e+002	  3.0251489e+002	 -1.7081224e-001	
  3.0268580e+002	  3.0291686e+002	  2.3106214e-001	
  3.0268580e+002	  3.0252328e+002	 -1.6251890e-001	
  3.0268600e+002	  3.0267457e+002	 -1.1430195e-002	
  3.0268610e+002	  3.0268347e+002	 -2.6336629e-003	
  3.0268610e+002	  3.0260397e+002	 -8.2131924e-002	
  3.0268630e+002	  3.0255004e+002	 -1.3626312e-001	
  3.0268660e+002	  3.0279305e+002	  1.0644840e-001	
  3.0268660e+002	  3.0261379e+002	 -7.2812259e-002	
  3.0268680e+002	  3.0254778e+002	 -1.3902065e-001	
  3.0268700e+002	  3.0268614e+002	 -8.6378490e-004	
  3.0268690e+002	  3.0266407e+002	 -2.2834499e-002	
  3.0268710e+002	  3.0261143e+002	 -7.5671595e-002	
  3.0268720e+002	  3.0264300e+002	 -4.4200158e-002	
  3.0268720e+002	  3.0274830e+002	  6.1095705e-002	
  3.0268730e+002	  3.0277677e+002	  8.9467148e-002	
  3.0268760e+002	  3.0267407e+002	 -1.3534791e-002	
  3.0268770e+002	  3.0285956e+002	  1.7186065e-001	
  3.0268800e+002	  3.0265469e+002	 -3.3311789e-002	
  3.0268800e+002	  3.0275101e+002	  6.3006475e-002	
  3.0268810e+002	  3.0269279e+002	  4.6942107e-003	
  3.0268820e+002	  3.0277221e+002	  8.4012211e-002	
  3.0268830e+002	  3.0274143e+002	  5.3131037e-002	
  3.0268850e+002	  3.0275046e+002	  6.1955871e-002	
  3.0268850e+002	  3.0280360e+002	  1.1510283e-001	
  3.0268880e+002	  3.0257154e+002	 -1.1725906e-001	
  3.0268880e+002	  3.0268648e+002	 -2.3153054e-003	
  3.0268900e+002	  3.0256873e+002	 -1.2026724e-001	
  3.0268910e+002	  3.0267402e+002	 -1.5081596e-002	
  3.0268940e+002	  3.0259160e+002	 -9.7795751e-002	
  3.0268940e+002	  3.0271717e+002	  2.7767115e-002	
  3.0268950e+002	  3.0264965e+002	 -3.9849347e-002	
  3.0268970e+002	  3.0265428e+002	 -3.5417692e-002	
  3.0268970e+002	  3.0277182e+002	  8.2118164e-002	
  3.0268990e+002	  3.0275776e+002	  6.7855697e-002	
  3.0269010e+002	  3.0258077e+002	 -1.0932643e-001	
  3.0269010e+002	  3.0274424e+002	  5.4135938e-002	
  3.0269010e+002	  3.0270902e+002	  1.8924944e-002	
  3.0269020e+002	  3.0267799e+002	 -1.2206361e-002	
  3.0269070e+002	  3.0255761e+002	 -1.3309249e-001	
  3.0269050e+002	  3.0261231e+002	 -7.8188342e-002	
  3.0269090e+002	  3.0278449e+002	  9.3587119e-002	
  3.0269090e+002	  3.0291825e+002	  2.2734708e-001	
  3.0269110e+002	  3.0269039e+002	 -7.1483130e-004	
  3.0269120e+002	  3.0284432e+002	  1.5311794e-001	
  3.0269130e+002	  3.0286164e+002	  1.7033914e-001	
  3.0269130e+002	  3.0280576e+002	  1.1445888e-001	
  3.0269160e+002	  3.0304129e+002	  3.4968637e-001	
  3.0269170e+002	  3.0282724e+002	  1.3554035e-001	
  3.0269180e+002	  3.0273002e+002	  3.8223880e-002	
  3.0269200e+002	  3.0279925e+002	  1.0725356e-001	
  3.0269220e+002	  3.0290651e+002	  2.1431455e-001	
  3.0269220e+002	  3.0255875e+002	 -1.3345304e-001	
  3.0269250e+002	  3.0262430e+002	 -6.8199195e-002	
  3.0269270e+002	  3.0257244e+002	 -1.2025596e-001	
  3.0269270e+002	  3.0258255e+002	 -1.1014717e-001	
  3.0269280e+002	  3.0253122e+002	 -1.6157560e-001	
  3.0269280e+002	  3.0244988e+002	 -2.4291826e-001	
  3.0269310e+002	  3.0274257e+002	  4.9474519e-002	
  3.0269330e+002	  3.0288087e+002	  1.8757209e-001	
  3.0269350e+002	  3.0265505e+002	 -3.8447998e-002	
  3.0269370e+002	  3.0262557e+002	 -6.8133709e-002	
  3.0269380e+002	  3.0269251e+002	 -1.2942450e-003	
  3.0269390e+002	  3.0278003e+002	  8.6129479e-002	
  3.0269400e+002	  3.0273484e+002	  4.0840271e-002	
  3.0269420e+002	  3.0285503e+002	  1.6083168e-001	
  3.0269430e+002	  3.0268036e+002	 -1.3943469e-002	
  3.0269450e+002	  3.0279566e+002	  1.0116110e-001	
  3.0269460e+002	  3.0261928e+002	 -7.5321826e-002	
  3.0269480e+002	  3.0271185e+002	  1.7050527e-002	
  3.0269480e+002	  3.0270935e+002	  1.4546292e-002	
  3.0269500e+002	  3.0279696e+002	  1.0196334e-001	
  3.0269520e+002	  3.0274748e+002	  5.2280383e-002	
  3.0269540e+002	  3.0272637e+002	  3.0969810e-002	
  3.0269560e+002	  3.0261968e+002	 -7.5915914e-002	
  3.0269570e+002	  3.0273644e+002	  4.0736460e-002	
  3.0269580e+002	  3.0269178e+002	 -4.0236733e-003	
  3.0269590e+002	  3.0270832e+002	  1.2424519e-002	
  3.0269620e+002	  3.0274277e+002	  4.6573937e-002	
  3.0269620e+002	  3.0269564e+002	 -5.6075922e-004	
  3.0269650e+002	  3.0279728e+002	  1.0077984e-001	
  3.0269650e+002	  3.0262709e+002	 -6.9408774e-002	
  3.0269680e+002	  3.0265824e+002	 -3.8564290e-002	
  3.0269700e+002	  3.0267127e+002	 -2.5728991e-002	
  3.0269710e+002	  3.0271284e+002	  1.5739620e-002	
  3.0269720e+002	  3.0268125e+002	 -1.5954509e-002	
  3.0269760e+002	  3.0268938e+002	 -8.2230705e-003	
  3.0269760e+002	  3.0272579e+002	  2.8191947e-002	
  3.0269770e+002	  3.0287918e+002	  1.8148393e-001	
  3.0269790e+002	  3.0271982e+002	  2.1924818e-002	
  3.0269810e+002	  3.0272485e+002	  2.6747928e-002	
  3.0269820e+002	  3.0261436e+002	 -8.3841484e-002	
  3.0269830e+002	  3.0259227e+002	 -1.0603002e-001	
  3.0269840e+002	  3.0260323e+002	 -9.5172911e-002	
  3.0269880e+002	  3.0278130e+002	  8.2496052e-002	
  3.0269880e+002	  3.0264964e+002	 -4.9159454e-002	
  3.0269920e+002	  3.0268600e+002	 -1.3198132e-002	
  3.0269930e+002	  3.0260724e+002	 -9.2063508e-002	
  3.0269930e+002	  3.0263083e+002	 -6.8469155e-002	
  3.0269960e+002	  3.0265420e+002	 -4.5403889e-002	
  3.0269970e+002	  3.0274595e+002	  4.6254121e-002	
  3.0269990e+002	  3.0265627e+002	 -4.3629959e-002	
  3.0270010e+002	  3.0267818e+002	 -2.1916864e-002	
  3.0270020e+002	  3.0279546e+002	  9.5256688e-002	
  3.0270050e+002	  3.0268901e+002	 -1.1485001e-002	
  3.0270060e+002	  3.0269501e+002	 -5.5917920e-003	
  3.0270080e+002	  3.0275598e+002	  5.5178507e-002	
  3.0270100e+002	  3.0272770e+002	  2.6701921e-002	
  3.0270110e+002	  3.0278457e+002	  8.3470599e-002	
  3.0270110e+002	  3.0286714e+002	  1.6603858e-001	
  3.0270140e+002	  3.0264877e+002	 -5.2629952e-002	
  3.0270150e+002	  3.0274681e+002	  4.5311456e-002	
  3.0270170e+002	  3.0279434e+002	  9.2641026e-002	
  3.0270170e+002	  3.0274925e+002	  4.7551151e-002	
  3.0270210e+002	  3.0266810e+002	 -3.4004751e-002	
  3.0270220e+002	  3.0270222e+002	  1.8638610e-005	
  3.0270250e+002	  3.0262516e+002	 -7.7339741e-002	
  3.0270270e+002	  3.0262408e+002	 -7.8618711e-002	
  3.0270270e+002	  3.0266452e+002	 -3.8178396e-002	
  3.0270300e+002	  3.0264053e+002	 -6.2472259e-002	
  3.0270310e+002	  3.0271986e+002	  1.6761803e-002	
  3.0270330e+002	  3.0269394e+002	 -9.3618890e-003	
  3.0270340e+002	  3.0274328e+002	  3.9884615e-002	
  3.0270360e+002	  3.0270467e+002	  1.0671805e-003	
  3.0270390e+002	  3.0261081e+002	 -9.3092225e-002	
  3.0270410e+002	  3.0269603e+002	 -8.0652226e-003	
  3.0270410e+002	  3.0256003e+002	 -1.4406600e-001	
  3.0270440e+002	  3.0277772e+002	  7.3323271e-002	
  3.0270450e+002	  3.0265622e+002	 -4.8278150e-002	
  3.0270470e+002	  3.0276034e+002	  5.5636647e-002	
  3.0270480e+002	  3.0261470e+002	 -9.0101855e-002	
  3.0270500e+002	  3.0270835e+002	  3.3475110e-003	
  3.0270520e+002	  3.0272247e+002	  1.7267352e-002	
  3.0270520e+002	  3.0259524e+002	 -1.0995702e-001	
  3.0270520e+002	  3.0267543e+002	 -2.9767470e-002	
  3.0270560e+002	  3.0263266e+002	 -7.2939636e-002	
  3.0270590e+002	  3.0276105e+002	  5.5146137e-002	
  3.0270600e+002	  3.0267011e+002	 -3.5885980e-002	
  3.0270610e+002	  3.0257885e+002	 -1.2725049e-001	
  3.0270630e+002	  3.0266661e+002	 -3.9691420e-002	
  3.0270650e+002	  3.0265340e+002	 -5.3104369e-002	
  3.0270660e+002	  3.0278583e+002	  7.9231766e-002	
  3.0270680e+002	  3.0286864e+002	  1.6184021e-001	
  3.0270700e+002	  3.0252087e+002	 -1.8612927e-001	
  3.0270710e+002	  3.0283474e+002	  1.2764011e-001	
  3.0270740e+002	  3.0293603e+002	  2.2863340e-001	
  3.0270750e+002	  3.0277445e+002	  6.6949029e-002	
  3.0270770e+002	  3.0278071e+002	  7.3005864e-002	
  3.0270790e+002	  3.0285249e+002	  1.4458847e-001	
  3.0270820e+002	  3.0291604e+002	  2.0784227e-001	
  3.1148870e+002	  3.1146727e+002	 -2.1431271e-002	
  3.1148770e+002	  3.1145843e+002	 -2.9268326e-002	
  3.1148720e+002	  3.1146655e+002	 -2.0649707e-002	
  3.1148700e+002	  3.1139464e+002	 -9.2359390e-002	
  3.1148670e+002	  3.1146688e+002	 -1.9818754e-002	
  3.1148630e+002	  3.1136578e+002	 -1.2051547e-001	
  3.1148630e+002	  3.1149801e+002	  1.1707485e-002	
  3.1148610e+002	  3.1150262e+002	  1.6523944e-002	
  3.1148610e+002	  3.1150497e+002	  1.8865660e-002	
  3.1148610e+002	  3.1148474e+002	 -1.3585213e-003	
  3.1148600e+002	  3.1146370e+002	 -2.2301766e-002	
  3.1148620e+002	  3.1148968e+002	  3.4792431e-003	
  3.1148620e+002	  3.1137431e+002	 -1.1188794e-001	
  3.1148610e+002	  3.1147041e+002	 -1.5694451e-002	
  3.1148620e+002	  3.1148660e+002	  3.9794153e-004	
  3.1148630e+002	  3.1146784e+002	 -1.8464615e-002	
  3.1148620e+002	  3.1147169e+002	 -1.4511807e-002	
  3.1148640e+002	  3.1146387e+002	 -2.2534281e-002	
  3.1148650e+002	  3.1148571e+002	 -7.8878979e-004	
  3.1148650e+002	  3.1148425e+002	 -2.2499064e-003	
  3.1148670e+002	  3.1148726e+002	  5.5941109e-004	
  3.1148660e+002	  3.1148187e+002	 -4.7332687e-003	
  3.1148660e+002	  3.1145956e+002	 -2.7044668e-002	
  3.1148690e+002	  3.1139775e+002	 -8.9149490e-002	
  3.1148710e+002	  3.1147140e+002	 -1.5699380e-002	
  3.1148710e+002	  3.1148160e+002	 -5.4971106e-003	
  3.1148710e+002	  3.1140927e+002	 -7.7826684e-002	
  3.1148720e+002	  3.1144084e+002	 -4.6361914e-002	
  3.1148730e+002	  3.1144239e+002	 -4.4912137e-002	
  3.1148740e+002	  3.1152572e+002	  3.8322469e-002	
  3.1148760e+002	  3.1145740e+002	 -3.0201800e-002	
  3.1148780e+002	  3.1143693e+002	 -5.0872202e-002	
  3.1148790e+002	  3.1146792e+002	 -1.9983294e-002	
  3.1148800e+002	  3.1148335e+002	 -4.6534954e-003	
  3.1148800e+002	  3.1150904e+002	  2.1040662e-002	
  3.1148810e+002	  3.1151108e+002	  2.2977568e-002	
  3.1148830e+002	  3.1142264e+002	 -6.5663415e-002	
  3.1148830e+002	  3.1147317e+002	 -1.5126574e-002	
  3.1148840e+002	  3.1142088e+002	 -6.7523250e-002	
  3.1148840e+002	  3.1152145e+002	  3.3051758e-002	
  3.1148860e+002	  3.1142677e+002	 -6.1831328e-002	
  3.1148870e+002	  3.1144988e+002	 -3.8819020e-002	
  3.1148910e+002	  3.1147859e+002	 -1.0506134e-002	
  3.1148910e+002	  3.1151040e+002	  2.1300912e-002	
  3.1148940e+002	  3.1154826e+002	  5.8859993e-002	
  3.1148920e+002	  3.1152601e+002	  3.6813726e-002	
  3.1148950e+002	  3.1146341e+002	 -2.6091587e-002	
  3.1148960e+002	  3.1146250e+002	 -2.7104020e-002	
  3.1148960e+002	  3.1149198e+002	  2.3769372e-003	
  3.1148980e+002	  3.1140502e+002	 -8.4783971e-002	
  3.1148980e+002	  3.1151809e+002	  2.8294850e-002	
  3.1148990e+002	  3.1156044e+002	  7.0541535e-002	
  3.1149010e+002	  3.1148234e+002	 -7.7642986e-003	
  3.1149030e+002	  3.1141882e+002	 -7.1480341e-002	
  3.1149060e+002	  3.1144421e+002	 -4.6393357e-002	
  3.1149060e+002	  3.1156140e+002	  7.0796375e-002	
  3.1149070e+002	  3.1141311e+002	 -7.7586021e-002	
  3.1149090e+002	  3.1156152e+002	  7.0619996e-002	
  3.1149100e+002	  3.1149455e+002	  3.5514866e-003	
  3.1149110e+002	  3.1144861e+002	 -4.2494121e-002	
  3.1149130e+002	  3.1145871e+002	 -3.2590881e-002	
  3.1149150e+002	  3.1149779e+002	  6.2914101e-003	
  3.1149150e+002	  3.1145713e+002	 -3.4366216e-002	
  3.1149160e+002	  3.1148162e+002	 -9.9841622e-003	
  3.1149170e+002	  3.1157432e+002	  8.2617095e-002	
  3.1149190e+002	  3.1144911e+002	 -4.2794826e-002	
  3.1149230e+002	  3.1150221e+002	  9.9135951e-003	
  3.1149230e+002	  3.1152813e+002	  3.5826117e-002	
  3.1149240e+002	  3.1150718e+002	  1.4776252e-002	
  3.1149260e+002	  3.1142129e+002	 -7.1311251e-002	
  3.1149270e+002	  3.1147568e+002	 -1.7021157e-002	
  3.1149290e+002	  3.1153626e+002	  4.3363489e-002	
  3.1149290e+002	  3.1152811e+002	  3.5212884e-002	
  3.1149310e+002	  3.1144444e+002	 -4.8659659e-002	
  3.1149310e+002	  3.1148118e+002	 -1.1922751e-002	
  3.1149350e+002	  3.1141948e+002	 -7.4015389e-002	
  3.1149370e+002	  3.1147869e+002	 -1.5007805e-002	
  3.1149380e+002	  3.1154662e+002	  5.2818369e-002	
  3.1149400e+002	  3.1150993e+002	  1.5932565e-002	
  3.1149410e+002	  3.1148815e+002	 -5.9465526e-003	
  3.1149420e+002	  3.1144251e+002	 -5.1692245e-002	
  3.1149430e+002	  3.1148185e+002	 -1.2454397e-002	
  3.1149430e+002	  3.1156087e+002	  6.6571951e-002	
  3.1149460e+002	  3.1152782e+002	  3.3215987e-002	
  3.1149470e+002	  3.1143467e+002	 -6.0031516e-002	
  3.1149490e+002	  3.1151757e+002	  2.2672623e-002	
  3.1149500e+002	  3.1147736e+002	 -1.7644458e-002	
  3.1149530e+002	  3.1154543e+002	  5.0133556e-002	
  3.1149530e+002	  3.1154366e+002	  4.8359857e-002	
  3.1149560e+002	  3.1160031e+002	  1.0471451e-001	
  3.1149560e+002	  3.1149824e+002	  2.6359712e-003	
  3.1149560e+002	  3.1152862e+002	  3.3020109e-002	
  3.1149600e+002	  3.1152018e+002	  2.4183131e-002	
  3.1149600e+002	  3.1154152e+002	  4.5520302e-002	
  3.1149610e+002	  3.1151690e+002	  2.0804679e-002	
  3.1149630e+002	  3.1150713e+002	  1.0830927e-002	
  3.1149650e+002	  3.1146389e+002	 -3.2612872e-002	
  3.1149680e+002	  3.1147095e+002	 -2.5850781e-002	
  3.1149690e+002	  3.1153756e+002	  4.0659397e-002	
  3.1149710e+002	  3.1149633e+002	 -7.7267756e-004	
  3.1149710e+002	  3.1151637e+002	  1.9266678e-002	
  3.1149740e+002	  3.1144140e+002	 -5.5996949e-002	
  3.1149740e+002	  3.1153284e+002	  3.5438431e-002	
  3.1149770e+002	  3.1155348e+002	  5.5781965e-002	
  3.1149780e+002	  3.1147449e+002	 -2.3305391e-002	
  3.1149780e+002	  3.1150290e+002	  5.1023613e-003	
  3.1149800e+002	  3.1152897e+002	  3.0966510e-002	
  3.1149820e+002	  3.1148222e+002	 -1.5984099e-002	
  3.1149850e+002	  3.1156254e+002	  6.4037849e-002	
  3.1149850e+002	  3.1151725e+002	  1.8751787e-002	
  3.1149870e+002	  3.1153109e+002	  3.2388282e-002	
  3.1149880e+002	  3.1154473e+002	  4.5929427e-002	
  3.1149910e+002	  3.1151894e+002	  1.9843030e-002	
  3.1149910e+002	  3.1154802e+002	  4.8917500e-002	
  3.1149930e+002	  3.1158412e+002	  8.4819087e-002	
  3.1149940e+002	  3.1155519e+002	  5.5789934e-002	
  3.1149950e+002	  3.1148676e+002	 -1.2743961e-002	
  3.1149970e+002	  3.1148847e+002	 -1.1228753e-002	
  3.1149990e+002	  3.1154209e+002	  4.2186534e-002	
  3.1150020e+002	  3.1150932e+002	  9.1183762e-003	
  3.1150020e+002	  3.1147379e+002	 -2.6412252e-002	
  3.1150040e+002	  3.1146810e+002	 -3.2299294e-002	
  3.1150060e+002	  3.1152488e+002	  2.4275842e-002	
  3.1150080e+002	  3.1152110e+002	  2.0300605e-002	
  3.1150070e+002	  3.1148613e+002	 -1.4566799e-002	
  3.1150090e+002	  3.1146568e+002	 -3.5215425e-002	
  3.1150090e+002	  3.1154151e+002	  4.0607121e-002	
  3.1150110e+002	  3.1145056e+002	 -5.0543470e-002	
  3.1150140e+002	  3.1144942e+002	 -5.1978296e-002	
  3.1150160e+002	  3.1141217e+002	 -8.9426776e-002	
  3.1150170e+002	  3.1142651e+002	 -7.5191080e-002	
  3.1150180e+002	  3.1151846e+002	  1.6659518e-002	
  3.1150210e+002	  3.1156222e+002	  6.0119823e-002	
  3.1150220e+002	  3.1151746e+002	  1.5264751e-002	
  3.1150210e+002	  3.1152152e+002	  1.9424398e-002	
  3.1150230e+002	  3.1151894e+002	  1.6643612e-002	
  3.1150240e+002	  3.1149637e+002	 -6.0273059e-003	
  3.1150270e+002	  3.1151278e+002	  1.0084104e-002	
  3.1150280e+002	  3.1149286e+002	 -9.9442469e-003	
  3.1150300e+002	  3.1138102e+002	 -1.2198225e-001	
  3.1150330e+002	  3.1138652e+002	 -1.1677791e-001	
  3.1150330e+002	  3.1146764e+002	 -3.5659685e-002	
  3.1150340e+002	  3.1139065e+002	 -1.1274897e-001	
  3.1150360e+002	  3.1150943e+002	  5.8291629e-003	
  3.1150370e+002	  3.1149809e+002	 -5.6133494e-003	
  3.1150380e+002	  3.1151111e+002	  7.3075701e-003	
  3.1150390e+002	  3.1146498e+002	 -3.8922579e-002	
  3.1150400e+002	  3.1146169e+002	 -4.2313490e-002	
  3.1150420e+002	  3.1161434e+002	  1.1014426e-001	
  3.1150440e+002	  3.1174510e+002	  2.4069504e-001	
  3.1150460e+002	  3.1149526e+002	 -9.3433273e-003	
  3.1150470e+002	  3.1163314e+002	  1.2843974e-001	
  3.1150490e+002	  3.1153574e+002	  3.0839863e-002	
  3.1150510e+002	  3.1147754e+002	 -2.7563046e-002	
  3.1150510e+002	  3.1145005e+002	 -5.5050904e-002	
  3.1150530e+002	  3.1147753e+002	 -2.7766442e-002	
  3.1150530e+002	  3.1145236e+002	 -5.2944368e-002	
  3.1150540e+002	  3.1156246e+002	  5.7063559e-002	
  3.1150560e+002	  3.1157320e+002	  6.7597861e-002	
  3.1150560e+002	  3.1152101e+002	  1.5410469e-002	
  3.1150590e+002	  3.1156069e+002	  5.4793598e-002	
  3.1150620e+002	  3.1156007e+002	  5.3874660e-002	
  3.1150610e+002	  3.1152524e+002	  1.9139688e-002	
  3.1150640e+002	  3.1148068e+002	 -2.5716095e-002	
  3.1150630e+002	  3.1148871e+002	 -1.7593069e-002	
  3.1150650e+002	  3.1155962e+002	  5.3116745e-002	
  3.1150650e+002	  3.1153843e+002	  3.1933676e-002	
  3.1150690e+002	  3.1151861e+002	  1.1705023e-002	
  3.1150680e+002	  3.1153515e+002	  2.8354128e-002	
  3.1150690e+002	  3.1146584e+002	 -4.1062514e-002	
  3.1150700e+002	  3.1134653e+002	 -1.6047245e-001	
  3.1150720e+002	  3.1148735e+002	 -1.9845106e-002	
  3.1150720e+002	  3.1153213e+002	  2.4925738e-002	
  3.1150760e+002	  3.1151028e+002	  2.6754622e-003	
  3.1150760e+002	  3.1153750e+002	  2.9903114e-002	
  3.1150780e+002	  3.1156311e+002	  5.5305719e-002	
  3.1150790e+002	  3.1149125e+002	 -1.6651103e-002	
  3.1150800e+002	  3.1147322e+002	 -3.4783139e-002	
  3.1150810e+002	  3.1146296e+002	 -4.5142932e-002	
  3.1150820e+002	  3.1151911e+002	  1.0907478e-002	
  3.1150830e+002	  3.1151102e+002	  2.7189829e-003	
  3.1150840e+002	  3.1155462e+002	  4.6216913e-002	
  3.1150860e+002	  3.1157775e+002	  6.9152699e-002	
  3.1150880e+002	  3.1148721e+002	 -2.1592046e-002	
  3.1150880e+002	  3.1147943e+002	 -2.9366575e-002	
  3.1150910e+002	  3.1153261e+002	  2.3512713e-002	
  3.1150910e+002	  3.1151715e+002	  8.0463037e-003	
  3.1150930e+002	  3.1157157e+002	  6.2272782e-002	
  3.1150930e+002	  3.1156687e+002	  5.7573073e-002	
  3.1150930e+002	  3.1146203e+002	 -4.7271317e-002	
  3.1150950e+002	  3.1152346e+002	  1.3958082e-002	
  3.1150960e+002	  3.1147891e+002	 -3.0690934e-002	
  3.1150960e+002	  3.1152602e+002	  1.6420673e-002	
  3.1150990e+002	  3.1155110e+002	  4.1199582e-002	
  3.1151000e+002	  3.1150010e+002	 -9.8977772e-003	
  3.1151010e+002	  3.1152496e+002	  1.4856622e-002	
  3.1151020e+002	  3.1150143e+002	 -8.7741901e-003	
  3.1151030e+002	  3.1151201e+002	  1.7070184e-003	
  3.1151040e+002	  3.1152068e+002	  1.0280785e-002	
  3.1151040e+002	  3.1153424e+002	  2.3835424e-002	
  3.1151050e+002	  3.1149684e+002	 -1.3661406e-002	
  3.1151050e+002	  3.1143972e+002	 -7.0781563e-002	
  3.1151070e+002	  3.1153300e+002	  2.2303064e-002	
  3.1151100e+002	  3.1151772e+002	  6.7166619e-003	
  3.1151100e+002	  3.1150246e+002	 -8.5376198e-003	
  3.1151110e+002	  3.1153682e+002	  2.5724348e-002	
  3.1151140e+002	  3.1152566e+002	  1.4255101e-002	
  3.1151140e+002	  3.1151191e+002	  5.1407539e-004	
  3.1151150e+002	  3.1155103e+002	  3.9528097e-002	
  3.1151120e+002	  3.1147486e+002	 -3.6339555e-002	
  3.1151150e+002	  3.1153104e+002	  1.9535357e-002	
  3.1151160e+002	  3.1150575e+002	 -5.8492512e-003	
  3.2037180e+002	  3.2038270e+002	  1.0904274e-002	
  3.2037090e+002	  3.2038166e+002	  1.0762278e-002	
  3.2037050e+002	  3.2038905e+002	  1.8546612e-002	
  3.2037020e+002	  3.2036555e+002	 -4.6534664e-003	
  3.2036990e+002	  3.2037488e+002	  4.9809908e-003	
  3.2036960e+002	  3.2037857e+002	  8.9673627e-003	
  3.2036960e+002	  3.2037448e+002	  4.8764855e-003	
  3.2036940e+002	  3.2039175e+002	  2.2347487e-002	
  3.2036930e+002	  3.2037811e+002	  8.8116333e-003	
  3.2036920e+002	  3.2035696e+002	 -1.2240132e-002	
  3.2036930e+002	  3.2038145e+002	  1.2151809e-002	
  3.2036940e+002	  3.2038710e+002	  1.7702260e-002	
  3.2036910e+002	  3.2035918e+002	 -9.9168184e-003	
  3.2036920e+002	  3.2036618e+002	 -3.0159014e-003	
  3.2036940e+002	  3.2037076e+002	  1.3576775e-003	
  3.2036910e+002	  3.2038783e+002	  1.8728010e-002	
  3.2036920e+002	  3.2037281e+002	  3.6092377e-003	
  3.2036940e+002	  3.2037619e+002	  6.7892701e-003	
  3.2036940e+002	  3.2038198e+002	  1.2581688e-002	
  3.2036950e+002	  3.2038462e+002	  1.5122930e-002	
  3.2036950e+002	  3.2036839e+002	 -1.1073918e-003	
  3.2036950e+002	  3.2037138e+002	  1.8815624e-003	
  3.2036960e+002	  3.2036983e+002	  2.2724621e-004	
  3.2036950e+002	  3.2035962e+002	 -9.8805045e-003	
  3.2036970e+002	  3.2036895e+002	 -7.4543309e-004	
  3.2036980e+002	  3.2037299e+002	  3.1857357e-003	
  3.2036980e+002	  3.2037922e+002	  9.4178302e-003	
  3.2036990e+002	  3.2038469e+002	  1.4785928e-002	
  3.2037010e+002	  3.2038542e+002	  1.5321558e-002	
  3.2037010e+002	  3.2036651e+002	 -3.5883847e-003	
  3.2037020e+002	  3.2037436e+002	  4.1640192e-003	
  3.2037020e+002	  3.2038100e+002	  1.0800969e-002	
  3.2037030e+002	  3.2035369e+002	 -1.6605759e-002	
  3.2037030e+002	  3.2036995e+002	 -3.5308754e-004	
  3.2037040e+002	  3.2036797e+002	 -2.4333960e-003	
  3.2037040e+002	  3.2036061e+002	 -9.7943419e-003	
  3.2037050e+002	  3.2040072e+002	  3.0220792e-002	
  3.2037050e+002	  3.2038433e+002	  1.3826641e-002	
  3.2037060e+002	  3.2038030e+002	  9.7049419e-003	
  3.2037070e+002	  3.2037139e+002	  6.9286981e-004	
  3.2037090e+002	  3.2037371e+002	  2.8079844e-003	
  3.2037090e+002	  3.2038334e+002	  1.2437868e-002	
  3.2037100e+002	  3.2036030e+002	 -1.0698563e-002	
  3.2037110e+002	  3.2039147e+002	  2.0368017e-002	
  3.2037110e+002	  3.2037068e+002	 -4.1873811e-004	
  3.2037120e+002	  3.2038171e+002	  1.0507151e-002	
  3.2037120e+002	  3.2038967e+002	  1.8472328e-002	
  3.2037130e+002	  3.2038393e+002	  1.2630290e-002	
  3.2037150e+002	  3.2038514e+002	  1.3641225e-002	
  3.2037160e+002	  3.2036557e+002	 -6.0314696e-003	
  3.2037170e+002	  3.2036650e+002	 -5.1980084e-003	
  3.2037180e+002	  3.2037861e+002	  6.8099656e-003	
  3.2037190e+002	  3.2035807e+002	 -1.3834876e-002	
  3.2037190e+002	  3.2038068e+002	  8.7800790e-003	
  3.2037190e+002	  3.2037939e+002	  7.4868927e-003	
  3.2037190e+002	  3.2038203e+002	  1.0133304e-002	
  3.2037220e+002	  3.2039372e+002	  2.1524885e-002	
  3.2037230e+002	  3.2036435e+002	 -7.9546161e-003	
  3.2037230e+002	  3.2038811e+002	  1.5812050e-002	
  3.2037230e+002	  3.2038823e+002	  1.5933916e-002	
  3.2037250e+002	  3.2036705e+002	 -5.4454237e-003	
  3.2037260e+002	  3.2040094e+002	  2.8337489e-002	
  3.2037250e+002	  3.2041677e+002	  4.4265964e-002	
  3.2037280e+002	  3.2037667e+002	  3.8724390e-003	
  3.2037270e+002	  3.2037993e+002	  7.2287910e-003	
  3.2037270e+002	  3.2040028e+002	  2.7583857e-002	
  3.2037290e+002	  3.2039063e+002	  1.7727419e-002	
  3.2037290e+002	  3.2038525e+002	  1.2345235e-002	
  3.2037310e+002	  3.2038092e+002	  7.8155713e-003	
  3.2037310e+002	  3.2038227e+002	  9.1662769e-003	
  3.2037330e+002	  3.2039317e+002	  1.9867160e-002	
  3.2037330e+002	  3.2035918e+002	 -1.4121550e-002	
  3.2037350e+002	  3.2039209e+002	  1.8588895e-002	
  3.2037350e+002	  3.2038066e+002	  7.1575433e-003	
  3.2037350e+002	  3.2037229e+002	 -1.2065224e-003	
  3.2037370e+002	  3.2036064e+002	 -1.3056451e-002	
  3.2037360e+002	  3.2034264e+002	 -3.0963254e-002	
  3.2037380e+002	  3.2037754e+002	  3.7382979e-003	
  3.2037380e+002	  3.2039332e+002	  1.9524666e-002	
  3.2037390e+002	  3.2036793e+002	 -5.9744153e-003	
  3.2037410e+002	  3.2038440e+002	  1.0301143e-002	
  3.2037430e+002	  3.2036425e+002	 -1.0049010e-002	
  3.2037420e+002	  3.2036024e+002	 -1.3959187e-002	
  3.2037430e+002	  3.2035972e+002	 -1.4582700e-002	
  3.2037440e+002	  3.2037630e+002	  1.9003631e-003	
  3.2037460e+002	  3.2035901e+002	 -1.5588962e-002	
  3.2037460e+002	  3.2039227e+002	  1.7673588e-002	
  3.2037460e+002	  3.2038375e+002	  9.1539671e-003	
  3.2037480e+002	  3.2036457e+002	 -1.0234415e-002	
  3.2037490e+002	  3.2039503e+002	  2.0130494e-002	
  3.2037490e+002	  3.2037435e+002	 -5.4658517e-004	
  3.2037510e+002	  3.2039844e+002	  2.3344006e-002	
  3.2037520e+002	  3.2037119e+002	 -4.0141154e-003	
  3.2037530e+002	  3.2037859e+002	  3.2905647e-003	
  3.2037530e+002	  3.2040088e+002	  2.5582279e-002	
  3.2037530e+002	  3.2039098e+002	  1.5683961e-002	
  3.2037560e+002	  3.2037129e+002	 -4.3068966e-003	
  3.2037540e+002	  3.2037760e+002	  2.2033720e-003	
  3.2037570e+002	  3.2037711e+002	  1.4056135e-003	
  3.2037580e+002	  3.2036483e+002	 -1.0968251e-002	
  3.2037590e+002	  3.2037605e+002	  1.5343724e-004	
  3.2037600e+002	  3.2037941e+002	  3.4050740e-003	
  3.2037610e+002	  3.2038531e+002	  9.2051110e-003	
  3.2037630e+002	  3.2038059e+002	  4.2876817e-003	
  3.2037640e+002	  3.2037487e+002	 -1.5321824e-003	
  3.2037650e+002	  3.2035954e+002	 -1.6956938e-002	
  3.2037660e+002	  3.2036537e+002	 -1.1234877e-002	
  3.2037680e+002	  3.2037578e+002	 -1.0179996e-003	
  3.2037690e+002	  3.2039320e+002	  1.6303045e-002	
  3.2037690e+002	  3.2038084e+002	  3.9404648e-003	
  3.2037700e+002	  3.2039351e+002	  1.6509990e-002	
  3.2037710e+002	  3.2037451e+002	 -2.5929328e-003	
  3.2037730e+002	  3.2035140e+002	 -2.5902823e-002	
  3.2037740e+002	  3.2034105e+002	 -3.6352585e-002	
  3.2037750e+002	  3.2037618e+002	 -1.3204152e-003	
  3.2037750e+002	  3.2036652e+002	 -1.0984112e-002	
  3.2037770e+002	  3.2036580e+002	 -1.1903699e-002	
  3.2037800e+002	  3.2039403e+002	  1.6028163e-002	
  3.2037800e+002	  3.2042400e+002	  4.5997508e-002	
  3.2037790e+002	  3.2039593e+002	  1.8033316e-002	
  3.2037820e+002	  3.2039016e+002	  1.1963634e-002	
  3.2037830e+002	  3.2038307e+002	  4.7664672e-003	
  3.2037840e+002	  3.2037239e+002	 -6.0116927e-003	
  3.2037840e+002	  3.2035579e+002	 -2.2612601e-002	
  3.2037870e+002	  3.2039073e+002	  1.2028610e-002	
  3.2037880e+002	  3.2037244e+002	 -6.3639782e-003	
  3.2037890e+002	  3.2033790e+002	 -4.0996128e-002	
  3.2037900e+002	  3.2040751e+002	  2.8512715e-002	
  3.2037930e+002	  3.2033854e+002	 -4.0763726e-002	
  3.2037920e+002	  3.2036348e+002	 -1.5716575e-002	
  3.2037930e+002	  3.2037206e+002	 -7.2391262e-003	
  3.2037930e+002	  3.2036638e+002	 -1.2918694e-002	
  3.2037950e+002	  3.2038219e+002	  2.6885476e-003	
  3.2037950e+002	  3.2037688e+002	 -2.6162843e-003	
  3.2037960e+002	  3.2036116e+002	 -1.8444512e-002	
  3.2037990e+002	  3.2038431e+002	  4.4127653e-003	
  3.2037970e+002	  3.2039186e+002	  1.2155079e-002	
  3.2038010e+002	  3.2039100e+002	  1.0903171e-002	
  3.2038000e+002	  3.2038173e+002	  1.7268224e-003	
  3.2038010e+002	  3.2037086e+002	 -9.2439046e-003	
  3.2038020e+002	  3.2035483e+002	 -2.5374385e-002	
  3.2038040e+002	  3.2037863e+002	 -1.7728653e-003	
  3.2038050e+002	  3.2036789e+002	 -1.2610810e-002	
  3.2038050e+002	  3.2036284e+002	 -1.7660394e-002	
  3.2038060e+002	  3.2039023e+002	  9.6289240e-003	
  3.2038080e+002	  3.2037725e+002	 -3.5459743e-003	
  3.2038090e+002	  3.2038493e+002	  4.0251153e-003	
  3.2038100e+002	  3.2041018e+002	  2.9175993e-002	
  3.2038110e+002	  3.2036931e+002	 -1.1790285e-002	
  3.2038130e+002	  3.2036657e+002	 -1.4730494e-002	
  3.2038140e+002	  3.2040243e+002	  2.1028550e-002	
  3.2038140e+002	  3.2037945e+002	 -1.9473020e-003	
  3.2038140e+002	  3.2038333e+002	  1.9324684e-003	
  3.2038160e+002	  3.2037150e+002	 -1.0100967e-002	
  3.2038170e+002	  3.2037835e+002	 -3.3494648e-003	
  3.2038170e+002	  3.2038015e+002	 -1.5486497e-003	
  3.2038200e+002	  3.2038475e+002	  2.7537917e-003	
  3.2038220e+002	  3.2039102e+002	  8.8219134e-003	
  3.2038210e+002	  3.2034543e+002	 -3.6667415e-002	
  3.2038220e+002	  3.2036828e+002	 -1.3915715e-002	
  3.2038230e+002	  3.2039233e+002	  1.0028313e-002	
  3.2038230e+002	  3.2037691e+002	 -5.3905057e-003	
  3.2038240e+002	  3.2038084e+002	 -1.5622179e-003	
  3.2038250e+002	  3.2039244e+002	  9.9415416e-003	
  3.2038260e+002	  3.2035455e+002	 -2.8052980e-002	
  3.2038270e+002	  3.2037916e+002	 -3.5422083e-003	
  3.2038300e+002	  3.2038107e+002	 -1.9279799e-003	
  3.2038310e+002	  3.2033203e+002	 -5.1066771e-002	
  3.2038330e+002	  3.2043871e+002	  5.5406323e-002	
  3.2038330e+002	  3.2038345e+002	  1.4823720e-004	
  3.2038330e+002	  3.2036645e+002	 -1.6850134e-002	
  3.2038360e+002	  3.2039898e+002	  1.5375526e-002	
  3.2038350e+002	  3.2037588e+002	 -7.6171488e-003	
  3.2038370e+002	  3.2038432e+002	  6.1650056e-004	
  3.2038380e+002	  3.2037844e+002	 -5.3649975e-003	
  3.2038390e+002	  3.2037814e+002	 -5.7571462e-003	
  3.2038410e+002	  3.2037571e+002	 -8.3917321e-003	
  3.2038440e+002	  3.2038912e+002	  4.7215053e-003	
  3.2038430e+002	  3.2039196e+002	  7.6611501e-003	
  3.2038460e+002	  3.2036576e+002	 -1.8840641e-002	
  3.2038460e+002	  3.2037505e+002	 -9.5529739e-003	
  3.2038480e+002	  3.2037020e+002	 -1.4596701e-002	
  3.2038490e+002	  3.2037504e+002	 -9.8557497e-003	
  3.2038490e+002	  3.2038435e+002	 -5.5479106e-004	
  3.2038510e+002	  3.2037817e+002	 -6.9331794e-003	
  3.2038520e+002	  3.2037548e+002	 -9.7242679e-003	
  3.2038520e+002	  3.2036762e+002	 -1.7575852e-002	
  3.2038550e+002	  3.2041822e+002	  3.2717836e-002	
  3.2038560e+002	  3.2033319e+002	 -5.2407066e-002	
  3.2038570e+002	  3.2035317e+002	 -3.2532304e-002	
  3.2038580e+002	  3.2042796e+002	  4.2156991e-002	
  3.2038600e+002	  3.2038629e+002	  2.9355238e-004	
  3.2038610e+002	  3.2037535e+002	 -1.0751219e-002	
  3.2038620e+002	  3.2038136e+002	 -4.8408597e-003	
  3.2038610e+002	  3.2038634e+002	  2.4285408e-004	
  3.2038630e+002	  3.2038715e+002	  8.5135716e-004	
  3.2038660e+002	  3.2039862e+002	  1.2023171e-002	
  3.2038670e+002	  3.2040946e+002	  2.2758285e-002	
  3.2038660e+002	  3.2042511e+002	  3.8512813e-002	
  3.2038690e+002	  3.2041254e+002	  2.5637337e-002	
  3.2038690e+002	  3.2039062e+002	  3.7198789e-003	
  3.2038700e+002	  3.2039010e+002	  3.1028113e-003	
  3.2038720e+002	  3.2037841e+002	 -8.7862894e-003	
  3.2038720e+002	  3.2037779e+002	 -9.4106803e-003	
  3.2038750e+002	  3.2035954e+002	 -2.7962586e-002	
  3.2038750e+002	  3.2038917e+002	  1.6707325e-003	
  3.2038750e+002	  3.2039910e+002	  1.1599098e-002	
  3.2038770e+002	  3.2039102e+002	  3.3219255e-003	
  3.2038770e+002	  3.2039200e+002	  4.2996174e-003	
  3.2038780e+002	  3.2037186e+002	 -1.5940939e-002	
  3.2038800e+002	  3.2036450e+002	 -2.3498526e-002	
  3.2038830e+002	  3.2039682e+002	  8.5193897e-003	
  3.2847840e+002	  3.2853063e+002	  5.2229169e-002	
  3.2847950e+002	  3.2853117e+002	  5.1667657e-002	
  3.2848090e+002	  3.2852909e+002	  4.8190373e-002	
  3.2848200e+002	  3.2853018e+002	  4.8184620e-002	
  3.2848280e+002	  3.2853087e+002	  4.8069959e-002	
  3.2848390e+002	  3.2853250e+002	  4.8599109e-002	
  3.2848520e+002	  3.2852915e+002	  4.3947586e-002	
  3.2848600e+002	  3.2853049e+002	  4.4487023e-002	
  3.2848660e+002	  3.2853091e+002	  4.4307141e-002	
  3.2848740e+002	  3.2852968e+002	  4.2279377e-002	
  3.2848710e+002	  3.2850697e+002	  1.9868799e-002	
  3.2848850e+002	  3.2853228e+002	  4.3778543e-002	
  3.2848980e+002	  3.2852241e+002	  3.2606033e-002	
  3.2849060e+002	  3.2851389e+002	  2.3292896e-002	
  3.2849120e+002	  3.2852485e+002	  3.3649797e-002	
  3.2849090e+002	  3.2853193e+002	  4.1034212e-002	
  3.2849280e+002	  3.2852640e+002	  3.3603174e-002	
  3.2849200e+002	  3.2852985e+002	  3.7847290e-002	
  3.2849280e+002	  3.2852915e+002	  3.6350603e-002	
  3.2849390e+002	  3.2853249e+002	  3.8593937e-002	
  3.2849330e+002	  3.2853137e+002	  3.8066821e-002	
  3.2849330e+002	  3.2853214e+002	  3.8841708e-002	
  3.2849500e+002	  3.2853129e+002	  3.6285596e-002	
  3.2849500e+002	  3.2853189e+002	  3.6892056e-002	
  3.2849660e+002	  3.2853228e+002	  3.5680715e-002	
  3.2849630e+002	  3.2853306e+002	  3.6758110e-002	
  3.2849710e+002	  3.2852985e+002	  3.2749489e-002	
  3.2849630e+002	  3.2853562e+002	  3.9316302e-002	
  3.2849710e+002	  3.2852887e+002	  3.1774304e-002	
  3.2849770e+002	  3.2853128e+002	  3.3584393e-002	
  3.2849850e+002	  3.2852854e+002	  3.0035412e-002	
  3.2849960e+002	  3.2853321e+002	  3.3608479e-002	
  3.2849850e+002	  3.2853206e+002	  3.3564284e-002	
  3.2849980e+002	  3.2853232e+002	  3.2517540e-002	
  3.2849930e+002	  3.2853175e+002	  3.2453738e-002	
  3.2850040e+002	  3.2853179e+002	  3.1387075e-002	
  3.2850090e+002	  3.2853274e+002	  3.1838835e-002	
  3.2850230e+002	  3.2853259e+002	  3.0288352e-002	
  3.2850200e+002	  3.2852756e+002	  2.5560410e-002	
  3.2850200e+002	  3.2853227e+002	  3.0271694e-002	
  3.2850280e+002	  3.2852966e+002	  2.6856113e-002	
  3.2850470e+002	  3.2850586e+002	  1.1631675e-003	
  3.2850450e+002	  3.2852199e+002	  1.7494734e-002	
  3.2850390e+002	  3.2853033e+002	  2.6426307e-002	
  3.2850500e+002	  3.2853042e+002	  2.5422748e-002	
  3.2850640e+002	  3.2853222e+002	  2.5815972e-002	
  3.2850530e+002	  3.2853097e+002	  2.5670271e-002	
  3.2850640e+002	  3.2853263e+002	  2.6227903e-002	
  3.2850740e+002	  3.2853316e+002	  2.5758600e-002	
  3.2850610e+002	  3.2853281e+002	  2.6709041e-002	
  3.2850820e+002	  3.2852923e+002	  2.1034635e-002	
  3.2850820e+002	  3.2853142e+002	  2.3217376e-002	
  3.2850910e+002	  3.2853311e+002	  2.4012900e-002	
  3.2850850e+002	  3.2853239e+002	  2.3894258e-002	
  3.2850910e+002	  3.2853196e+002	  2.2863701e-002	
  3.2850960e+002	  3.2853103e+002	  2.1425275e-002	
  3.2851040e+002	  3.2853151e+002	  2.1113505e-002	
  3.2851150e+002	  3.2853299e+002	  2.1492892e-002	
  3.2851100e+002	  3.2851459e+002	  3.5884441e-003	
  3.2851120e+002	  3.2853050e+002	  1.9300057e-002	
  3.2851260e+002	  3.2851961e+002	  7.0069595e-003	
  3.2851230e+002	  3.2852719e+002	  1.4887785e-002	
  3.2851420e+002	  3.2853370e+002	  1.9500286e-002	
  3.2851310e+002	  3.2853312e+002	  2.0022658e-002	
  3.2851420e+002	  3.2853092e+002	  1.6719922e-002	
  3.2851480e+002	  3.2853015e+002	  1.5345177e-002	
  3.2851500e+002	  3.2853298e+002	  1.7975557e-002	
  3.2851580e+002	  3.2853221e+002	  1.6410771e-002	
  3.2851480e+002	  3.2853320e+002	  1.8403470e-002	
  3.2851610e+002	  3.2853221e+002	  1.6107451e-002	
  3.2851770e+002	  3.2853004e+002	  1.2335796e-002	
  3.2851800e+002	  3.2853323e+002	  1.5230364e-002	
  3.2851800e+002	  3.2853190e+002	  1.3899729e-002	
  3.2851860e+002	  3.2853076e+002	  1.2157345e-002	
  3.2851990e+002	  3.2852825e+002	  8.3502223e-003	
  3.2851880e+002	  3.2853143e+002	  1.2634829e-002	
  3.2851910e+002	  3.2853244e+002	  1.3335887e-002	
  3.2852020e+002	  3.2853173e+002	  1.1534641e-002	
  3.2852040e+002	  3.2853133e+002	  1.0934903e-002	
  3.2851990e+002	  3.2853181e+002	  1.1906976e-002	
  3.2852130e+002	  3.2853248e+002	  1.1182808e-002	
  3.2852150e+002	  3.2853119e+002	  9.6897548e-003	
  3.2852130e+002	  3.2853299e+002	  1.1686006e-002	
  3.2852210e+002	  3.2853009e+002	  7.9883913e-003	
  3.2852320e+002	  3.2853468e+002	  1.1483328e-002	
  3.2852320e+002	  3.2853138e+002	  8.1797921e-003	
  3.2852260e+002	  3.2853102e+002	  8.4151311e-003	
  3.2852400e+002	  3.2853085e+002	  6.8523977e-003	
  3.2852420e+002	  3.2852992e+002	  5.7209926e-003	
  3.2852420e+002	  3.2853100e+002	  6.7974544e-003	
  3.2852400e+002	  3.2852490e+002	  8.9631747e-004	
  3.2852450e+002	  3.2853130e+002	  6.7955282e-003	
  3.2852560e+002	  3.2853213e+002	  6.5333761e-003	
  3.2852560e+002	  3.2853136e+002	  5.7640583e-003	
  3.2852640e+002	  3.2853519e+002	  8.7943334e-003	
  3.2852780e+002	  3.2852696e+002	 -8.3661568e-004	
  3.2852780e+002	  3.2853335e+002	  5.5484219e-003	
  3.2852780e+002	  3.2853011e+002	  2.3094224e-003	
  3.2852890e+002	  3.2853157e+002	  2.6692975e-003	
  3.2852890e+002	  3.2853262e+002	  3.7162408e-003	
  3.2852970e+002	  3.2853251e+002	  2.8051714e-003	
  3.2853050e+002	  3.2852222e+002	 -8.2825996e-003	
  3.2853020e+002	  3.2852950e+002	 -6.9511987e-004	
  3.2853050e+002	  3.2853211e+002	  1.6053352e-003	
  3.2853100e+002	  3.2852970e+002	 -1.3046539e-003	
  3.2852990e+002	  3.2853341e+002	  3.5080923e-003	
  3.2853210e+002	  3.2853188e+002	 -2.1993392e-004	
  3.2853100e+002	  3.2852400e+002	 -7.0022373e-003	
  3.2853180e+002	  3.2852772e+002	 -4.0779092e-003	
  3.2853270e+002	  3.2852542e+002	 -7.2828418e-003	
  3.2853210e+002	  3.2853116e+002	 -9.4046040e-004	
  3.2853290e+002	  3.2853306e+002	  1.6312134e-004	
  3.2853350e+002	  3.2851778e+002	 -1.5722505e-002	
  3.2853450e+002	  3.2852890e+002	 -5.5985334e-003	
  3.2853430e+002	  3.2853321e+002	 -1.0936881e-003	
  3.2853400e+002	  3.2853281e+002	 -1.1892799e-003	
  3.2853620e+002	  3.2853048e+002	 -5.7202461e-003	
  3.2853480e+002	  3.2851323e+002	 -2.1566815e-002	
  3.2853590e+002	  3.2853255e+002	 -3.3518905e-003	
  3.2853510e+002	  3.2853280e+002	 -2.3042835e-003	
  3.2853670e+002	  3.2853303e+002	 -3.6674952e-003	
  3.2853650e+002	  3.2853236e+002	 -4.1415043e-003	
  3.2853700e+002	  3.2853188e+002	 -5.1236276e-003	
  3.2853700e+002	  3.2853114e+002	 -5.8573311e-003	
  3.2853910e+002	  3.2853104e+002	 -8.0624190e-003	
  3.2853860e+002	  3.2853270e+002	 -5.8969874e-003	
  3.2853810e+002	  3.2853118e+002	 -6.9224038e-003	
  3.2853780e+002	  3.2853278e+002	 -5.0242930e-003	
  3.2853810e+002	  3.2853371e+002	 -4.3914652e-003	
  3.2854000e+002	  3.2853247e+002	 -7.5339694e-003	
  3.2853890e+002	  3.2852029e+002	 -1.8611661e-002	
  3.2854110e+002	  3.2853207e+002	 -9.0318515e-003	
  3.2854080e+002	  3.2853491e+002	 -5.8874566e-003	
  3.2854290e+002	  3.2853502e+002	 -7.8793758e-003	
  3.2854160e+002	  3.2853269e+002	 -8.9130241e-003	
  3.2854160e+002	  3.2853427e+002	 -7.3277135e-003	
  3.2854290e+002	  3.2853311e+002	 -9.7870641e-003	
  3.2854320e+002	  3.2853323e+002	 -9.9711641e-003	
  3.2854350e+002	  3.2853153e+002	 -1.1969102e-002	
  3.2854510e+002	  3.2853122e+002	 -1.3876500e-002	
  3.2854540e+002	  3.2853108e+002	 -1.4320183e-002	
  3.2854510e+002	  3.2853037e+002	 -1.4732670e-002	
  3.2854620e+002	  3.2853100e+002	 -1.5197441e-002	
  3.2854590e+002	  3.2853344e+002	 -1.2456317e-002	
  3.2854700e+002	  3.2852989e+002	 -1.7113847e-002	
  3.2854670e+002	  3.2851005e+002	 -3.6650723e-002	
  3.2854730e+002	  3.2852397e+002	 -2.3329861e-002	
  3.2854700e+002	  3.2853396e+002	 -1.3038951e-002	
  3.2854780e+002	  3.2853514e+002	 -1.2662732e-002	
  3.2854920e+002	  3.2853123e+002	 -1.7967190e-002	
  3.2854750e+002	  3.2853459e+002	 -1.2914066e-002	
  3.2855000e+002	  3.2852812e+002	 -2.1880636e-002	
  3.2855080e+002	  3.2853226e+002	 -1.8541434e-002	
  3.2854860e+002	  3.2853325e+002	 -1.5352297e-002	
  3.2855160e+002	  3.2853432e+002	 -1.7277716e-002	
  3.2855110e+002	  3.2853214e+002	 -1.8959981e-002	
  3.2855130e+002	  3.2853372e+002	 -1.7575585e-002	
  3.2855240e+002	  3.2853242e+002	 -1.9978533e-002	
  3.2855190e+002	  3.2853283e+002	 -1.9066128e-002	
  3.2855320e+002	  3.2853314e+002	 -2.0058191e-002	
  3.2855320e+002	  3.2853459e+002	 -1.8607935e-002	
  3.2855410e+002	  3.2853558e+002	 -1.8524242e-002	
  3.2855460e+002	  3.2852153e+002	 -3.3069182e-002	
  3.2855430e+002	  3.2852736e+002	 -2.6935488e-002	
  3.2855520e+002	  3.2852755e+002	 -2.7648930e-002	
  3.2855460e+002	  3.2853471e+002	 -1.9891265e-002	
  3.2855600e+002	  3.2853191e+002	 -2.4085944e-002	
  3.2855600e+002	  3.2853244e+002	 -2.3556572e-002	
  3.2855620e+002	  3.2853091e+002	 -2.5285879e-002	
  3.2855650e+002	  3.2853391e+002	 -2.2589245e-002	
  3.2855810e+002	  3.2853227e+002	 -2.5834272e-002	
  3.2855730e+002	  3.2853211e+002	 -2.5185458e-002	
  3.2855810e+002	  3.2853191e+002	 -2.6187750e-002	
  3.2855920e+002	  3.2853186e+002	 -2.7341629e-002	
  3.2855870e+002	  3.2853297e+002	 -2.5726305e-002	
  3.2855840e+002	  3.2851937e+002	 -3.9025735e-002	
  3.2855950e+002	  3.2853284e+002	 -2.6660246e-002	
  3.2856000e+002	  3.2853154e+002	 -2.8457398e-002	
  3.2856140e+002	  3.2853206e+002	 -2.9337467e-002	
  3.2856140e+002	  3.2853149e+002	 -2.9907293e-002	
  3.2855980e+002	  3.2853282e+002	 -2.6980953e-002	
  3.2856190e+002	  3.2853245e+002	 -2.9450326e-002	
  3.2856060e+002	  3.2853045e+002	 -3.0147572e-002	
  3.2856270e+002	  3.2853048e+002	 -3.2223737e-002	
  3.2856250e+002	  3.2853347e+002	 -2.9028050e-002	
  3.2856250e+002	  3.2853362e+002	 -2.8877032e-002	
  3.2856270e+002	  3.2853343e+002	 -2.9266839e-002	
  3.2856360e+002	  3.2853358e+002	 -3.0015859e-002	
  3.2856410e+002	  3.2852945e+002	 -3.4652762e-002	
  3.2856440e+002	  3.2853298e+002	 -3.1421138e-002	
  3.2856380e+002	  3.2853211e+002	 -3.1688255e-002	
  3.2856460e+002	  3.2853387e+002	 -3.0734282e-002	
  3.2856540e+002	  3.2853225e+002	 -3.3152344e-002	
  3.2856630e+002	  3.2853310e+002	 -3.3197398e-002	
  3.2856600e+002	  3.2853285e+002	 -3.3148114e-002	
  3.2856680e+002	  3.2853387e+002	 -3.2928635e-002	
  3.2856680e+002	  3.2853513e+002	 -3.1668165e-002	
  3.2856680e+002	  3.2853397e+002	 -3.2826182e-002	
  3.2856680e+002	  3.2853293e+002	 -3.3865605e-002	
  3.2856650e+002	  3.2853341e+002	 -3.3085854e-002	
  3.2856680e+002	  3.2853504e+002	 -3.1757855e-002	
  3.2856900e+002	  3.2853440e+002	 -3.4595621e-002	
  3.2856870e+002	  3.2853367e+002	 -3.5029300e-002	
  3.2856920e+002	  3.2853350e+002	 -3.5703562e-002	
  3.2856950e+002	  3.2853408e+002	 -3.5417177e-002	
  3.2857000e+002	  3.2853199e+002	 -3.8009299e-002	
  3.2856870e+002	  3.2853313e+002	 -3.5574688e-002	
  3.2857060e+002	  3.2852734e+002	 -4.3258337e-002	
  3.2857110e+002	  3.2853031e+002	 -4.0792147e-002	
  3.2857140e+002	  3.2853530e+002	 -3.6096601e-002	
  3.2857200e+002	  3.2853060e+002	 -4.1397738e-002	
  3.2857220e+002	  3.2853236e+002	 -3.9835864e-002	
