   1.2980173e+03	   1.3190115e+03	   1.3396878e+03	   1.3543463e+03	
   1.3017020e+03	   1.3246753e+03	   1.3432955e+03	   1.3577607e+03	
   1.2984564e+03	   1.3212741e+03	   1.3401842e+03	   1.3541890e+03	
   1.3000145e+03	   1.3261302e+03	   1.3414490e+03	   1.3580310e+03	
   1.2963724e+03	   1.3214559e+03	   1.3367125e+03	   1.3534796e+03	
   1.3024328e+03	   1.3253274e+03	   1.3449781e+03	   1.3572708e+03	
   1.2987153e+03	   1.3229976e+03	   1.3419192e+03	   1.3556259e+03	
   1.3025900e+03	   1.3256371e+03	   1.3432742e+03	   1.3579278e+03	
   1.2996492e+03	   1.3248834e+03	   1.3400433e+03	   1.3551344e+03	
   1.2995672e+03	   1.3253897e+03	   1.3442146e+03	   1.3576689e+03	
   1.2980681e+03	   1.3203910e+03	   1.3384868e+03	   1.3536189e+03	
   1.3008026e+03	   1.3225979e+03	   1.3415342e+03	   1.3562075e+03	
   1.2979387e+03	   1.3202697e+03	   1.3365634e+03	   1.3523704e+03	
   1.3036058e+03	   1.3285747e+03	   1.3440934e+03	   1.3598431e+03	
   1.2985531e+03	   1.3203271e+03	   1.3390078e+03	   1.3522131e+03	
   1.3029177e+03	   1.3266627e+03	   1.3425205e+03	   1.3591042e+03	
   1.2986645e+03	   1.3215329e+03	   1.3389538e+03	   1.3538401e+03	
   1.3032945e+03	   1.3283371e+03	   1.3444128e+03	   1.3587912e+03	
   1.2974455e+03	   1.3197684e+03	   1.3375546e+03	   1.3511089e+03	
   1.3044676e+03	   1.3283600e+03	   1.3468524e+03	   1.3609670e+03	
   1.2975553e+03	   1.3207744e+03	   1.3381166e+03	   1.3525523e+03	
   1.3008747e+03	   1.3243165e+03	   1.3423682e+03	   1.3579294e+03	
   1.2984908e+03	   1.3210906e+03	   1.3396403e+03	   1.3542578e+03	
   1.3008190e+03	   1.3256420e+03	   1.3415998e+03	   1.3581899e+03	
   1.2994214e+03	   1.3242182e+03	   1.3416587e+03	   1.3553752e+03	
   1.3005978e+03	   1.3241609e+03	   1.3408117e+03	   1.3572921e+03	
   1.2959825e+03	   1.3204025e+03	   1.3387424e+03	   1.3536992e+03	
   1.3019675e+03	   1.3242346e+03	   1.3416620e+03	   1.3566941e+03	
   1.2988677e+03	   1.3227896e+03	   1.3389227e+03	   1.3525392e+03	
   1.3035878e+03	   1.3262465e+03	   1.3423665e+03	   1.3605328e+03	
   1.2999719e+03	   1.3200846e+03	   1.3385245e+03	   1.3539023e+03	
   1.3055522e+03	   1.3274344e+03	   1.3452992e+03	   1.3590501e+03	
   1.2996934e+03	   1.3190623e+03	   1.3391422e+03	   1.3544561e+03	
   1.3033634e+03	   1.3278816e+03	   1.3452435e+03	   1.3572004e+03	
   1.2964707e+03	   1.3208989e+03	   1.3371630e+03	   1.3519756e+03	
   1.3017414e+03	   1.3251865e+03	   1.3436592e+03	   1.3578295e+03	
   1.2966722e+03	   1.3227191e+03	   1.3385540e+03	   1.3554047e+03	
   1.3016922e+03	   1.3251111e+03	   1.3457874e+03	   1.3586634e+03	
   1.2978863e+03	   1.3204893e+03	   1.3383017e+03	   1.3526293e+03	
   1.3019167e+03	   1.3257567e+03	   1.3418062e+03	   1.3553539e+03	
   1.2983368e+03	   1.3205352e+03	   1.3392815e+03	   1.3521542e+03	
   1.3043333e+03	   1.3246311e+03	   1.3459611e+03	   1.3583243e+03	
   1.3000768e+03	   1.3193457e+03	   1.3389980e+03	   1.3547199e+03	
   1.3025474e+03	   1.3248736e+03	   1.3417603e+03	   1.3590222e+03	
   1.2997278e+03	   1.3217017e+03	   1.3397599e+03	   1.3546150e+03	
   1.3051557e+03	   1.3280471e+03	   1.3446946e+03	   1.3604329e+03	
   1.2975668e+03	   1.3212085e+03	   1.3369451e+03	   1.3531880e+03	
   1.3040597e+03	   1.3288729e+03	   1.3436707e+03	   1.3609440e+03	
   1.2995345e+03	   1.3205139e+03	   1.3377627e+03	   1.3525130e+03	
   1.3012253e+03	   1.3230091e+03	   1.3413655e+03	   1.3575870e+03	
   1.2980649e+03	   1.3197963e+03	   1.3368780e+03	   1.3538433e+03	
   1.3015120e+03	   1.3266119e+03	   1.3418701e+03	   1.3573003e+03	
   1.3012187e+03	   1.3231091e+03	   1.3390980e+03	   1.3581178e+03	
   1.3033208e+03	   1.3271526e+03	   1.3427777e+03	   1.3579081e+03	
   1.2968836e+03	   1.3199142e+03	   1.3383541e+03	   1.3525441e+03	
   1.3011958e+03	   1.3264874e+03	   1.3433135e+03	   1.3571315e+03	
   1.2990741e+03	   1.3211758e+03	   1.3389603e+03	   1.3559994e+03	
   1.3039777e+03	   1.3262334e+03	   1.3425074e+03	   1.3582260e+03	
   1.2986170e+03	   1.3199273e+03	   1.3385262e+03	   1.3523655e+03	
   1.3030783e+03	   1.3241625e+03	   1.3407576e+03	   1.3574854e+03	
   1.3012466e+03	   1.3235842e+03	   1.3401826e+03	   1.3569022e+03	
   1.3050394e+03	   1.3278440e+03	   1.3446373e+03	   1.3608277e+03	
   1.2987022e+03	   1.3226978e+03	   1.3397533e+03	   1.3546494e+03	
   1.3012351e+03	   1.3245852e+03	   1.3402153e+03	   1.3568432e+03	
   1.3014088e+03	   1.3223931e+03	   1.3395714e+03	   1.3525605e+03	
   1.3037107e+03	   1.3235907e+03	   1.3434364e+03	   1.3588895e+03	
   1.2998671e+03	   1.3209808e+03	   1.3406659e+03	   1.3540645e+03	
   1.3030111e+03	   1.3266053e+03	   1.3443375e+03	   1.3599823e+03	
   1.3010221e+03	   1.3242756e+03	   1.3401907e+03	   1.3554883e+03	
   1.3058717e+03	   1.3297199e+03	   1.3440245e+03	   1.3604853e+03	
   1.3026670e+03	   1.3245066e+03	   1.3417112e+03	   1.3575592e+03	
   1.3032995e+03	   1.3249735e+03	   1.3424812e+03	   1.3596596e+03	
   1.3032126e+03	   1.3227601e+03	   1.3400646e+03	   1.3551770e+03	
   1.3049821e+03	   1.3280602e+03	   1.3453582e+03	   1.3590960e+03	
   1.2996901e+03	   1.3203074e+03	   1.3392651e+03	   1.3542791e+03	
   1.3067925e+03	   1.3284190e+03	   1.3443735e+03	   1.3603378e+03	
   1.3022788e+03	   1.3230779e+03	   1.3394158e+03	   1.3565516e+03	
   1.3069465e+03	   1.3272885e+03	   1.3463232e+03	   1.3606393e+03	
   1.3003242e+03	   1.3216542e+03	   1.3396730e+03	   1.3544839e+03	
   1.3071267e+03	   1.3275736e+03	   1.3463691e+03	   1.3618550e+03	
   1.3012138e+03	   1.3233827e+03	   1.3402137e+03	   1.3562042e+03	
   1.3085062e+03	   1.3271722e+03	   1.3449453e+03	   1.3586405e+03	
   1.3039253e+03	   1.3234711e+03	   1.3416309e+03	   1.3551639e+03	
   1.3063354e+03	   1.3250063e+03	   1.3437133e+03	   1.3600544e+03	
   1.3034846e+03	   1.3246049e+03	   1.3420421e+03	   1.3553244e+03	
   1.3045282e+03	   1.3248785e+03	   1.3442113e+03	   1.3578360e+03	
   1.3050443e+03	   1.3236923e+03	   1.3409559e+03	   1.3561010e+03	
   1.3107508e+03	   1.3287795e+03	   1.3462216e+03	   1.3603100e+03	
   1.3056997e+03	   1.3247376e+03	   1.3426434e+03	   1.3563271e+03	
   1.3089256e+03	   1.3283568e+03	   1.3437182e+03	   1.3593810e+03	
   1.3055276e+03	   1.3249621e+03	   1.3401613e+03	   1.3537286e+03	
   1.3072447e+03	   1.3278898e+03	   1.3427941e+03	   1.3578180e+03	
   1.3081490e+03	   1.3247540e+03	   1.3409346e+03	   1.3576706e+03	
   1.3098186e+03	   1.3290318e+03	   1.3452566e+03	   1.3607753e+03	
   1.3057357e+03	   1.3205761e+03	   1.3372597e+03	   1.3536795e+03	
   1.3090551e+03	   1.3283732e+03	   1.3458726e+03	   1.3597677e+03	
   1.3132641e+03	   1.3279275e+03	   1.3442916e+03	   1.3579556e+03	
   1.3123875e+03	   1.3283600e+03	   1.3446963e+03	   1.3597202e+03	
   1.3149057e+03	   1.3262236e+03	   1.3430432e+03	   1.3584668e+03	
   1.3162803e+03	   1.3303130e+03	   1.3486579e+03	   1.3613651e+03	
   1.3154939e+03	   1.3292382e+03	   1.3428040e+03	   1.3575493e+03	
   1.3114684e+03	   1.3285255e+03	   1.3438918e+03	   1.3588846e+03	
   1.3140800e+03	   1.3244279e+03	   1.3412557e+03	   1.3544118e+03	
   1.3152678e+03	   1.3286369e+03	   1.3447340e+03	   1.3594498e+03	
   1.3213232e+03	   1.3278489e+03	   1.3439836e+03	   1.3568678e+03	
   1.3200502e+03	   1.3321971e+03	   1.3456318e+03	   1.3611423e+03	
   1.3187248e+03	   1.3234957e+03	   1.3410296e+03	   1.3538171e+03	
   1.3242133e+03	   1.3314074e+03	   1.3463035e+03	   1.3616485e+03	
   1.3305145e+03	   1.3264399e+03	   1.3418684e+03	   1.3567875e+03	
   1.3328197e+03	   1.3332899e+03	   1.3489053e+03	   1.3650039e+03	
   1.3359261e+03	   1.3275228e+03	   1.3426287e+03	   1.3557488e+03	
   1.3299427e+03	   1.3309372e+03	   1.3443588e+03	   1.3587699e+03	
   1.3496425e+03	   1.3316778e+03	   1.3424206e+03	   1.3597923e+03	
   1.3478452e+03	   1.3350577e+03	   1.3478928e+03	   1.3603936e+03	
   1.3605623e+03	   1.3334161e+03	   1.3432267e+03	   1.3582768e+03	
   1.3417505e+03	   1.3324969e+03	   1.3452976e+03	   1.3598955e+03	
   1.3740347e+03	   1.3360637e+03	   1.3461528e+03	   1.3590714e+03	
   1.3777292e+03	   1.3402415e+03	   1.3505535e+03	   1.3650056e+03	
   1.3347677e+03	   1.3229452e+03	   1.3388342e+03	   1.3540874e+03	
   1.3686608e+03	   1.3337896e+03	   1.3477961e+03	   1.3599102e+03	
   1.4273851e+03	   1.3414064e+03	   1.3480042e+03	   1.3601216e+03	
   1.3922337e+03	   1.3402317e+03	   1.3506305e+03	   1.3615371e+03	
   1.4588402e+03	   1.3456039e+03	   1.3490265e+03	   1.3596727e+03	
   1.4464312e+03	   1.3466181e+03	   1.3520329e+03	   1.3624546e+03	
   1.4998029e+03	   1.3490232e+03	   1.3492067e+03	   1.3603641e+03	
   1.4873987e+03	   1.3506043e+03	   1.3524540e+03	   1.3632361e+03	
   1.5465687e+03	   1.3501013e+03	   1.3500751e+03	   1.3579278e+03	
   1.5299326e+03	   1.3579540e+03	   1.3575477e+03	   1.3673091e+03	
   1.6142303e+03	   1.3580507e+03	   1.3528669e+03	   1.3607360e+03	
   1.5656475e+03	   1.3562550e+03	   1.3551802e+03	   1.3644862e+03	
   1.6884470e+03	   1.3639472e+03	   1.3542709e+03	   1.3594187e+03	
   1.6569247e+03	   1.3704925e+03	   1.3592975e+03	   1.3676172e+03	
   1.8398443e+03	   1.3847349e+03	   1.3616911e+03	   1.3652186e+03	
   1.7458753e+03	   1.3786565e+03	   1.3638931e+03	   1.3691621e+03	
   1.9010311e+03	   1.3918192e+03	   1.3633508e+03	   1.3659313e+03	
   1.8414925e+03	   1.3889963e+03	   1.3660918e+03	   1.3705187e+03	
   2.0931519e+03	   1.4156887e+03	   1.3731680e+03	   1.3696831e+03	
   1.9675884e+03	   1.4028406e+03	   1.3709971e+03	   1.3712085e+03	
   2.0517616e+03	   1.3745770e+03	   1.3530717e+03	   1.3601265e+03	
   2.1044190e+03	   1.4214083e+03	   1.3758287e+03	   1.3741166e+03	
   2.4170586e+03	   1.4596643e+03	   1.3851117e+03	   1.3779012e+03	
   2.2174603e+03	   1.4329424e+03	   1.3816089e+03	   1.3771394e+03	
   2.5505976e+03	   1.4672844e+03	   1.3861291e+03	   1.3746343e+03	
   2.2146472e+03	   1.3843286e+03	   1.3584193e+03	   1.3634999e+03	
   2.7823048e+03	   1.5236314e+03	   1.4060977e+03	   1.3848184e+03	
   2.5896532e+03	   1.4886079e+03	   1.4008286e+03	   1.3847431e+03	
   2.8765409e+03	   1.4978450e+03	   1.3863815e+03	   1.3740789e+03	
   2.8098639e+03	   1.5243474e+03	   1.4101870e+03	   1.3887030e+03	
   3.1989780e+03	   1.6131784e+03	   1.4341434e+03	   1.3918667e+03	
   3.0026761e+03	   1.5567348e+03	   1.4175843e+03	   1.3889914e+03	
   3.3660890e+03	   1.6390303e+03	   1.4373513e+03	   1.3934052e+03	
   3.1862806e+03	   1.6049947e+03	   1.4405199e+03	   1.3991755e+03	
   3.6134885e+03	   1.7200480e+03	   1.4679545e+03	   1.4057749e+03	
   3.4513041e+03	   1.6664584e+03	   1.4559714e+03	   1.4056782e+03	
   3.8129869e+03	   1.7878243e+03	   1.4937933e+03	   1.4127298e+03	
   3.4971262e+03	   1.6344839e+03	   1.4352902e+03	   1.3925008e+03	
   4.0504775e+03	   1.8572570e+03	   1.5103655e+03	   1.4162638e+03	
   3.9097870e+03	   1.8119920e+03	   1.5108816e+03	   1.4254616e+03	
   4.2949984e+03	   1.9707079e+03	   1.5564677e+03	   1.4340205e+03	
   3.8120251e+03	   1.6578569e+03	   1.4193783e+03	   1.3814663e+03	
   4.5398847e+03	   2.0909876e+03	   1.6164896e+03	   1.4577802e+03	
   4.2475052e+03	   1.8841231e+03	   1.5159704e+03	   1.4188049e+03	
   4.7522279e+03	   2.1762470e+03	   1.6445550e+03	   1.4650857e+03	
   4.5916836e+03	   2.0741565e+03	   1.6199531e+03	   1.4648383e+03	
   5.0708149e+03	   2.3556589e+03	   1.7444123e+03	   1.5064252e+03	
   4.8842924e+03	   2.2075776e+03	   1.6760052e+03	   1.4881917e+03	
   5.2698676e+03	   2.4648598e+03	   1.7995747e+03	   1.5257695e+03	
   5.0053601e+03	   2.2364851e+03	   1.6725744e+03	   1.4746702e+03	
   5.5386201e+03	   2.6145696e+03	   1.8807890e+03	   1.5616057e+03	
   5.2272993e+03	   2.3461481e+03	   1.7132963e+03	   1.4769426e+03	
   5.6959024e+03	   2.6874626e+03	   1.9072897e+03	   1.5609405e+03	
   5.5542715e+03	   2.5418421e+03	   1.8317278e+03	   1.5313088e+03	
   6.0632654e+03	   2.9394283e+03	   2.0794665e+03	   1.6400740e+03	
   5.8849644e+03	   2.7674038e+03	   1.9771615e+03	   1.6078128e+03	
   6.3582434e+03	   3.1472299e+03	   2.2294876e+03	   1.7177346e+03	
   6.1452350e+03	   2.9391563e+03	   2.0861281e+03	   1.6541886e+03	
   6.6500593e+03	   3.3412807e+03	   2.3671848e+03	   1.7884370e+03	
   6.2943762e+03	   3.0055187e+03	   2.1149898e+03	   1.6440372e+03	
   6.8877514e+03	   3.5082917e+03	   2.4992788e+03	   1.8551582e+03	
   6.6675997e+03	   3.2652814e+03	   2.3036503e+03	   1.7499991e+03	
   7.0346547e+03	   3.5985416e+03	   2.5590336e+03	   1.8680686e+03	
   6.8983960e+03	   3.4120044e+03	   2.4089175e+03	   1.7860303e+03	
   7.4012018e+03	   3.8733397e+03	   2.7849885e+03	   2.0138725e+03	
   7.1804553e+03	   3.6168521e+03	   2.5680496e+03	   1.8856811e+03	
   7.6933388e+03	   4.0839987e+03	   2.9621378e+03	   2.1259062e+03	
   7.5280349e+03	   3.8836614e+03	   2.7912864e+03	   2.0118704e+03	
   7.9467512e+03	   4.2675819e+03	   3.1269812e+03	   2.2265025e+03	
   7.6905191e+03	   3.9722730e+03	   2.8499353e+03	   2.0170264e+03	
   8.2954989e+03	   4.5266663e+03	   3.3577021e+03	   2.3841666e+03	
   8.0255521e+03	   4.2341312e+03	   3.0720449e+03	   2.1592652e+03	
   8.5944844e+03	   4.7585111e+03	   3.5548396e+03	   2.5207628e+03	
   8.2322659e+03	   4.3759636e+03	   3.1972642e+03	   2.2231438e+03	
   8.8315326e+03	   4.9463557e+03	   3.7334896e+03	   2.6545525e+03	
   8.7678752e+03	   4.8089878e+03	   3.5785305e+03	   2.5126447e+03	
   9.2000392e+03	   5.2160060e+03	   3.9675528e+03	   2.8185113e+03	
   8.9893606e+03	   4.9861666e+03	   3.7479106e+03	   2.6263446e+03	
   9.4794166e+03	   5.4325222e+03	   4.1681014e+03	   2.9674871e+03	
   9.3736988e+03	   5.2857533e+03	   4.0105978e+03	   2.8238556e+03	
   9.8261852e+03	   5.7106953e+03	   4.4269040e+03	   3.1768190e+03	
   9.6561038e+03	   5.4943545e+03	   4.2057185e+03	   2.9539983e+03	
   1.0123934e+04	   5.9452631e+03	   4.6497820e+03	   3.3489925e+03	
   1.0065001e+04	   5.8120960e+03	   4.4997658e+03	   3.1773858e+03	
   1.0439909e+04	   6.1937604e+03	   4.8789480e+03	   3.5251981e+03	
   1.0326022e+04	   6.0245752e+03	   4.6983319e+03	   3.3283605e+03	
   1.0887511e+04	   6.5302842e+03	   5.1903900e+03	   3.7689146e+03	
   1.0646331e+04	   6.2658947e+03	   4.9157722e+03	   3.4981436e+03	
   1.1209988e+04	   6.7889804e+03	   5.4262488e+03	   3.9655671e+03	
   1.0784146e+04	   6.3324242e+03	   4.9709739e+03	   3.5064502e+03	
   1.1652233e+04	   7.1448469e+03	   5.7669751e+03	   4.2526808e+03	
   1.1388038e+04	   6.8830198e+03	   5.5029739e+03	   3.9713931e+03	
   1.2030781e+04	   7.4316330e+03	   6.0206677e+03	   4.4389231e+03	
   1.1803206e+04	   7.1885358e+03	   5.7786125e+03	   4.1809528e+03	
   1.2471233e+04	   7.7918117e+03	   6.3682571e+03	   4.7296839e+03	
   1.2249396e+04	   7.5491257e+03	   6.1180019e+03	   4.4661332e+03	
   1.2796222e+04	   8.0164968e+03	   6.5775219e+03	   4.8890585e+03	
   1.2620793e+04	   7.8396932e+03	   6.3952739e+03	   4.6836423e+03	
   1.3278168e+04	   8.4279091e+03	   6.9575315e+03	   5.2082876e+03	
   1.3092554e+04	   8.2211659e+03	   6.7523971e+03	   4.9808746e+03	
   1.3735805e+04	   8.7996286e+03	   7.3201546e+03	   5.5016780e+03	
   1.3519174e+04	   8.5502466e+03	   7.0632656e+03	   5.2207311e+03	
   1.4262631e+04	   9.2226619e+03	   7.7045731e+03	   5.8257879e+03	
   1.4046765e+04	   8.9962303e+03	   7.4829534e+03	   5.5823614e+03	
   1.4540483e+04	   9.4160737e+03	   7.8826334e+03	   5.9499964e+03	
   1.4572944e+04	   9.4073182e+03	   7.8698196e+03	   5.8999194e+03	
   1.5170315e+04	   9.9570766e+03	   8.4025913e+03	   6.3969844e+03	
   1.5009199e+04	   9.7543277e+03	   8.1883132e+03	   6.1550734e+03	
   1.5565100e+04	   1.0265592e+04	   8.6956016e+03	   6.6232718e+03	
   1.5486317e+04	   1.0117472e+04	   8.5162044e+03	   6.4061478e+03	
   1.6051476e+04	   1.0689384e+04	   9.0955191e+03	   6.9602561e+03	
   1.6286321e+04	   1.0773811e+04	   9.1335032e+03	   6.9372009e+03	
   1.6812103e+04	   1.1254778e+04	   9.6092561e+03	   7.3791755e+03	
   1.6663321e+04	   1.1080481e+04	   9.4326819e+03	   7.1765806e+03	
   1.7306625e+04	   1.1671672e+04	   1.0013956e+04	   7.7145066e+03	
   1.7275839e+04	   1.1583475e+04	   9.9029988e+03	   7.5604993e+03	
   1.7871355e+04	   1.2132309e+04	   1.0426799e+04	   8.0515711e+03	
   1.7645648e+04	   1.1890190e+04	   1.0189054e+04	   7.7859856e+03	
   1.8383362e+04	   1.2536325e+04	   1.0809467e+04	   8.3492524e+03	
   1.8460666e+04	   1.2538531e+04	   1.0789830e+04	   8.2833651e+03	
   1.9107106e+04	   1.3135411e+04	   1.1369988e+04	   8.8162056e+03	
   1.8982196e+04	   1.2946172e+04	   1.1163463e+04	   8.5641974e+03	
   1.9721436e+04	   1.3642452e+04	   1.1840200e+04	   9.2072251e+03	
   1.9702092e+04	   1.3546524e+04	   1.1718628e+04	   9.0346666e+03	
   2.0229395e+04	   1.4045342e+04	   1.2204324e+04	   9.4857898e+03	
   2.0229835e+04	   1.4001523e+04	   1.2151262e+04	   9.3850707e+03	
   2.0967338e+04	   1.4658425e+04	   1.2791626e+04	   9.9645509e+03	
   2.1181189e+04	   1.4753976e+04	   1.2845994e+04	   9.9664678e+03	
   2.1553567e+04	   1.5125419e+04	   1.3203508e+04	   1.0296946e+04	
   2.1783857e+04	   1.5242389e+04	   1.3298248e+04	   1.0314305e+04	
   2.2512252e+04	   1.5887127e+04	   1.3922703e+04	   1.0886189e+04	
   2.2455768e+04	   1.5796404e+04	   1.3827759e+04	   1.0751879e+04	
   2.2995216e+04	   1.6304390e+04	   1.4321405e+04	   1.1195790e+04	
   2.3151014e+04	   1.6391952e+04	   1.4376629e+04	   1.1205694e+04	
   2.3871832e+04	   1.7019204e+04	   1.4982130e+04	   1.1746284e+04	
   2.3916967e+04	   1.7015906e+04	   1.4959855e+04	   1.1664489e+04	
   2.4503015e+04	   1.7507991e+04	   1.5423856e+04	   1.2072579e+04	
   2.4690179e+04	   1.7647581e+04	   1.5540406e+04	   1.2130961e+04	
   2.5376197e+04	   1.8260849e+04	   1.6127893e+04	   1.2660754e+04	
   2.5387771e+04	   1.8226792e+04	   1.6077959e+04	   1.2568440e+04	
   2.6164169e+04	   1.8919635e+04	   1.6746376e+04	   1.3175007e+04	
   2.6356296e+04	   1.9012508e+04	   1.6810678e+04	   1.3162085e+04	
   2.6906254e+04	   1.9532366e+04	   1.7311278e+04	   1.3626679e+04	
   2.7264569e+04	   1.9760408e+04	   1.7496385e+04	   1.3727546e+04	
   2.7788647e+04	   2.0280885e+04	   1.8019848e+04	   1.4196184e+04	
   2.7785914e+04	   2.0210539e+04	   1.7927235e+04	   1.4050578e+04	
   2.8681462e+04	   2.0997850e+04	   1.8679295e+04	   1.4729650e+04	
   2.8776025e+04	   2.1038830e+04	   1.8690148e+04	   1.4673270e+04	
   2.9386418e+04	   2.1571940e+04	   1.9196027e+04	   1.5118313e+04	
   2.9265609e+04	   2.1441825e+04	   1.9052424e+04	   1.4949276e+04	
   3.0382026e+04	   2.2428440e+04	   2.0002781e+04	   1.5798052e+04	
   3.0486133e+04	   2.2491435e+04	   2.0045890e+04	   1.5772500e+04	
   3.0939681e+04	   2.2936139e+04	   2.0481744e+04	   1.6175270e+04	
   3.1236714e+04	   2.3126135e+04	   2.0629327e+04	   1.6240810e+04	
   3.1933487e+04	   2.3769520e+04	   2.1260625e+04	   1.6817197e+04	
   3.2102164e+04	   2.3861708e+04	   2.1312942e+04	   1.6786907e+04	
   3.2893244e+04	   2.4584300e+04	   2.2020640e+04	   1.7414009e+04	
   3.2592227e+04	   2.4282587e+04	   2.1715697e+04	   1.7086772e+04	
   3.3514242e+04	   2.5150565e+04	   2.2545180e+04	   1.7854701e+04	
   3.4001572e+04	   2.5484558e+04	   2.2846612e+04	   1.8033082e+04	
   3.4405547e+04	   2.5903204e+04	   2.3248579e+04	   1.8419206e+04	
   3.4434016e+04	   2.5874440e+04	   2.3200376e+04	   1.8334147e+04	
   3.5395216e+04	   2.6745685e+04	   2.4025083e+04	   1.9031511e+04	
   3.5526515e+04	   2.6860781e+04	   2.4121313e+04	   1.9067651e+04	
   3.6445072e+04	   2.7670337e+04	   2.4894071e+04	   1.9755750e+04	
   3.5950971e+04	   2.7234344e+04	   2.4488891e+04	   1.9337301e+04	
   3.7154475e+04	   2.8310332e+04	   2.5504585e+04	   2.0245415e+04	
   3.7013727e+04	   2.8188411e+04	   2.5386396e+04	   2.0078834e+04	
   3.8077693e+04	   2.9128011e+04	   2.6268127e+04	   2.0855685e+04	
   3.7731299e+04	   2.8818125e+04	   2.5969399e+04	   2.0540666e+04	
   3.8785043e+04	   2.9771766e+04	   2.6887574e+04	   2.1361684e+04	
   3.8244833e+04	   2.9285280e+04	   2.6411532e+04	   2.0905098e+04	
   3.9407008e+04	   3.0360611e+04	   2.7445021e+04	   2.1797124e+04	
   3.9288631e+04	   3.0217104e+04	   2.7279525e+04	   2.1582556e+04	
   4.0376046e+04	   3.1232241e+04	   2.8264603e+04	   2.2472643e+04	
   4.0277102e+04	   3.1155493e+04	   2.8184457e+04	   2.2368893e+04	
   4.0758961e+04	   3.1630330e+04	   2.8644442e+04	   2.2783154e+04	
   4.0753279e+04	   3.1586060e+04	   2.8603585e+04	   2.2672908e+04	
   4.1752312e+04	   3.2542160e+04	   2.9509847e+04	   2.3504111e+04	
   4.1842420e+04	   3.2605419e+04	   2.9569656e+04	   2.3498814e+04	
   4.1945908e+04	   3.2736761e+04	   2.9707445e+04	   2.3622386e+04	
   4.2400694e+04	   3.3170594e+04	   3.0105193e+04	   2.3926835e+04	
   4.3155302e+04	   3.3865162e+04	   3.0772418e+04	   2.4512808e+04	
   4.2887983e+04	   3.3656623e+04	   3.0570118e+04	   2.4307841e+04	
   4.3536427e+04	   3.4290701e+04	   3.1195197e+04	   2.4872246e+04	
   4.3558786e+04	   3.4323630e+04	   3.1200524e+04	   2.4834724e+04	
   4.4323442e+04	   3.5016283e+04	   3.1864339e+04	   2.5414389e+04	
   4.4044003e+04	   3.4812695e+04	   3.1676159e+04	   2.5221607e+04	
   4.4881714e+04	   3.5585518e+04	   3.2424527e+04	   2.5867344e+04	
   4.4797842e+04	   3.5566164e+04	   3.2411445e+04	   2.5828189e+04	
   4.5399612e+04	   3.6141278e+04	   3.2973304e+04	   2.6339655e+04	
   4.5173428e+04	   3.5962941e+04	   3.2802161e+04	   2.6137344e+04	
   4.5631323e+04	   3.6435843e+04	   3.3278578e+04	   2.6573125e+04	
   4.5668935e+04	   3.6468504e+04	   3.3296967e+04	   2.6530950e+04	
   4.6432001e+04	   3.7238652e+04	   3.4048524e+04	   2.7246035e+04	
   4.6222343e+04	   3.7087877e+04	   3.3900441e+04	   2.7068144e+04	
   4.6843391e+04	   3.7668964e+04	   3.4472188e+04	   2.7551804e+04	
   4.6970652e+04	   3.7823127e+04	   3.4632459e+04	   2.7686168e+04	
   4.7234245e+04	   3.8137082e+04	   3.4943881e+04	   2.7989633e+04	
   4.7006298e+04	   3.7981239e+04	   3.4791850e+04	   2.7821362e+04	
   4.7774016e+04	   3.8701067e+04	   3.5487014e+04	   2.8413430e+04	
   4.7368585e+04	   3.8411351e+04	   3.5214200e+04	   2.8164851e+04	
   4.8151088e+04	   3.9160457e+04	   3.5955484e+04	   2.8828614e+04	
   4.7787080e+04	   3.8866120e+04	   3.5667574e+04	   2.8539634e+04	
   4.8191852e+04	   3.9284289e+04	   3.6063902e+04	   2.8892314e+04	
   4.8031711e+04	   3.9222599e+04	   3.6032023e+04	   2.8877893e+04	
   4.8535896e+04	   3.9727124e+04	   3.6543820e+04	   2.9355589e+04	
   4.8226151e+04	   3.9495811e+04	   3.6333164e+04	   2.9132542e+04	
   4.8819787e+04	   4.0078529e+04	   3.6883794e+04	   2.9618676e+04	
   4.8593757e+04	   3.9918569e+04	   3.6742373e+04	   2.9472015e+04	
   4.8724093e+04	   4.0154731e+04	   3.6995192e+04	   2.9749966e+04	
   4.8759452e+04	   4.0215992e+04	   3.7055149e+04	   2.9760420e+04	
   4.9211313e+04	   4.0695187e+04	   3.7541993e+04	   3.0210827e+04	
   4.8624567e+04	   4.0219919e+04	   3.7097116e+04	   2.9794056e+04	
   4.9273832e+04	   4.0881773e+04	   3.7737584e+04	   3.0391379e+04	
   4.8740621e+04	   4.0454023e+04	   3.7330930e+04	   3.0009851e+04	
   4.9514486e+04	   4.1192770e+04	   3.8044976e+04	   3.0634600e+04	
   4.8816014e+04	   4.0644438e+04	   3.7550148e+04	   3.0205139e+04	
   4.9096668e+04	   4.0965917e+04	   3.7881729e+04	   3.0527589e+04	
   4.9098832e+04	   4.1027071e+04	   3.7938510e+04	   3.0548577e+04	
   4.9196304e+04	   4.1192046e+04	   3.8128971e+04	   3.0763861e+04	
   4.8952943e+04	   4.1003411e+04	   3.7962320e+04	   3.0576839e+04	
   4.9368826e+04	   4.1468364e+04	   3.8420436e+04	   3.1011206e+04	
   4.8960671e+04	   4.1155839e+04	   3.8130821e+04	   3.0742251e+04	
   4.8645690e+04	   4.0942955e+04	   3.7936172e+04	   3.0598296e+04	
   4.8863527e+04	   4.1195470e+04	   3.8193200e+04	   3.0796964e+04	
   4.9088251e+04	   4.1495908e+04	   3.8511015e+04	   3.1132893e+04	
   4.8658579e+04	   4.1135587e+04	   3.8192253e+04	   3.0810127e+04	
   4.8533284e+04	   4.1100048e+04	   3.8169473e+04	   3.0815099e+04	
   4.8491244e+04	   4.1106265e+04	   3.8189394e+04	   3.0817003e+04	
   4.8569714e+04	   4.1279382e+04	   3.8370546e+04	   3.1058704e+04	
   4.8331240e+04	   4.1087950e+04	   3.8200781e+04	   3.0860148e+04	
   4.8260549e+04	   4.1142819e+04	   3.8276898e+04	   3.0997011e+04	
   4.8245119e+04	   4.1143365e+04	   3.8278984e+04	   3.0955675e+04	
   4.7924201e+04	   4.0959334e+04	   3.8142197e+04	   3.0890979e+04	
   4.7974700e+04	   4.1025574e+04	   3.8227100e+04	   3.0925758e+04	
   4.7671135e+04	   4.0864043e+04	   3.8086832e+04	   3.0865350e+04	
   4.7512782e+04	   4.0748542e+04	   3.7969932e+04	   3.0741020e+04	
   4.7723051e+04	   4.1012375e+04	   3.8271955e+04	   3.1029495e+04	
   4.6890201e+04	   4.0293611e+04	   3.7604017e+04	   3.0430540e+04	
   4.7362279e+04	   4.0796445e+04	   3.8089209e+04	   3.0898042e+04	
   4.6768923e+04	   4.0292632e+04	   3.7632019e+04	   3.0479329e+04	
   4.6780090e+04	   4.0419073e+04	   3.7770139e+04	   3.0654883e+04	
   4.6457447e+04	   4.0140551e+04	   3.7506642e+04	   3.0392138e+04	
   4.6408848e+04	   4.0167303e+04	   3.7566431e+04	   3.0490293e+04	
   4.6014353e+04	   3.9878808e+04	   3.7282765e+04	   3.0238468e+04	
   4.6041654e+04	   3.9975975e+04	   3.7414569e+04	   3.0406366e+04	
   4.5584245e+04	   3.9588447e+04	   3.7058653e+04	   3.0073173e+04	
   4.5708003e+04	   3.9795023e+04	   3.7268378e+04	   3.0299324e+04	
   4.5067320e+04	   3.9241545e+04	   3.6739945e+04	   2.9833934e+04	
   4.5111099e+04	   3.9370074e+04	   3.6889794e+04	   3.0020414e+04	
   4.4687784e+04	   3.9014660e+04	   3.6557065e+04	   2.9688161e+04	
   4.4577946e+04	   3.8973563e+04	   3.6546145e+04	   2.9718466e+04	
   4.4278580e+04	   3.8742564e+04	   3.6343658e+04	   2.9538581e+04	
   4.4428883e+04	   3.8936736e+04	   3.6565435e+04	   2.9769582e+04	
   4.3551317e+04	   3.8185280e+04	   3.5847247e+04	   2.9130917e+04	
   4.3672196e+04	   3.8386178e+04	   3.6059574e+04	   2.9385601e+04	
   4.3250107e+04	   3.7997521e+04	   3.5685557e+04	   2.9006453e+04	
   4.3575629e+04	   3.8375312e+04	   3.6074388e+04	   2.9419582e+04	
   4.2517430e+04	   3.7445002e+04	   3.5204308e+04	   2.8649413e+04	
   4.2966112e+04	   3.7915538e+04	   3.5660777e+04	   2.9074857e+04	
   4.1927563e+04	   3.6998859e+04	   3.4797725e+04	   2.8329570e+04	
   4.2031705e+04	   3.7161152e+04	   3.4982481e+04	   2.8519515e+04	
   4.1508422e+04	   3.6725657e+04	   3.4570686e+04	   2.8154219e+04	
   4.1603356e+04	   3.6876553e+04	   3.4732880e+04	   2.8341338e+04	
   4.1105189e+04	   3.6434067e+04	   3.4314875e+04	   2.7937512e+04	
   4.1294770e+04	   3.6662324e+04	   3.4551916e+04	   2.8206117e+04	
   4.0213962e+04	   3.5722222e+04	   3.3661266e+04	   2.7434894e+04	
   4.0722969e+04	   3.6244874e+04	   3.4175390e+04	   2.7919740e+04	
   3.9952277e+04	   3.5549911e+04	   3.3518705e+04	   2.7347334e+04	
   3.9950890e+04	   3.5618007e+04	   3.3608555e+04	   2.7476615e+04	
   3.9353912e+04	   3.5085933e+04	   3.3113205e+04	   2.7019918e+04	
   3.8885150e+04	   3.4701430e+04	   3.2759465e+04	   2.6747986e+04	
   3.8905031e+04	   3.4762644e+04	   3.2814066e+04	   2.6790374e+04	
   3.8704191e+04	   3.4618092e+04	   3.2718149e+04	   2.6761427e+04	
   3.8299100e+04	   3.4263599e+04	   3.2359502e+04	   2.6414678e+04	
   3.8437804e+04	   3.4449341e+04	   3.2571139e+04	   2.6654415e+04	
   3.7245751e+04	   3.3380156e+04	   3.1538950e+04	   2.5755342e+04	
   3.7713988e+04	   3.3866044e+04	   3.2030064e+04	   2.6225813e+04	
   3.7005449e+04	   3.3223504e+04	   3.1420831e+04	   2.5679102e+04	
   3.7008822e+04	   3.3269875e+04	   3.1480342e+04	   2.5776236e+04	
   3.6375515e+04	   3.2714438e+04	   3.0949256e+04	   2.5299128e+04	
   3.6392936e+04	   3.2774661e+04	   3.1031778e+04	   2.5411422e+04	
   3.5852100e+04	   3.2281160e+04	   3.0565688e+04	   2.4995930e+04	
   3.5918883e+04	   3.2385919e+04	   3.0680644e+04	   2.5121646e+04	
   3.5208572e+04	   3.1749984e+04	   3.0087733e+04	   2.4614348e+04	
   3.5414341e+04	   3.1994298e+04	   3.0323605e+04	   2.4868275e+04	
   3.4601528e+04	   3.1246393e+04	   2.9610420e+04	   2.4214070e+04	
   3.4536336e+04	   3.1224962e+04	   2.9614688e+04	   2.4263012e+04	
   3.3824878e+04	   3.0551049e+04	   2.8950343e+04	   2.3623918e+04	
   3.4059750e+04	   3.0848501e+04	   2.9260779e+04	   2.3996420e+04	
   3.3679732e+04	   3.0509121e+04	   2.8945566e+04	   2.3702397e+04	
   3.3368880e+04	   3.0273126e+04	   2.8734356e+04	   2.3566255e+04	
   3.2811748e+04	   2.9740696e+04	   2.8216674e+04	   2.3107290e+04	
   3.3185766e+04	   3.0148402e+04	   2.8621089e+04	   2.3494527e+04	
   3.2346441e+04	   2.9377525e+04	   2.7888714e+04	   2.2833275e+04	
   3.2467962e+04	   2.9523378e+04	   2.8032654e+04	   2.3022763e+04	
   3.1777389e+04	   2.8888859e+04	   2.7415340e+04	   2.2436995e+04	
   3.1696581e+04	   2.8852849e+04	   2.7416356e+04	   2.2505014e+04	
   3.1097473e+04	   2.8300120e+04	   2.6888221e+04	   2.2024406e+04	
   3.1404981e+04	   2.8624440e+04	   2.7209603e+04	   2.2349922e+04	
   3.0313173e+04	   2.7606001e+04	   2.6232486e+04	   2.1489158e+04	
   3.0642703e+04	   2.7950117e+04	   2.6583011e+04	   2.1840178e+04	
   3.0030187e+04	   2.7371283e+04	   2.6021281e+04	   2.1328856e+04	
   3.0278913e+04	   2.7620453e+04	   2.6276807e+04	   2.1602594e+04	
   2.9543560e+04	   2.6956022e+04	   2.5652316e+04	   2.1028188e+04	
   2.9429278e+04	   2.6877044e+04	   2.5583099e+04	   2.1034007e+04	
   2.8874582e+04	   2.6356052e+04	   2.5086385e+04	   2.0565168e+04	
   2.8797370e+04	   2.6331530e+04	   2.5055669e+04	   2.0587922e+04	
   2.8141835e+04	   2.5697825e+04	   2.4453479e+04	   2.0036961e+04	
   2.8216424e+04	   2.5799419e+04	   2.4575691e+04	   2.0198718e+04	
   2.7912938e+04	   2.5536596e+04	   2.4315643e+04	   1.9946603e+04	
   2.7748541e+04	   2.5388357e+04	   2.4177203e+04	   1.9866950e+04	
   2.7258241e+04	   2.4929712e+04	   2.3726596e+04	   1.9455823e+04	
   2.7379137e+04	   2.5089131e+04	   2.3893184e+04	   1.9647817e+04	
   2.6811825e+04	   2.4555791e+04	   2.3366709e+04	   1.9175392e+04	
   2.6818187e+04	   2.4566195e+04	   2.3403790e+04	   1.9220580e+04	
   2.6285528e+04	   2.4068725e+04	   2.2924920e+04	   1.8788780e+04	
   2.6470630e+04	   2.4262959e+04	   2.3125738e+04	   1.9009249e+04	
   2.5876567e+04	   2.3714184e+04	   2.2581051e+04	   1.8537400e+04	
   2.5801524e+04	   2.3674602e+04	   2.2556172e+04	   1.8551238e+04	
   2.5270108e+04	   2.3153535e+04	   2.2064214e+04	   1.8092152e+04	
   2.5476092e+04	   2.3373113e+04	   2.2282300e+04	   1.8330200e+04	
   2.4863132e+04	   2.2791789e+04	   2.1715407e+04	   1.7819840e+04	
   2.4922980e+04	   2.2864087e+04	   2.1798860e+04	   1.7928258e+04	
   2.4412369e+04	   2.2372790e+04	   2.1323447e+04	   1.7495269e+04	
   2.4548145e+04	   2.2540092e+04	   2.1500875e+04	   1.7695012e+04	
   2.3890914e+04	   2.1918099e+04	   2.0883219e+04	   1.7141466e+04	
   2.4036885e+04	   2.2071718e+04	   2.1038182e+04	   1.7321389e+04	
   2.3232751e+04	   2.1273542e+04	   2.0266676e+04	   1.6585680e+04	
   2.3528174e+04	   2.1591345e+04	   2.0582766e+04	   1.6935404e+04	
   2.3045773e+04	   2.1133379e+04	   2.0132940e+04	   1.6523032e+04	
   2.3241026e+04	   2.1328874e+04	   2.0342328e+04	   1.6731656e+04	
   2.2472356e+04	   2.0582328e+04	   1.9615604e+04	   1.6059389e+04	
   2.2885220e+04	   2.0994006e+04	   2.0026266e+04	   1.6475530e+04	
   2.2058126e+04	   2.0221545e+04	   1.9268812e+04	   1.5814703e+04	
   2.2080545e+04	   2.0263995e+04	   1.9326090e+04	   1.5901276e+04	
   2.1818967e+04	   1.9991327e+04	   1.9047327e+04	   1.5609744e+04	
   2.1833424e+04	   2.0019286e+04	   1.9090880e+04	   1.5684249e+04	
   2.1336479e+04	   1.9547185e+04	   1.8627772e+04	   1.5263881e+04	
   2.1584329e+04	   1.9796606e+04	   1.8867949e+04	   1.5508240e+04	
   2.0641026e+04	   1.8887341e+04	   1.7977717e+04	   1.4692731e+04	
   2.1310037e+04	   1.9529374e+04	   1.8625640e+04	   1.5314306e+04	
   2.0471727e+04	   1.8723199e+04	   1.7829493e+04	   1.4592169e+04	
   2.0648738e+04	   1.8922791e+04	   1.8047864e+04	   1.4831835e+04	
   1.9947063e+04	   1.8222198e+04	   1.7348666e+04	   1.4173371e+04	
   2.0235969e+04	   1.8523646e+04	   1.7658527e+04	   1.4503561e+04	
   1.9898269e+04	   1.8189118e+04	   1.7326251e+04	   1.4181481e+04	
   1.9876241e+04	   1.8189841e+04	   1.7331950e+04	   1.4245754e+04	
   1.9370955e+04	   1.7670599e+04	   1.6821391e+04	   1.3731943e+04	
   1.9661085e+04	   1.7977612e+04	   1.7140856e+04	   1.4086355e+04	
   1.9147363e+04	   1.7476494e+04	   1.6638408e+04	   1.3618882e+04	
   1.9229445e+04	   1.7554857e+04	   1.6732681e+04	   1.3716415e+04	
   1.8779477e+04	   1.7119793e+04	   1.6293785e+04	   1.3316940e+04	
   1.8888270e+04	   1.7248725e+04	   1.6424180e+04	   1.3484729e+04	
   1.8474482e+04	   1.6839148e+04	   1.6023063e+04	   1.3099334e+04	
   1.8697853e+04	   1.7056554e+04	   1.6233811e+04	   1.3322887e+04	
   1.8298847e+04	   1.6661931e+04	   1.5850213e+04	   1.2960202e+04	
   1.8305749e+04	   1.6684058e+04	   1.5887073e+04	   1.3030881e+04	
   1.7818396e+04	   1.6206925e+04	   1.5423287e+04	   1.2600836e+04	
   1.8046055e+04	   1.6426675e+04	   1.5633166e+04	   1.2818220e+04	
   1.7459885e+04	   1.5854571e+04	   1.5071430e+04	   1.2289274e+04	
   1.7703386e+04	   1.6117365e+04	   1.5335714e+04	   1.2587933e+04	
   1.7285349e+04	   1.5696063e+04	   1.4915897e+04	   1.2178961e+04	
   1.7288213e+04	   1.5710368e+04	   1.4950115e+04	   1.2234313e+04	
   1.6988712e+04	   1.5406182e+04	   1.4632732e+04	   1.1933609e+04	
   1.7099558e+04	   1.5516765e+04	   1.4766861e+04	   1.2077765e+04	
   1.6839828e+04	   1.5255014e+04	   1.4498516e+04	   1.1826115e+04	
   1.6685604e+04	   1.5112301e+04	   1.4346134e+04	   1.1718726e+04	
   1.6361611e+04	   1.4799441e+04	   1.4046241e+04	   1.1440314e+04	
   1.6529254e+04	   1.4960114e+04	   1.4215004e+04	   1.1620629e+04	
   1.6015116e+04	   1.4455450e+04	   1.3711184e+04	   1.1146504e+04	
   1.6288233e+04	   1.4733264e+04	   1.4005998e+04	   1.1444059e+04	
   1.5720954e+04	   1.4178060e+04	   1.3444780e+04	   1.0910368e+04	
   1.6070142e+04	   1.4525834e+04	   1.3786829e+04	   1.1273640e+04	
   1.5630925e+04	   1.4083383e+04	   1.3349076e+04	   1.0851326e+04	
   1.5814382e+04	   1.4274470e+04	   1.3548467e+04	   1.1059787e+04	
   1.5294593e+04	   1.3761667e+04	   1.3042720e+04	   1.0592184e+04	
   1.5495341e+04	   1.3968272e+04	   1.3247866e+04	   1.0817723e+04	
   1.5177763e+04	   1.3642491e+04	   1.2916644e+04	   1.0501540e+04	
   1.5181543e+04	   1.3650130e+04	   1.2940048e+04	   1.0526359e+04	
   1.4720047e+04	   1.3209955e+04	   1.2501540e+04	   1.0130649e+04	
   1.5032279e+04	   1.3515819e+04	   1.2804513e+04	   1.0438921e+04	
   1.4566827e+04	   1.3048441e+04	   1.2338451e+04	   9.9842704e+03	
   1.4768026e+04	   1.3247163e+04	   1.2545044e+04	   1.0209180e+04	
   1.4215677e+04	   1.2709006e+04	   1.2013542e+04	   9.7111893e+03	
   1.4744769e+04	   1.3224309e+04	   1.2517559e+04	   1.0204319e+04	
   1.4217210e+04	   1.2698856e+04	   1.2001937e+04	   9.7214979e+03	
   1.4388196e+04	   1.2879248e+04	   1.2187475e+04	   9.9096129e+03	
   1.4073774e+04	   1.2557977e+04	   1.1870448e+04	   9.6057025e+03	
   1.4249247e+04	   1.2740450e+04	   1.2053667e+04	   9.8085120e+03	
   1.3765176e+04	   1.2267493e+04	   1.1582459e+04	   9.3507435e+03	
   1.3925521e+04	   1.2425205e+04	   1.1737489e+04	   9.5268819e+03	
   1.3530535e+04	   1.2031646e+04	   1.1354529e+04	   9.1457730e+03	
   1.3837660e+04	   1.2343267e+04	   1.1661480e+04	   9.4696404e+03	
   1.3413481e+04	   1.1928320e+04	   1.1244549e+04	   9.0776280e+03	
   1.3558184e+04	   1.2080021e+04	   1.1401896e+04	   9.2576592e+03	
   1.3200582e+04	   1.1715094e+04	   1.1035933e+04	   8.8827614e+03	
   1.3409403e+04	   1.1934241e+04	   1.1256362e+04	   9.1280949e+03	
   1.3104356e+04	   1.1616610e+04	   1.0942449e+04	   8.8146263e+03	
   1.3262352e+04	   1.1773446e+04	   1.1099230e+04	   8.9914004e+03	
   1.2975009e+04	   1.1487579e+04	   1.0824393e+04	   8.7071112e+03	
   1.3039193e+04	   1.1560559e+04	   1.0895884e+04	   8.8021926e+03	
   1.2689996e+04	   1.1212573e+04	   1.0557566e+04	   8.4908457e+03	
   1.2990952e+04	   1.1516179e+04	   1.0851857e+04	   8.7803514e+03	
   1.2534863e+04	   1.1058987e+04	   1.0397436e+04	   8.3467424e+03	
   1.2828799e+04	   1.1355695e+04	   1.0691932e+04	   8.6450495e+03	
   1.2387907e+04	   1.0920703e+04	   1.0263390e+04	   8.2338338e+03	
   1.2568270e+04	   1.1100625e+04	   1.0446289e+04	   8.4354391e+03	
   1.2147571e+04	   1.0684531e+04	   1.0033928e+04	   8.0255816e+03	
   1.2431981e+04	   1.0974765e+04	   1.0315779e+04	   8.3274833e+03	
   1.2109683e+04	   1.0649541e+04	   9.9959159e+03	   8.0093682e+03	
   1.2270809e+04	   1.0820792e+04	   1.0173734e+04	   8.2074740e+03	
   1.1818798e+04	   1.0372903e+04	   9.7238703e+03	   7.7662088e+03	
   1.2121406e+04	   1.0665882e+04	   1.0025174e+04	   8.0754848e+03	
   1.1694408e+04	   1.0249738e+04	   9.6049652e+03	   7.6666562e+03	
   1.1929362e+04	   1.0476427e+04	   9.8362956e+03	   7.9046302e+03	
   1.1532728e+04	   1.0098445e+04	   9.4606162e+03	   7.5431539e+03	
   1.1845009e+04	   1.0414785e+04	   9.7682932e+03	   7.8615294e+03	
   1.1478323e+04	   1.0048023e+04	   9.4059780e+03	   7.5009755e+03	
   1.1607364e+04	   1.0195352e+04	   9.5573377e+03	   7.6754690e+03	
   1.1207452e+04	   9.7824504e+03	   9.1528475e+03	   7.2741851e+03	
   1.1545055e+04	   1.0121681e+04	   9.4902102e+03	   7.6269518e+03	
   1.1167323e+04	   9.7502809e+03	   9.1133086e+03	   7.2511922e+03	
   1.1302210e+04	   9.8893953e+03	   9.2556588e+03	   7.4084532e+03	
   1.0906423e+04	   9.5052685e+03	   8.8741337e+03	   7.0262892e+03	
   1.1250323e+04	   9.8427131e+03	   9.2176452e+03	   7.3823883e+03	
   1.0844153e+04	   9.4401152e+03	   8.8127913e+03	   6.9962971e+03	
   1.1116967e+04	   9.7233411e+03	   9.0957026e+03	   7.2867302e+03	
   1.0548910e+04	   9.1621928e+03	   8.5325587e+03	   6.7387412e+03	
   1.0887562e+04	   9.4924990e+03	   8.8759359e+03	   7.0879068e+03	
   1.0662374e+04	   9.2733434e+03	   8.6513786e+03	   6.8611475e+03	
   1.0719583e+04	   9.3497605e+03	   8.7308283e+03	   6.9568024e+03	
   1.0382730e+04	   9.0111280e+03	   8.3896236e+03	   6.6372013e+03	
   1.0716634e+04	   9.3485202e+03	   8.7260737e+03	   6.9762581e+03	
   1.0280284e+04	   8.9224592e+03	   8.3048786e+03	   6.5735390e+03	
   1.0516996e+04	   9.1518956e+03	   8.5503433e+03	   6.8109215e+03	
   1.0032761e+04	   8.6900327e+03	   8.0814321e+03	   6.3595918e+03	
   1.0437645e+04	   9.0875304e+03	   8.4790871e+03	   6.7601859e+03	
   1.0005224e+04	   8.6698349e+03	   8.0714643e+03	   6.3693663e+03	
   1.0189118e+04	   8.8501692e+03	   8.2469932e+03	   6.5421969e+03	
   9.9103829e+03	   8.5773650e+03	   7.9829298e+03	   6.2869610e+03	
   1.0128665e+04	   8.8010818e+03	   8.2077214e+03	   6.5235833e+03	
   9.7800911e+03	   8.4689832e+03	   7.8697951e+03	   6.2053109e+03	
   1.0047145e+04	   8.7427131e+03	   8.1398468e+03	   6.4685519e+03	
   9.6743242e+03	   8.3734971e+03	   7.7750019e+03	   6.1109471e+03	
   9.8585709e+03	   8.5560137e+03	   7.9715529e+03	   6.3190551e+03	
   9.5351557e+03	   8.2549999e+03	   7.6578483e+03	   6.0229811e+03	
   9.6191798e+03	   8.3394058e+03	   7.7549941e+03	   6.1230497e+03	
   9.3836650e+03	   8.1051296e+03	   7.5192696e+03	   5.8994230e+03	
   9.6598869e+03	   8.3836173e+03	   7.7871587e+03	   6.1713802e+03	
   9.2533585e+03	   7.9930090e+03	   7.4125508e+03	   5.8079132e+03	
   9.4108670e+03	   8.1509713e+03	   7.5666269e+03	   5.9721931e+03	
   8.9615868e+03	   7.7226362e+03	   7.1471947e+03	   5.5697738e+03	
   9.4174925e+03	   8.1679908e+03	   7.5888285e+03	   6.0049049e+03	
   9.0411496e+03	   7.8003394e+03	   7.2210543e+03	   5.6495102e+03	
   9.2719311e+03	   8.0392997e+03	   7.4655359e+03	   5.8896321e+03	
   8.7807152e+03	   7.5718975e+03	   7.0069383e+03	   5.4611413e+03	
   9.1624139e+03	   7.9509208e+03	   7.3818902e+03	   5.8312191e+03	
   8.7590755e+03	   7.5484950e+03	   6.9923142e+03	   5.4520205e+03	
   8.7869000e+03	   7.5881764e+03	   7.0309290e+03	   5.4943577e+03	
   8.6602487e+03	   7.4689109e+03	   6.9096909e+03	   5.3830285e+03	
   8.9410171e+03	   7.7518878e+03	   7.1883818e+03	   5.6651354e+03	
   8.4753401e+03	   7.3023308e+03	   6.7440365e+03	   5.2366987e+03	
   8.6874048e+03	   7.5182669e+03	   6.9635754e+03	   5.4645180e+03	
   8.2742869e+03	   7.1059666e+03	   6.5555873e+03	   5.0608208e+03	
   8.6650393e+03	   7.5093411e+03	   6.9624876e+03	   5.4742811e+03	
   8.2913981e+03	   7.1435001e+03	   6.5969317e+03	   5.1152410e+03	
   8.5029942e+03	   7.3768768e+03	   6.8355119e+03	   5.3677523e+03	
   8.1177860e+03	   6.9913262e+03	   6.4494615e+03	   4.9858012e+03	
   8.4007908e+03	   7.2833502e+03	   6.7413659e+03	   5.2908748e+03	
   8.0484271e+03	   6.9402204e+03	   6.3960669e+03	   4.9510152e+03	
   8.2942276e+03	   7.1908017e+03	   6.6546287e+03	   5.2157848e+03	
   7.8350664e+03	   6.7435466e+03	   6.2088596e+03	   4.7807340e+03	
   8.1697963e+03	   7.0912753e+03	   6.5623980e+03	   5.1479414e+03	
   7.7970168e+03	   6.7223116e+03	   6.1976679e+03	   4.7919471e+03	
   7.9900288e+03	   6.9233664e+03	   6.3927934e+03	   4.9929904e+03	
   7.5769126e+03	   6.5181046e+03	   5.9982105e+03	   4.6085801e+03	
   7.9572073e+03	   6.9013631e+03	   6.3867659e+03	   4.9890649e+03	
   7.5378799e+03	   6.4987668e+03	   5.9815662e+03	   4.6068008e+03	
   7.8335149e+03	   6.7977342e+03	   6.2780924e+03	   4.9029896e+03	
   7.4071458e+03	   6.3758166e+03	   5.8643585e+03	   4.5008209e+03	
   7.5892725e+03	   6.5798189e+03	   6.0634014e+03	   4.7144749e+03	
   7.2184230e+03	   6.2162634e+03	   5.7163395e+03	   4.3877714e+03	
   7.4487802e+03	   6.4499907e+03	   5.9485644e+03	   4.6099531e+03	
   7.2338598e+03	   6.2337842e+03	   5.7379464e+03	   4.4039061e+03	
   7.4421382e+03	   6.4566819e+03	   5.9633557e+03	   4.6360344e+03	
   6.8873173e+03	   5.9212429e+03	   5.4298369e+03	   4.1219385e+03	
   7.2744194e+03	   6.3126998e+03	   5.8192885e+03	   4.5189626e+03	
   6.9582212e+03	   5.9996752e+03	   5.5116197e+03	   4.2123457e+03	
   7.1318152e+03	   6.1845429e+03	   5.7078822e+03	   4.4178716e+03	
   6.8218838e+03	   5.8793251e+03	   5.3971644e+03	   4.1167481e+03	
   7.0118960e+03	   6.0822591e+03	   5.6023905e+03	   4.3357677e+03	
   6.4088364e+03	   5.4913988e+03	   5.0215522e+03	   3.7745424e+03	
   6.8247526e+03	   5.9087061e+03	   5.4399719e+03	   4.1825289e+03	
   6.5739977e+03	   5.6712269e+03	   5.2017489e+03	   3.9642744e+03	
   6.8094633e+03	   5.9163753e+03	   5.4553284e+03	   4.2185715e+03	
   6.3860859e+03	   5.5022514e+03	   5.0468192e+03	   3.8197075e+03	
   6.6593505e+03	   5.7933300e+03	   5.3279480e+03	   4.1098195e+03	
   6.2436259e+03	   5.3862070e+03	   4.9317725e+03	   3.7392108e+03	
   6.4429818e+03	   5.5897701e+03	   5.1411667e+03	   3.9412651e+03	
   6.0928021e+03	   5.2425248e+03	   4.7996163e+03	   3.6161132e+03	
   6.3289312e+03	   5.4941611e+03	   5.0459230e+03	   3.8690111e+03	
   6.1220700e+03	   5.2822209e+03	   4.8421878e+03	   3.6700583e+03	
   6.3948070e+03	   5.5761880e+03	   5.1344592e+03	   3.9587531e+03	
   5.7638180e+03	   4.9569855e+03	   4.5210319e+03	   3.3769645e+03	
   6.2237557e+03	   5.4208586e+03	   4.9878279e+03	   3.8396449e+03	
   5.8245935e+03	   5.0272603e+03	   4.6026017e+03	   3.4743315e+03	
   6.0353098e+03	   5.2513343e+03	   4.8281125e+03	   3.6863798e+03	
   5.6121028e+03	   4.8340713e+03	   4.4150422e+03	   3.3054019e+03	
   5.9785762e+03	   5.2108320e+03	   4.7942047e+03	   3.6718622e+03	
   5.6191085e+03	   4.8555914e+03	   4.4400782e+03	   3.3511437e+03	
   5.9154988e+03	   5.1552944e+03	   4.7377431e+03	   3.6352854e+03	
   5.4519222e+03	   4.7146829e+03	   4.3085248e+03	   3.2256704e+03	
   5.7714332e+03	   5.0330634e+03	   4.6252784e+03	   3.5433087e+03	
   5.4292913e+03	   4.7037517e+03	   4.3033558e+03	   3.2433190e+03	
   5.6924586e+03	   4.9703595e+03	   4.5695966e+03	   3.4977799e+03	
   5.2566377e+03	   4.5489973e+03	   4.1577763e+03	   3.1198690e+03	
   5.4675900e+03	   4.7696668e+03	   4.3751805e+03	   3.3296924e+03	
   5.1556532e+03	   4.4631383e+03	   4.0792081e+03	   3.0699232e+03	
   5.3981704e+03	   4.7211758e+03	   4.3288391e+03	   3.3016418e+03	
   4.8889913e+03	   4.2191777e+03	   3.8478171e+03	   2.8645922e+03	
   5.2740487e+03	   4.6096369e+03	   4.2334480e+03	   3.2225657e+03	
   4.8358129e+03	   4.1842787e+03	   3.8126608e+03	   2.8486410e+03	
   5.1898952e+03	   4.5344437e+03	   4.1654554e+03	   3.1686926e+03	
   4.7695996e+03	   4.1305514e+03	   3.7697632e+03	   2.8237639e+03	
   5.1376442e+03	   4.4997363e+03	   4.1302221e+03	   3.1448002e+03	
   4.7384934e+03	   4.1127243e+03	   3.7576524e+03	   2.8237442e+03	
   4.9536596e+03	   4.3359512e+03	   3.9788330e+03	   3.0253741e+03	
   4.6108050e+03	   4.0027992e+03	   3.6512022e+03	   2.7449400e+03	
   4.7872466e+03	   4.1911304e+03	   3.8356456e+03	   2.9093362e+03	
   4.4190906e+03	   3.8301570e+03	   3.4913329e+03	   2.6072035e+03	
   4.6663312e+03	   4.0868937e+03	   3.7366288e+03	   2.8354275e+03	
   4.3339983e+03	   3.7608390e+03	   3.4261272e+03	   2.5724191e+03	
   4.6365652e+03	   4.0710850e+03	   3.7355261e+03	   2.8352014e+03	
   4.2747694e+03	   3.7200877e+03	   3.3913347e+03	   2.5571462e+03	
   4.5025887e+03	   3.9506759e+03	   3.6156430e+03	   2.7415158e+03	
   4.1001465e+03	   3.5654563e+03	   3.2418723e+03	   2.4379856e+03	
   4.3879942e+03	   3.8502206e+03	   3.5270167e+03	   2.6795115e+03	
   4.0519160e+03	   3.5285338e+03	   3.2175064e+03	   2.4289188e+03	
   4.2737274e+03	   3.7425662e+03	   3.4297447e+03	   2.5973175e+03	
   3.9129539e+03	   3.4064814e+03	   3.1090001e+03	   2.3472917e+03	
   4.1173429e+03	   3.6065631e+03	   3.3051316e+03	   2.5031077e+03	
   3.7920566e+03	   3.2972379e+03	   3.0040392e+03	   2.2760453e+03	
   4.0217568e+03	   3.5293956e+03	   3.2348600e+03	   2.4597186e+03	
   3.7561942e+03	   3.2778395e+03	   2.9921544e+03	   2.2780179e+03	
   4.0684079e+03	   3.5846007e+03	   3.2849828e+03	   2.5074592e+03	
   3.6219409e+03	   3.1634416e+03	   2.8908504e+03	   2.2082526e+03	
   3.8623314e+03	   3.4001377e+03	   3.1147999e+03	   2.3795496e+03	
   3.4852152e+03	   3.0407650e+03	   2.7772422e+03	   2.1174031e+03	
   3.8118318e+03	   3.3606233e+03	   3.0799812e+03	   2.3588324e+03	
   3.4638426e+03	   3.0374883e+03	   2.7741588e+03	   2.1351156e+03	
   3.6494541e+03	   3.2163513e+03	   2.9463946e+03	   2.2611344e+03	
   3.1633089e+03	   2.7610059e+03	   2.5177597e+03	   1.9418561e+03	
   3.5504848e+03	   3.1323223e+03	   2.8690797e+03	   2.2080773e+03	
   3.2858102e+03	   2.8869019e+03	   2.6432543e+03	   2.0599387e+03	
   3.3389149e+03	   2.9393250e+03	   2.6860552e+03	   2.0637610e+03	
   3.1787686e+03	   2.7987967e+03	   2.5638406e+03	   2.0041111e+03	
   3.4007045e+03	   3.0065132e+03	   2.7598525e+03	   2.1398963e+03	
   3.0396034e+03	   2.6769819e+03	   2.4559045e+03	   1.9353927e+03	
   3.3175439e+03	   2.9428688e+03	   2.6964654e+03	   2.1033983e+03	
   2.9590265e+03	   2.6141698e+03	   2.4023886e+03	   1.9034395e+03	
   3.2326892e+03	   2.8692059e+03	   2.6308452e+03	   2.0592014e+03	
   2.9023764e+03	   2.5671174e+03	   2.3627497e+03	   1.8853289e+03	
   3.0900506e+03	   2.7357995e+03	   2.5107032e+03	   1.9652439e+03	
   2.7813398e+03	   2.4609851e+03	   2.2690806e+03	   1.8251252e+03	
   3.0716582e+03	   2.7342103e+03	   2.5164817e+03	   1.9846685e+03	
   2.7550504e+03	   2.4496524e+03	   2.2597598e+03	   1.8238128e+03	
   2.9841575e+03	   2.6612354e+03	   2.4504536e+03	   1.9439991e+03	
   2.6549048e+03	   2.3621943e+03	   2.1826874e+03	   1.7785200e+03	
   2.8855388e+03	   2.5784762e+03	   2.3774722e+03	   1.9016782e+03	
   2.6063106e+03	   2.3308358e+03	   2.1589768e+03	   1.7719468e+03	
   2.6910014e+03	   2.4048855e+03	   2.2179256e+03	   1.7888335e+03	
   2.3972490e+03	   2.1461680e+03	   1.9915759e+03	   1.6513198e+03	
   2.7347329e+03	   2.4560732e+03	   2.2716119e+03	   1.8401311e+03	
   2.4745049e+03	   2.2262207e+03	   2.0724117e+03	   1.7278696e+03	
   2.5554194e+03	   2.2865637e+03	   2.1185008e+03	   1.7254989e+03	
   2.2677371e+03	   2.0438319e+03	   1.9061756e+03	   1.6114516e+03	
   2.5706595e+03	   2.3148240e+03	   2.1540716e+03	   1.7718911e+03	
   2.3042614e+03	   2.0856710e+03	   1.9524417e+03	   1.6548308e+03	
   2.5070037e+03	   2.2624697e+03	   2.1061819e+03	   1.7432638e+03	
   2.1931534e+03	   1.9906518e+03	   1.8707687e+03	   1.6061957e+03	
   2.4559192e+03	   2.2208042e+03	   2.0746448e+03	   1.7299684e+03	
   2.1813980e+03	   1.9960126e+03	   1.8764456e+03	   1.6220633e+03	
   2.3157939e+03	   2.1023218e+03	   1.9667398e+03	   1.6641679e+03	
   2.1003476e+03	   1.9273827e+03	   1.8238390e+03	   1.5948139e+03	
   2.3134248e+03	   2.1071993e+03	   1.9732949e+03	   1.6758283e+03	
   2.0805937e+03	   1.9152407e+03	   1.8163926e+03	   1.5918353e+03	
   2.2253736e+03	   2.0306986e+03	   1.9123998e+03	   1.6398119e+03	
   1.8797863e+03	   1.7404310e+03	   1.6584123e+03	   1.4927972e+03	
   2.1012176e+03	   1.9267732e+03	   1.8146445e+03	   1.5772374e+03	
   1.9719793e+03	   1.8325159e+03	   1.7477431e+03	   1.5591415e+03	
   2.1182616e+03	   1.9512850e+03	   1.8466862e+03	   1.6063939e+03	
   1.8189813e+03	   1.6990031e+03	   1.6296179e+03	   1.4824377e+03	
   2.0724444e+03	   1.9156339e+03	   1.8176165e+03	   1.5934114e+03	
   1.8983081e+03	   1.7761541e+03	   1.7024322e+03	   1.5380344e+03	
   1.9821798e+03	   1.8411894e+03	   1.7546030e+03	   1.5613402e+03	
   1.8394478e+03	   1.7316592e+03	   1.6662798e+03	   1.5197779e+03	
   1.9620376e+03	   1.8305285e+03	   1.7461309e+03	   1.5592628e+03	
   1.7761853e+03	   1.6784578e+03	   1.6218766e+03	   1.4954759e+03	
   1.9051762e+03	   1.7843067e+03	   1.7062250e+03	   1.5343562e+03	
   1.6966045e+03	   1.6145317e+03	   1.5695321e+03	   1.4655019e+03	
   1.8591591e+03	   1.7436521e+03	   1.6758676e+03	   1.5205283e+03	
   1.7041607e+03	   1.6248846e+03	   1.5830831e+03	   1.4760645e+03	
   1.8109713e+03	   1.7065462e+03	   1.6450940e+03	   1.5060402e+03	
   1.6715734e+03	   1.5995504e+03	   1.5594528e+03	   1.4655002e+03	
   1.7957196e+03	   1.6996240e+03	   1.6452398e+03	   1.5101771e+03	
   1.5946648e+03	   1.5365631e+03	   1.5056060e+03	   1.4326983e+03	
   1.7436308e+03	   1.6591234e+03	   1.6040134e+03	   1.4871186e+03	
   1.6053798e+03	   1.5535006e+03	   1.5225861e+03	   1.4473110e+03	
   1.7294080e+03	   1.6487443e+03	   1.6019113e+03	   1.4868695e+03	
   1.6062235e+03	   1.5537005e+03	   1.5230793e+03	   1.4505517e+03	
   1.7009364e+03	   1.6290117e+03	   1.5848739e+03	   1.4774735e+03	
   1.5749191e+03	   1.5330455e+03	   1.5078457e+03	   1.4424450e+03	
   1.6687062e+03	   1.6044688e+03	   1.5640485e+03	   1.4683215e+03	
   1.5801029e+03	   1.5337222e+03	   1.5104998e+03	   1.4450156e+03	
   1.6459836e+03	   1.5861715e+03	   1.5496209e+03	   1.4642927e+03	
   1.5481480e+03	   1.5143943e+03	   1.4927317e+03	   1.4376741e+03	
   1.6159358e+03	   1.5654968e+03	   1.5343349e+03	   1.4553226e+03	
   1.4935607e+03	   1.4679234e+03	   1.4553046e+03	   1.4136588e+03	
   1.5546803e+03	   1.5115861e+03	   1.4922074e+03	   1.4287334e+03	
   1.4948746e+03	   1.4720881e+03	   1.4619171e+03	   1.4202942e+03	
   1.5775520e+03	   1.5352377e+03	   1.5085452e+03	   1.4435329e+03	
   1.5034319e+03	   1.4808141e+03	   1.4680495e+03	   1.4251094e+03	
   1.5501960e+03	   1.5148579e+03	   1.4954874e+03	   1.4348184e+03	
   1.4567677e+03	   1.4405904e+03	   1.4362503e+03	   1.4065646e+03	
   1.5353392e+03	   1.5022719e+03	   1.4843809e+03	   1.4298443e+03	
   1.4745522e+03	   1.4585388e+03	   1.4506205e+03	   1.4185821e+03	
   1.4813875e+03	   1.4630164e+03	   1.4529519e+03	   1.4112504e+03	
   1.4510317e+03	   1.4392698e+03	   1.4351608e+03	   1.4095940e+03	
   1.4931281e+03	   1.4735889e+03	   1.4621301e+03	   1.4209217e+03	
   1.4533074e+03	   1.4420387e+03	   1.4382000e+03	   1.4119925e+03	
   1.4826835e+03	   1.4646221e+03	   1.4545575e+03	   1.4144419e+03	
   1.4423025e+03	   1.4345038e+03	   1.4317268e+03	   1.4073330e+03	
   1.4585928e+03	   1.4435050e+03	   1.4385686e+03	   1.4087764e+03	
   1.4317284e+03	   1.4259531e+03	   1.4225846e+03	   1.4027816e+03	
   1.4528258e+03	   1.4418126e+03	   1.4369122e+03	   1.4095792e+03	
   1.3681185e+03	   1.3733924e+03	   1.3793610e+03	   1.3795838e+03	
   1.4457168e+03	   1.4368237e+03	   1.4313729e+03	   1.4063549e+03	
   1.4139717e+03	   1.4134671e+03	   1.4165046e+03	   1.3992755e+03	
   1.4119778e+03	   1.4085995e+03	   1.4089370e+03	   1.3923746e+03	
   1.3825133e+03	   1.3850888e+03	   1.3926614e+03	   1.3867714e+03	
   1.4256582e+03	   1.4200140e+03	   1.4184592e+03	   1.3991936e+03	
   1.3681300e+03	   1.3749784e+03	   1.3831506e+03	   1.3802801e+03	
   1.4107490e+03	   1.4078130e+03	   1.4109210e+03	   1.3947978e+03	
   1.3436969e+03	   1.3558405e+03	   1.3681005e+03	   1.3711151e+03	
   1.4081833e+03	   1.4089714e+03	   1.4097021e+03	   1.3953548e+03	
   1.3848758e+03	   1.3893584e+03	   1.3974880e+03	   1.3905888e+03	
   1.3905839e+03	   1.3942096e+03	   1.3960151e+03	   1.3874546e+03	
   1.3783649e+03	   1.3828278e+03	   1.3923566e+03	   1.3870090e+03	
   1.3896566e+03	   1.3946012e+03	   1.3978517e+03	   1.3851199e+03	
   1.3774638e+03	   1.3841860e+03	   1.3931496e+03	   1.3882967e+03	
   1.3894125e+03	   1.3928154e+03	   1.3975994e+03	   1.3887309e+03	
   1.3639161e+03	   1.3736955e+03	   1.3833554e+03	   1.3820709e+03	
   1.3825821e+03	   1.3850855e+03	   1.3920535e+03	   1.3856327e+03	
   1.3666915e+03	   1.3772229e+03	   1.3864109e+03	   1.3843892e+03	
   1.3773966e+03	   1.3825395e+03	   1.3889275e+03	   1.3837977e+03	
   1.3607540e+03	   1.3708218e+03	   1.3811256e+03	   1.3818006e+03	
   1.3710889e+03	   1.3800360e+03	   1.3872596e+03	   1.3831080e+03	
   1.3602477e+03	   1.3704384e+03	   1.3839878e+03	   1.3825378e+03	
   1.3581015e+03	   1.3683348e+03	   1.3783862e+03	   1.3789678e+03	
   1.3410509e+03	   1.3565237e+03	   1.3682430e+03	   1.3724028e+03	
   1.3597808e+03	   1.3682070e+03	   1.3774163e+03	   1.3779356e+03	
   1.3490986e+03	   1.3624284e+03	   1.3749079e+03	   1.3780733e+03	
   1.3432643e+03	   1.3542726e+03	   1.3674664e+03	   1.3713445e+03	
   1.3503061e+03	   1.3638866e+03	   1.3758959e+03	   1.3783075e+03	
   1.3539777e+03	   1.3657150e+03	   1.3759729e+03	   1.3759303e+03	
   1.3433856e+03	   1.3589207e+03	   1.3712412e+03	   1.3730140e+03	
   1.3458972e+03	   1.3586814e+03	   1.3701157e+03	   1.3741739e+03	
   1.3442949e+03	   1.3592172e+03	   1.3719654e+03	   1.3769133e+03	
   1.3446062e+03	   1.3570922e+03	   1.3707186e+03	   1.3751995e+03	
   1.3392536e+03	   1.3556439e+03	   1.3670142e+03	   1.3736070e+03	
   1.3379527e+03	   1.3523262e+03	   1.3631853e+03	   1.3698388e+03	
   1.3294053e+03	   1.3458612e+03	   1.3594924e+03	   1.3688230e+03	
   1.3286222e+03	   1.3449961e+03	   1.3570906e+03	   1.3655954e+03	
   1.3379167e+03	   1.3530160e+03	   1.3675893e+03	   1.3753552e+03	
   1.3165588e+03	   1.3341845e+03	   1.3485809e+03	   1.3608752e+03	
   1.3351036e+03	   1.3512645e+03	   1.3663474e+03	   1.3710758e+03	
   1.3338617e+03	   1.3499800e+03	   1.3637260e+03	   1.3687231e+03	
   1.3308225e+03	   1.3490904e+03	   1.3615224e+03	   1.3710856e+03	
   1.3359785e+03	   1.3499702e+03	   1.3621253e+03	   1.3699699e+03	
   1.3223554e+03	   1.3430088e+03	   1.3572135e+03	   1.3668733e+03	
