   2.9376968e+02	   3.1150047e+02	   3.2037922e+02	   3.2853739e+02	
   2.6443680e-02	   3.2007214e-02	   3.5003503e-02	   4.3802960e-02	
   2.6518746e-02	   3.2144654e-02	   3.5097766e-02	   4.3913389e-02	
   2.6452625e-02	   3.2062119e-02	   3.5016474e-02	   4.3797873e-02	
   2.6484367e-02	   3.2179958e-02	   3.5049522e-02	   4.3922132e-02	
   2.6410169e-02	   3.2066532e-02	   3.4925765e-02	   4.3774928e-02	
   2.6533633e-02	   3.2160477e-02	   3.5141729e-02	   4.3897545e-02	
   2.6457899e-02	   3.2103943e-02	   3.5061808e-02	   4.3844344e-02	
   2.6536837e-02	   3.2167991e-02	   3.5097210e-02	   4.3918794e-02	
   2.6476924e-02	   3.2149703e-02	   3.5012793e-02	   4.3828447e-02	
   2.6475255e-02	   3.2161988e-02	   3.5121781e-02	   4.3910421e-02	
   2.6444715e-02	   3.2040690e-02	   3.4972126e-02	   4.3779432e-02	
   2.6500422e-02	   3.2094242e-02	   3.5051748e-02	   4.3863155e-02	
   2.6442078e-02	   3.2037748e-02	   3.4921869e-02	   4.3739055e-02	
   2.6557531e-02	   3.2239275e-02	   3.5118613e-02	   4.3980738e-02	
   2.6454594e-02	   3.2039139e-02	   3.4985738e-02	   4.3733968e-02	
   2.6543512e-02	   3.2192879e-02	   3.5077518e-02	   4.3956840e-02	
   2.6456864e-02	   3.2068400e-02	   3.4984326e-02	   4.3786586e-02	
   2.6551189e-02	   3.2233511e-02	   3.5126961e-02	   4.3946719e-02	
   2.6432031e-02	   3.2025582e-02	   3.4947768e-02	   4.3698253e-02	
   2.6575087e-02	   3.2234067e-02	   3.5190701e-02	   4.4017089e-02	
   2.6434267e-02	   3.2049993e-02	   3.4962451e-02	   4.3744936e-02	
   2.6501890e-02	   3.2135947e-02	   3.5073537e-02	   4.3918847e-02	
   2.6453326e-02	   3.2057666e-02	   3.5002262e-02	   4.3800098e-02	
   2.6500756e-02	   3.2168111e-02	   3.5053460e-02	   4.3927272e-02	
   2.6472285e-02	   3.2133562e-02	   3.5055001e-02	   4.3836237e-02	
   2.6496250e-02	   3.2132170e-02	   3.5032870e-02	   4.3898234e-02	
   2.6402225e-02	   3.2040968e-02	   3.4978804e-02	   4.3782029e-02	
   2.6524153e-02	   3.2133959e-02	   3.5055087e-02	   4.3878893e-02	
   2.6461003e-02	   3.2098894e-02	   3.4983512e-02	   4.3744512e-02	
   2.6557164e-02	   3.2182781e-02	   3.5073494e-02	   4.4003047e-02	
   2.6483499e-02	   3.2033255e-02	   3.4973110e-02	   4.3788599e-02	
   2.6597183e-02	   3.2211605e-02	   3.5150120e-02	   4.3955091e-02	
   2.6477825e-02	   3.2008447e-02	   3.4989249e-02	   4.3806510e-02	
   2.6552591e-02	   3.2222458e-02	   3.5148664e-02	   4.3895267e-02	
   2.6412172e-02	   3.2053014e-02	   3.4937537e-02	   4.3726284e-02	
   2.6519547e-02	   3.2157058e-02	   3.5107269e-02	   4.3915614e-02	
   2.6416277e-02	   3.2097184e-02	   3.4973881e-02	   4.3837191e-02	
   2.6518546e-02	   3.2155229e-02	   3.5162876e-02	   4.3942586e-02	
   2.6441010e-02	   3.2043075e-02	   3.4967288e-02	   4.3747427e-02	
   2.6523119e-02	   3.2170893e-02	   3.5058854e-02	   4.3835548e-02	
   2.6450189e-02	   3.2044188e-02	   3.4992887e-02	   4.3732060e-02	
   2.6572350e-02	   3.2143581e-02	   3.5167414e-02	   4.3931617e-02	
   2.6485636e-02	   3.2015325e-02	   3.4985482e-02	   4.3815041e-02	
   2.6535969e-02	   3.2149465e-02	   3.5057655e-02	   4.3954191e-02	
   2.6478526e-02	   3.2072495e-02	   3.5005387e-02	   4.3811650e-02	
   2.6589106e-02	   3.2226474e-02	   3.5134324e-02	   4.3999814e-02	
   2.6434501e-02	   3.2060528e-02	   3.4931844e-02	   4.3765496e-02	
   2.6566776e-02	   3.2246511e-02	   3.5107569e-02	   4.4016347e-02	
   2.6474588e-02	   3.2043671e-02	   3.4953205e-02	   4.3743665e-02	
   2.6509033e-02	   3.2104221e-02	   3.5047339e-02	   4.3907772e-02	
   2.6444648e-02	   3.2026258e-02	   3.4930089e-02	   4.3786692e-02	
   2.6514874e-02	   3.2191647e-02	   3.5060523e-02	   4.3898499e-02	
   2.6508900e-02	   3.2106646e-02	   3.4988093e-02	   4.3924941e-02	
   2.6551723e-02	   3.2204767e-02	   3.5084239e-02	   4.3918158e-02	
   2.6420583e-02	   3.2029120e-02	   3.4968658e-02	   4.3744671e-02	
   2.6508432e-02	   3.2188625e-02	   3.5098237e-02	   4.3893041e-02	
   2.6465209e-02	   3.2059733e-02	   3.4984497e-02	   4.3856426e-02	
   2.6565107e-02	   3.2182463e-02	   3.5077176e-02	   4.3928438e-02	
   2.6455896e-02	   3.2029438e-02	   3.4973153e-02	   4.3738896e-02	
   2.6546783e-02	   3.2132210e-02	   3.5031457e-02	   4.3904487e-02	
   2.6509467e-02	   3.2118176e-02	   3.5016432e-02	   4.3885623e-02	
   2.6586736e-02	   3.2221544e-02	   3.5132825e-02	   4.4012585e-02	
   2.6457632e-02	   3.2096667e-02	   3.5005216e-02	   4.3812762e-02	
   2.6509233e-02	   3.2142467e-02	   3.5017288e-02	   4.3883715e-02	
   2.6512772e-02	   3.2089273e-02	   3.5000464e-02	   4.3745201e-02	
   2.6559667e-02	   3.2118335e-02	   3.5101447e-02	   4.3949898e-02	
   2.6481363e-02	   3.2055002e-02	   3.5029060e-02	   4.3793845e-02	
   2.6545415e-02	   3.2191488e-02	   3.5124992e-02	   4.3985242e-02	
   2.6504894e-02	   3.2134953e-02	   3.5016645e-02	   4.3839893e-02	
   2.6603692e-02	   3.2267066e-02	   3.5116815e-02	   4.4001510e-02	
   2.6538405e-02	   3.2140559e-02	   3.5056371e-02	   4.3906871e-02	
   2.6551289e-02	   3.2151890e-02	   3.5076491e-02	   4.3974803e-02	
   2.6549520e-02	   3.2098178e-02	   3.5013349e-02	   4.3829825e-02	
   2.6585568e-02	   3.2226792e-02	   3.5151661e-02	   4.3956575e-02	
   2.6477758e-02	   3.2038662e-02	   3.4992459e-02	   4.3800787e-02	
   2.6622450e-02	   3.2235498e-02	   3.5125933e-02	   4.3996741e-02	
   2.6530495e-02	   3.2105891e-02	   3.4996398e-02	   4.3874283e-02	
   2.6625588e-02	   3.2208066e-02	   3.5176874e-02	   4.4006491e-02	
   2.6490676e-02	   3.2071342e-02	   3.5003118e-02	   4.3807411e-02	
   2.6629259e-02	   3.2214984e-02	   3.5178073e-02	   4.4045809e-02	
   2.6508800e-02	   3.2113286e-02	   3.5017245e-02	   4.3863049e-02	
   2.6657363e-02	   3.2205243e-02	   3.5140873e-02	   4.3941844e-02	
   2.6564039e-02	   3.2115433e-02	   3.5054273e-02	   4.3829401e-02	
   2.6613138e-02	   3.2152685e-02	   3.5108682e-02	   4.3987574e-02	
   2.6555061e-02	   3.2142944e-02	   3.5065018e-02	   4.3834594e-02	
   2.6576322e-02	   3.2149584e-02	   3.5121696e-02	   4.3915826e-02	
   2.6586836e-02	   3.2120800e-02	   3.5036637e-02	   4.3859711e-02	
   2.6703090e-02	   3.2244245e-02	   3.5174221e-02	   4.3995840e-02	
   2.6600187e-02	   3.2146165e-02	   3.5080728e-02	   4.3867024e-02	
   2.6665908e-02	   3.2233988e-02	   3.5108810e-02	   4.3965795e-02	
   2.6596683e-02	   3.2151611e-02	   3.5015875e-02	   4.3782983e-02	
   2.6631662e-02	   3.2222657e-02	   3.5084667e-02	   4.3915244e-02	
   2.6650087e-02	   3.2146562e-02	   3.5036080e-02	   4.3910475e-02	
   2.6684099e-02	   3.2250368e-02	   3.5149007e-02	   4.4010889e-02	
   2.6600922e-02	   3.2045182e-02	   3.4940063e-02	   4.3781393e-02	
   2.6668545e-02	   3.2234385e-02	   3.5165102e-02	   4.3978301e-02	
   2.6754292e-02	   3.2223571e-02	   3.5123793e-02	   4.3919695e-02	
   2.6736435e-02	   3.2234067e-02	   3.5134367e-02	   4.3976764e-02	
   2.6787736e-02	   3.2182224e-02	   3.5091174e-02	   4.3936227e-02	
   2.6815740e-02	   3.2281458e-02	   3.5237875e-02	   4.4029965e-02	
   2.6799718e-02	   3.2255377e-02	   3.5084924e-02	   4.3906553e-02	
   2.6717710e-02	   3.2238083e-02	   3.5113348e-02	   4.3949739e-02	
   2.6770914e-02	   3.2138651e-02	   3.5044470e-02	   4.3805079e-02	
   2.6795112e-02	   3.2240786e-02	   3.5135351e-02	   4.3968021e-02	
   2.6918476e-02	   3.2221663e-02	   3.5115745e-02	   4.3884510e-02	
   2.6892542e-02	   3.2327178e-02	   3.5158810e-02	   4.4022758e-02	
   2.6865539e-02	   3.2116029e-02	   3.5038563e-02	   4.3785844e-02	
   2.6977354e-02	   3.2308015e-02	   3.5176361e-02	   4.4039132e-02	
   2.7105724e-02	   3.2187472e-02	   3.5060480e-02	   4.3881913e-02	
   2.7152686e-02	   3.2353696e-02	   3.5244339e-02	   4.4147654e-02	
   2.7215970e-02	   3.2213751e-02	   3.5080343e-02	   4.3848318e-02	
   2.7094075e-02	   3.2296605e-02	   3.5125548e-02	   4.3946030e-02	
   2.7495407e-02	   3.2314575e-02	   3.5074907e-02	   4.3979095e-02	
   2.7458792e-02	   3.2396593e-02	   3.5217884e-02	   4.3998543e-02	
   2.7717869e-02	   3.2356757e-02	   3.5095968e-02	   4.3930081e-02	
   2.7334627e-02	   3.2334454e-02	   3.5150077e-02	   4.3982434e-02	
   2.7992332e-02	   3.2421004e-02	   3.5172422e-02	   4.3955780e-02	
   2.8067599e-02	   3.2522384e-02	   3.5287404e-02	   4.4147707e-02	
   2.7192372e-02	   3.2102671e-02	   3.4981201e-02	   4.3794587e-02	
   2.7882854e-02	   3.2365822e-02	   3.5215359e-02	   4.3982911e-02	
   2.9079206e-02	   3.2550652e-02	   3.5220795e-02	   4.3989746e-02	
   2.8363090e-02	   3.2522146e-02	   3.5289416e-02	   4.4035529e-02	
   2.9720022e-02	   3.2652509e-02	   3.5247507e-02	   4.3975227e-02	
   2.9467220e-02	   3.2677118e-02	   3.5326059e-02	   4.4065203e-02	
   3.0554528e-02	   3.2735481e-02	   3.5252216e-02	   4.3997589e-02	
   3.0301827e-02	   3.2773847e-02	   3.5337061e-02	   4.4090479e-02	
   3.1507258e-02	   3.2761641e-02	   3.5274904e-02	   4.3918794e-02	
   3.1168342e-02	   3.2952196e-02	   3.5470150e-02	   4.4222210e-02	
   3.2885684e-02	   3.2954542e-02	   3.5347848e-02	   4.4009617e-02	
   3.1895939e-02	   3.2910968e-02	   3.5408293e-02	   4.4130909e-02	
   3.4397655e-02	   3.3097627e-02	   3.5384534e-02	   4.3967014e-02	
   3.3755470e-02	   3.3256456e-02	   3.5515868e-02	   4.4232172e-02	
   3.7481976e-02	   3.3602063e-02	   3.5578410e-02	   4.4154596e-02	
   3.5567605e-02	   3.3454565e-02	   3.5635944e-02	   4.4282141e-02	
   3.8728495e-02	   3.3773972e-02	   3.5621774e-02	   4.4177646e-02	
   3.7515554e-02	   3.3705471e-02	   3.5693392e-02	   4.4326016e-02	
   4.2642449e-02	   3.4353190e-02	   3.5878278e-02	   4.4298991e-02	
   4.0084425e-02	   3.4041416e-02	   3.5821558e-02	   4.4348324e-02	
   4.1799231e-02	   3.3355570e-02	   3.5353199e-02	   4.3989905e-02	
   4.2871986e-02	   3.4491981e-02	   3.5947797e-02	   4.4442380e-02	
   4.9241194e-02	   3.5420305e-02	   3.6190345e-02	   4.4564785e-02	
   4.5174905e-02	   3.4771870e-02	   3.6098823e-02	   4.4540145e-02	
   5.1961700e-02	   3.5605214e-02	   3.6216929e-02	   4.4459124e-02	
   4.5117596e-02	   3.3592203e-02	   3.5492923e-02	   4.4099010e-02	
   5.6682122e-02	   3.6972534e-02	   3.6738668e-02	   4.4788505e-02	
   5.2757354e-02	   3.6122651e-02	   3.6600999e-02	   4.4786068e-02	
   5.8601933e-02	   3.6346800e-02	   3.6223521e-02	   4.4441161e-02	
   5.7243567e-02	   3.6989908e-02	   3.6845516e-02	   4.4914142e-02	
   6.5170739e-02	   3.9145488e-02	   3.7471449e-02	   4.5016464e-02	
   6.1171606e-02	   3.7775823e-02	   3.7038793e-02	   4.4923468e-02	
   6.8575185e-02	   3.9772812e-02	   3.7555267e-02	   4.5066221e-02	
   6.4912063e-02	   3.8946902e-02	   3.7638057e-02	   4.5252849e-02	
   7.3615298e-02	   4.1738791e-02	   3.8354870e-02	   4.5466289e-02	
   7.0311219e-02	   4.0438383e-02	   3.8041775e-02	   4.5463163e-02	
   7.7679551e-02	   4.3383455e-02	   3.9029990e-02	   4.5691228e-02	
   7.1244723e-02	   3.9662487e-02	   3.7501415e-02	   4.5036971e-02	
   8.2517797e-02	   4.5068313e-02	   3.9462989e-02	   4.5805526e-02	
   7.9651598e-02	   4.3969909e-02	   3.9476473e-02	   4.6103007e-02	
   8.7499265e-02	   4.7821320e-02	   4.0667553e-02	   4.6379822e-02	
   7.7659958e-02	   4.0229659e-02	   3.7085667e-02	   4.4680089e-02	
   9.2488177e-02	   5.0740034e-02	   4.2235811e-02	   4.7148271e-02	
   8.6531716e-02	   4.5720247e-02	   3.9609434e-02	   4.5887712e-02	
   9.6814111e-02	   5.2808944e-02	   4.2969106e-02	   4.7384550e-02	
   9.3543442e-02	   5.0331611e-02	   4.2326306e-02	   4.7376548e-02	
   1.0330448e-01	   5.7162564e-02	   4.5578188e-02	   4.8721572e-02	
   9.9504576e-02	   5.3569215e-02	   4.3790841e-02	   4.8131856e-02	
   1.0735965e-01	   5.9812441e-02	   4.7019478e-02	   4.9347215e-02	
   1.0197101e-01	   5.4270686e-02	   4.3701202e-02	   4.7694536e-02	
   1.1283478e-01	   6.3445308e-02	   4.9141453e-02	   5.0506247e-02	
   1.0649244e-01	   5.6931775e-02	   4.4765185e-02	   4.7768032e-02	
   1.1603899e-01	   6.5214133e-02	   4.9833866e-02	   5.0484734e-02	
   1.1315363e-01	   6.1680499e-02	   4.7859578e-02	   4.9526372e-02	
   1.2352304e-01	   7.1328348e-02	   5.4332521e-02	   5.3044110e-02	
   1.1989063e-01	   6.7153992e-02	   5.1659484e-02	   5.2000701e-02	
   1.2953244e-01	   7.6370876e-02	   5.8252287e-02	   5.5555849e-02	
   1.2519296e-01	   7.1321749e-02	   5.4506576e-02	   5.3500612e-02	
   1.3547742e-01	   8.1079724e-02	   6.1850055e-02	   5.7842543e-02	
   1.2823132e-01	   7.2932102e-02	   5.5260676e-02	   5.3172291e-02	
   1.4031977e-01	   8.5132424e-02	   6.5301421e-02	   6.0000474e-02	
   1.3583476e-01	   7.9235520e-02	   6.0190018e-02	   5.6599365e-02	
   1.4331254e-01	   8.7322434e-02	   6.6862701e-02	   6.0418029e-02	
   1.4053662e-01	   8.2795911e-02	   6.2940451e-02	   5.7764702e-02	
   1.5077997e-01	   9.3990701e-02	   7.2766473e-02	   6.5133693e-02	
   1.4628284e-01	   8.7766757e-02	   6.7098271e-02	   6.0987662e-02	
   1.5673149e-01	   9.9102565e-02	   7.7395048e-02	   6.8757145e-02	
   1.5336386e-01	   9.4241170e-02	   7.2931025e-02	   6.5068940e-02	
   1.6189410e-01	   1.0355741e-01	   8.1702096e-02	   7.2010679e-02	
   1.5667404e-01	   9.6391422e-02	   7.4463410e-02	   6.5235697e-02	
   1.6899891e-01	   1.0984436e-01	   8.7730395e-02	   7.7109932e-02	
   1.6349946e-01	   1.0274569e-01	   8.0266713e-02	   6.9836057e-02	
   1.7508995e-01	   1.1547033e-01	   9.2881224e-02	   8.1527797e-02	
   1.6771071e-01	   1.0618741e-01	   8.3538458e-02	   7.1902052e-02	
   1.7991919e-01	   1.2002857e-01	   9.7549011e-02	   8.5854892e-02	
   1.7862233e-01	   1.1669520e-01	   9.3500223e-02	   8.1265236e-02	
   1.8742654e-01	   1.2657193e-01	   1.0366464e-01	   9.1157729e-02	
   1.8313451e-01	   1.2099463e-01	   9.7925804e-02	   8.4942578e-02	
   1.9311811e-01	   1.3182592e-01	   1.0890459e-01	   9.5975981e-02	
   1.9096439e-01	   1.2826442e-01	   1.0478932e-01	   9.1330580e-02	
   2.0018261e-01	   1.3857609e-01	   1.1566662e-01	   1.0274630e-01	
   1.9671765e-01	   1.3332635e-01	   1.0988746e-01	   9.5539721e-02	
   2.0624845e-01	   1.4426812e-01	   1.2148999e-01	   1.0831482e-01	
   2.0504786e-01	   1.4103668e-01	   1.1757036e-01	   1.0276463e-01	
   2.1268561e-01	   1.5029817e-01	   1.2747767e-01	   1.1401376e-01	
   2.1036547e-01	   1.4619272e-01	   1.2275851e-01	   1.0764753e-01	
   2.2180433e-01	   1.5846428e-01	   1.3561506e-01	   1.2189616e-01	
   2.1689092e-01	   1.5204859e-01	   1.2843981e-01	   1.1313875e-01	
   2.2837394e-01	   1.6474182e-01	   1.4177760e-01	   1.2825639e-01	
   2.1969854e-01	   1.5366300e-01	   1.2988213e-01	   1.1340740e-01	
   2.3738351e-01	   1.7337730e-01	   1.5068014e-01	   1.3754237e-01	
   2.3200124e-01	   1.6702379e-01	   1.4378228e-01	   1.2844482e-01	
   2.4509543e-01	   1.8033647e-01	   1.5730864e-01	   1.4356592e-01	
   2.4045919e-01	   1.7443746e-01	   1.5098420e-01	   1.3522251e-01	
   2.5406849e-01	   1.8907659e-01	   1.6639050e-01	   1.5296985e-01	
   2.4954913e-01	   1.8318755e-01	   1.5985180e-01	   1.4444596e-01	
   2.6068927e-01	   1.9452881e-01	   1.7185819e-01	   1.5812442e-01	
   2.5711536e-01	   1.9023848e-01	   1.6709639e-01	   1.5148075e-01	
   2.7050765e-01	   2.0451217e-01	   1.8178712e-01	   1.6844910e-01	
   2.6672627e-01	   1.9949532e-01	   1.7642734e-01	   1.6109399e-01	
   2.7983080e-01	   2.1353233e-01	   1.9126177e-01	   1.7793808e-01	
   2.7541752e-01	   2.0748081e-01	   1.8454975e-01	   1.6885155e-01	
   2.9056349e-01	   2.2379769e-01	   2.0130590e-01	   1.8842060e-01	
   2.8616580e-01	   2.1830308e-01	   1.9551540e-01	   1.8054758e-01	
   2.9622399e-01	   2.2849103e-01	   2.0595828e-01	   1.9243782e-01	
   2.9688530e-01	   2.2827857e-01	   2.0562348e-01	   1.9081821e-01	
   3.0905517e-01	   2.4161904e-01	   2.1954379e-01	   2.0689453e-01	
   3.0577285e-01	   2.3669912e-01	   2.1394511e-01	   1.9907053e-01	
   3.1709786e-01	   2.4910550e-01	   2.2719960e-01	   2.1421324e-01	
   3.1549287e-01	   2.4551120e-01	   2.2251229e-01	   2.0719090e-01	
   3.2700649e-01	   2.5938926e-01	   2.3764868e-01	   2.2511215e-01	
   3.3179083e-01	   2.6143798e-01	   2.3864114e-01	   2.2436649e-01	
   3.4250226e-01	   2.7310913e-01	   2.5107166e-01	   2.3866106e-01	
   3.3947121e-01	   2.6887964e-01	   2.4645811e-01	   2.3210863e-01	
   3.5257685e-01	   2.8322552e-01	   2.6164570e-01	   2.4950651e-01	
   3.5194965e-01	   2.8108533e-01	   2.5874660e-01	   2.4452553e-01	
   3.6408173e-01	   2.9440337e-01	   2.7243250e-01	   2.6040802e-01	
   3.5948353e-01	   2.8852810e-01	   2.6622068e-01	   2.5181832e-01	
   3.7451252e-01	   3.0420723e-01	   2.8243091e-01	   2.7003578e-01	
   3.7608737e-01	   3.0426078e-01	   2.8191781e-01	   2.6790482e-01	
   3.8925689e-01	   3.1874470e-01	   2.9707625e-01	   2.8513822e-01	
   3.8671219e-01	   3.1415262e-01	   2.9168014e-01	   2.7698764e-01	
   4.0177225e-01	   3.3104859e-01	   3.0936200e-01	   2.9778477e-01	
   4.0137816e-01	   3.2872078e-01	   3.0618555e-01	   2.9220380e-01	
   4.1212056e-01	   3.4082513e-01	   3.1887587e-01	   3.0679426e-01	
   4.1212954e-01	   3.3976183e-01	   3.1748946e-01	   3.0353675e-01	
   4.2715422e-01	   3.5570225e-01	   3.3422095e-01	   3.2227859e-01	
   4.3151086e-01	   3.5802091e-01	   3.3564148e-01	   3.2234059e-01	
   4.3909708e-01	   3.6703436e-01	   3.4498266e-01	   3.3302908e-01	
   4.4378863e-01	   3.6987276e-01	   3.4745802e-01	   3.3359050e-01	
   4.5862777e-01	   3.8551802e-01	   3.6377385e-01	   3.5208669e-01	
   4.5747704e-01	   3.8331652e-01	   3.6129314e-01	   3.4774274e-01	
   4.6846687e-01	   3.9564335e-01	   3.7419117e-01	   3.6209994e-01	
   4.7164085e-01	   3.9776812e-01	   3.7563409e-01	   3.6242026e-01	
   4.8632561e-01	   4.1298905e-01	   3.9145468e-01	   3.7990430e-01	
   4.8724513e-01	   4.1290902e-01	   3.9087266e-01	   3.7725887e-01	
   4.9918432e-01	   4.2485001e-01	   4.0299613e-01	   3.9045752e-01	
   5.0299727e-01	   4.2823730e-01	   4.0604138e-01	   3.9234573e-01	
   5.1697309e-01	   4.4311890e-01	   4.2139130e-01	   4.0948057e-01	
   5.1720887e-01	   4.4229248e-01	   4.2008661e-01	   4.0649490e-01	
   5.3302593e-01	   4.5910504e-01	   4.3755109e-01	   4.2611281e-01	
   5.3694002e-01	   4.6135870e-01	   4.3923116e-01	   4.2569488e-01	
   5.4814397e-01	   4.7397360e-01	   4.5231091e-01	   4.4072102e-01	
   5.5544368e-01	   4.7950729e-01	   4.5714740e-01	   4.4398330e-01	
   5.6612040e-01	   4.9213722e-01	   4.7082448e-01	   4.5914021e-01	
   5.6606472e-01	   4.9043018e-01	   4.6840470e-01	   4.5443096e-01	
   5.8430914e-01	   5.0953513e-01	   4.8805460e-01	   4.7639385e-01	
   5.8623562e-01	   5.1052957e-01	   4.8833816e-01	   4.7457039e-01	
   5.9867077e-01	   5.2346603e-01	   5.0155583e-01	   4.8896421e-01	
   5.9620961e-01	   5.2030865e-01	   4.9780374e-01	   4.8349710e-01	
   6.1895365e-01	   5.4424991e-01	   5.2263478e-01	   5.1094867e-01	
   6.2107456e-01	   5.4577856e-01	   5.2376113e-01	   5.1012225e-01	
   6.3031441e-01	   5.5656978e-01	   5.3514916e-01	   5.2314884e-01	
   6.3636566e-01	   5.6118023e-01	   5.3900523e-01	   5.2526856e-01	
   6.5056057e-01	   5.7679264e-01	   5.5549987e-01	   5.4391036e-01	
   6.5399693e-01	   5.7902969e-01	   5.5686680e-01	   5.4293070e-01	
   6.7011309e-01	   5.9656415e-01	   5.7535760e-01	   5.6321278e-01	
   6.6398066e-01	   5.8924276e-01	   5.6739003e-01	   5.5262909e-01	
   6.8276429e-01	   6.1030518e-01	   5.8906285e-01	   5.7746585e-01	
   6.9269235e-01	   6.1840986e-01	   5.9693869e-01	   5.8323516e-01	
   7.0092229e-01	   6.2856874e-01	   6.0744133e-01	   5.9572338e-01	
   7.0150225e-01	   6.2787077e-01	   6.0618188e-01	   5.9297234e-01	
   7.2108417e-01	   6.4901246e-01	   6.2772992e-01	   6.1552686e-01	
   7.2375905e-01	   6.5180539e-01	   6.3024423e-01	   6.1669569e-01	
   7.4247222e-01	   6.7145011e-01	   6.5043492e-01	   6.3895055e-01	
   7.3240621e-01	   6.6087028e-01	   6.3984833e-01	   6.2541686e-01	
   7.5692444e-01	   6.8698027e-01	   6.6638650e-01	   6.5478753e-01	
   7.5405707e-01	   6.8402172e-01	   6.6329844e-01	   6.4939991e-01	
   7.7573257e-01	   7.0682211e-01	   6.8633640e-01	   6.7452520e-01	
   7.6867572e-01	   6.9930241e-01	   6.7853120e-01	   6.6433671e-01	
   7.9014297e-01	   7.2244351e-01	   7.0252137e-01	   6.9089048e-01	
   7.7913761e-01	   7.1063842e-01	   6.9008331e-01	   6.7612335e-01	
   8.0281386e-01	   7.3673247e-01	   7.1708641e-01	   7.0497372e-01	
   8.0040223e-01	   7.3325012e-01	   7.1276232e-01	   6.9803405e-01	
   8.2255546e-01	   7.5788350e-01	   7.3850054e-01	   7.2682168e-01	
   8.2053972e-01	   7.5602113e-01	   7.3640648e-01	   7.2346615e-01	
   8.3035633e-01	   7.6754355e-01	   7.4842502e-01	   7.3686440e-01	
   8.3024058e-01	   7.6646928e-01	   7.4735748e-01	   7.3329876e-01	
   8.5059325e-01	   7.8967006e-01	   7.7103640e-01	   7.6018196e-01	
   8.5242895e-01	   7.9120512e-01	   7.7259909e-01	   7.6001065e-01	
   8.5453724e-01	   7.9439227e-01	   7.7619926e-01	   7.6400725e-01	
   8.6380232e-01	   8.0491970e-01	   7.8659166e-01	   7.7385391e-01	
   8.7917546e-01	   8.2177412e-01	   8.0402499e-01	   7.9280575e-01	
   8.7372955e-01	   8.1671371e-01	   7.9873927e-01	   7.8617659e-01	
   8.8693989e-01	   8.3210027e-01	   8.1507141e-01	   8.0443088e-01	
   8.8739539e-01	   8.3289934e-01	   8.1521058e-01	   8.0321732e-01	
   9.0297324e-01	   8.4970729e-01	   8.3255482e-01	   8.2196515e-01	
   8.9728039e-01	   8.4476702e-01	   8.2763802e-01	   8.1573008e-01	
   9.1434654e-01	   8.6352039e-01	   8.4719148e-01	   8.3661485e-01	
   9.1263788e-01	   8.6305074e-01	   8.4684966e-01	   8.3534847e-01	
   9.2489736e-01	   8.7700649e-01	   8.6152998e-01	   8.5189057e-01	
   9.2028945e-01	   8.7267895e-01	   8.5705834e-01	   8.4534731e-01	
   9.2961785e-01	   8.8415442e-01	   8.6950620e-01	   8.5944158e-01	
   9.3038410e-01	   8.8494698e-01	   8.6998667e-01	   8.5807753e-01	
   9.4592957e-01	   9.0363543e-01	   8.8962344e-01	   8.8120518e-01	
   9.4165834e-01	   8.9997672e-01	   8.8575431e-01	   8.7545172e-01	
   9.5431054e-01	   9.1407742e-01	   9.0069298e-01	   8.9109449e-01	
   9.5690315e-01	   9.1781835e-01	   9.0488055e-01	   8.9544019e-01	
   9.6227316e-01	   9.2543681e-01	   9.1301742e-01	   9.0525500e-01	
   9.5762934e-01	   9.2165509e-01	   9.0904513e-01	   8.9981269e-01	
   9.7326957e-01	   9.3912249e-01	   9.2720845e-01	   9.1896165e-01	
   9.6500999e-01	   9.3209223e-01	   9.2008034e-01	   9.1092198e-01	
   9.8095142e-01	   9.5027009e-01	   9.3944870e-01	   9.3238974e-01	
   9.7353572e-01	   9.4312768e-01	   9.3192615e-01	   9.2304341e-01	
   9.8178188e-01	   9.5327499e-01	   9.4228145e-01	   9.3444996e-01	
   9.7851943e-01	   9.5177803e-01	   9.4144850e-01	   9.3398355e-01	
   9.8879087e-01	   9.6402085e-01	   9.5482079e-01	   9.4943344e-01	
   9.8248064e-01	   9.5840781e-01	   9.4931676e-01	   9.4221955e-01	
   9.9457441e-01	   9.7254807e-01	   9.6370367e-01	   9.5794233e-01	
   9.8996964e-01	   9.6866648e-01	   9.6000861e-01	   9.5319896e-01	
   9.9262489e-01	   9.7439720e-01	   9.6661429e-01	   9.6218857e-01	
   9.9334524e-01	   9.7588375e-01	   9.6818084e-01	   9.6252669e-01	
   1.0025507e+00	   9.8751193e-01	   9.8090117e-01	   9.7709399e-01	
   9.9059730e-01	   9.7597905e-01	   9.6927736e-01	   9.6361456e-01	
   1.0038244e+00	   9.9203965e-01	   9.8601159e-01	   9.8293350e-01	
   9.9296160e-01	   9.8165984e-01	   9.7538648e-01	   9.7059392e-01	
   1.0087271e+00	   9.9958631e-01	   9.9404316e-01	   9.9079985e-01	
   9.9449754e-01	   9.8628046e-01	   9.8111422e-01	   9.7691001e-01	
   1.0002151e+00	   9.9408148e-01	   9.8977781e-01	   9.8733886e-01	
   1.0002592e+00	   9.9556545e-01	   9.9126139e-01	   9.8801766e-01	
   1.0022449e+00	   9.9956873e-01	   9.9623778e-01	   9.9498048e-01	
   9.9728710e-01	   9.9499132e-01	   9.9188351e-01	   9.8893172e-01	
   1.0057596e+00	   1.0062739e+00	   1.0038532e+00	   1.0029803e+00	
   9.9744454e-01	   9.9869014e-01	   9.9628611e-01	   9.9428156e-01	
   9.9102764e-01	   9.9352429e-01	   9.9120030e-01	   9.8962572e-01	
   9.9546549e-01	   9.9965182e-01	   9.9791596e-01	   9.9605113e-01	
   1.0000437e+00	   1.0069423e+00	   1.0062199e+00	   1.0069159e+00	
   9.9129022e-01	   9.9819871e-01	   9.9789122e-01	   9.9647684e-01	
   9.8873767e-01	   9.9733630e-01	   9.9729602e-01	   9.9663767e-01	
   9.8788120e-01	   9.9748718e-01	   9.9781652e-01	   9.9669924e-01	
   9.8947982e-01	   1.0016881e+00	   1.0025497e+00	   1.0045165e+00	
   9.8462155e-01	   9.9704274e-01	   9.9811404e-01	   9.9809466e-01	
   9.8318141e-01	   9.9837420e-01	   1.0001028e+00	   1.0025212e+00	
   9.8286706e-01	   9.9838744e-01	   1.0001573e+00	   1.0011842e+00	
   9.7632919e-01	   9.9392174e-01	   9.9658336e-01	   9.9909181e-01	
   9.7735799e-01	   9.9552911e-01	   9.9880170e-01	   1.0002167e+00	
   9.7117366e-01	   9.9160940e-01	   9.9513676e-01	   9.9826290e-01	
   9.6794762e-01	   9.8880666e-01	   9.9208240e-01	   9.9424176e-01	
   9.7223129e-01	   9.9520883e-01	   9.9997369e-01	   1.0035718e+00	
   9.5526417e-01	   9.7776728e-01	   9.8252174e-01	   9.8420005e-01	
   9.6488152e-01	   9.8996907e-01	   9.9519888e-01	   9.9932024e-01	
   9.5279347e-01	   9.7774350e-01	   9.8325337e-01	   9.8577802e-01	
   9.5302097e-01	   9.8081174e-01	   9.8686218e-01	   9.9145586e-01	
   9.4644796e-01	   9.7405311e-01	   9.7997751e-01	   9.8295804e-01	
   9.4545788e-01	   9.7470226e-01	   9.8153969e-01	   9.8613262e-01	
   9.3742109e-01	   9.6770162e-01	   9.7412802e-01	   9.7798797e-01	
   9.3797726e-01	   9.7005948e-01	   9.7757181e-01	   9.8341820e-01	
   9.2865878e-01	   9.6065570e-01	   9.6827241e-01	   9.7264190e-01	
   9.3118002e-01	   9.6566849e-01	   9.7375213e-01	   9.7995620e-01	
   9.1812779e-01	   9.5223777e-01	   9.5994516e-01	   9.6490431e-01	
   9.1901967e-01	   9.5535666e-01	   9.6386044e-01	   9.7093554e-01	
   9.1039574e-01	   9.4673216e-01	   9.5516685e-01	   9.6018966e-01	
   9.0815808e-01	   9.4573490e-01	   9.5488153e-01	   9.6116980e-01	
   9.0205929e-01	   9.4012945e-01	   9.4959094e-01	   9.5535185e-01	
   9.0512132e-01	   9.4484124e-01	   9.5538555e-01	   9.6282301e-01	
   8.8724322e-01	   9.2660638e-01	   9.3662065e-01	   9.4216698e-01	
   8.8970582e-01	   9.3148137e-01	   9.4216835e-01	   9.5040409e-01	
   8.8110686e-01	   9.2205019e-01	   9.3239601e-01	   9.3814150e-01	
   8.8773851e-01	   9.3121770e-01	   9.4255542e-01	   9.5150314e-01	
   8.6618051e-01	   9.0864273e-01	   9.1982187e-01	   9.2659395e-01	
   8.7532122e-01	   9.2006080e-01	   9.3174855e-01	   9.4035385e-01	
   8.5416351e-01	   8.9781661e-01	   9.0919864e-01	   9.1624940e-01	
   8.5628513e-01	   9.0175481e-01	   9.1402597e-01	   9.2239270e-01	
   8.4562463e-01	   8.9118706e-01	   9.0326653e-01	   9.1057813e-01	
   8.4755866e-01	   8.9484872e-01	   9.0750436e-01	   9.1663002e-01	
   8.3740981e-01	   8.8411133e-01	   8.9658267e-01	   9.0356925e-01	
   8.4127203e-01	   8.8965022e-01	   9.0277612e-01	   9.1225662e-01	
   8.1925341e-01	   8.6683767e-01	   8.7950512e-01	   8.8731335e-01	
   8.2962309e-01	   8.7952036e-01	   8.9293820e-01	   9.0299448e-01	
   8.1392228e-01	   8.6265635e-01	   8.7578026e-01	   8.8448145e-01	
   8.1389401e-01	   8.6430877e-01	   8.7812787e-01	   8.8866271e-01	
   8.0173216e-01	   8.5139743e-01	   8.6518533e-01	   8.7389199e-01	
   7.9218237e-01	   8.4206704e-01	   8.5594277e-01	   8.6509700e-01	
   7.9258741e-01	   8.4355248e-01	   8.5736938e-01	   8.6646794e-01	
   7.8849582e-01	   8.4004477e-01	   8.5486325e-01	   8.6553173e-01	
   7.8024315e-01	   8.3144261e-01	   8.4549249e-01	   8.5431700e-01	
   7.8306889e-01	   8.3594985e-01	   8.5102216e-01	   8.6207069e-01	
   7.5878394e-01	   8.1000493e-01	   8.2405301e-01	   8.3299241e-01	
   7.6832305e-01	   8.2179551e-01	   8.3688490e-01	   8.4820862e-01	
   7.5388842e-01	   8.0620361e-01	   8.2096680e-01	   8.3052661e-01	
   7.5395714e-01	   8.0732885e-01	   8.2252170e-01	   8.3366818e-01	
   7.4105518e-01	   7.9385058e-01	   8.0864543e-01	   8.1823731e-01	
   7.4141008e-01	   7.9531197e-01	   8.1080157e-01	   8.2186919e-01	
   7.3039198e-01	   7.8333663e-01	   7.9862352e-01	   8.0843114e-01	
   7.3175251e-01	   7.8587872e-01	   8.0162712e-01	   8.1249710e-01	
   7.1728180e-01	   7.7044708e-01	   7.8613546e-01	   7.9608980e-01	
   7.2147379e-01	   7.7637563e-01	   7.9229835e-01	   8.0430243e-01	
   7.0491488e-01	   7.5822692e-01	   7.7366419e-01	   7.8314381e-01	
   7.0358675e-01	   7.5770686e-01	   7.7377570e-01	   7.8472670e-01	
   6.8909267e-01	   7.4135365e-01	   7.5641763e-01	   7.6405680e-01	
   6.9387758e-01	   7.4857164e-01	   7.6452874e-01	   7.7610446e-01	
   6.8613572e-01	   7.4033623e-01	   7.5629281e-01	   7.6659503e-01	
   6.7980293e-01	   7.3460957e-01	   7.5077430e-01	   7.6219184e-01	
   6.6845282e-01	   7.2168956e-01	   7.3724825e-01	   7.4734778e-01	
   6.7607245e-01	   7.3158299e-01	   7.4781484e-01	   7.5987198e-01	
   6.5897342e-01	   7.1287685e-01	   7.2867927e-01	   7.3848545e-01	
   6.6144910e-01	   7.1641613e-01	   7.3244013e-01	   7.4461396e-01	
   6.4738049e-01	   7.0101883e-01	   7.1631090e-01	   7.2566875e-01	
   6.4573424e-01	   7.0014502e-01	   7.1633744e-01	   7.2786864e-01	
   6.3352900e-01	   6.8673247e-01	   7.0253827e-01	   7.1232459e-01	
   6.3979367e-01	   6.9460243e-01	   7.1093538e-01	   7.2285258e-01	
   6.1755096e-01	   6.6988893e-01	   6.8540516e-01	   6.9501330e-01	
   6.2426426e-01	   6.7823928e-01	   6.9456373e-01	   7.0636617e-01	
   6.1178585e-01	   6.6419324e-01	   6.7988679e-01	   6.8982873e-01	
   6.1685300e-01	   6.7023963e-01	   6.8656319e-01	   6.9868211e-01	
   6.0187211e-01	   6.5411649e-01	   6.7024642e-01	   6.8010437e-01	
   5.9954393e-01	   6.5220001e-01	   6.6843793e-01	   6.8029259e-01	
   5.8824345e-01	   6.3955759e-01	   6.5545972e-01	   6.6512916e-01	
   5.8667046e-01	   6.3896255e-01	   6.5465716e-01	   6.6586507e-01	
   5.7331567e-01	   6.2358502e-01	   6.3892309e-01	   6.4804561e-01	
   5.7483521e-01	   6.2605030e-01	   6.4211624e-01	   6.5327723e-01	
   5.6865249e-01	   6.1967262e-01	   6.3532168e-01	   6.4512321e-01	
   5.6530335e-01	   6.1607545e-01	   6.3170452e-01	   6.4254704e-01	
   5.5531477e-01	   6.0494594e-01	   6.1993101e-01	   6.2925015e-01	
   5.5777771e-01	   6.0881441e-01	   6.2428365e-01	   6.3545973e-01	
   5.4622022e-01	   5.9587234e-01	   6.1052784e-01	   6.2018031e-01	
   5.4634983e-01	   5.9612480e-01	   6.1149671e-01	   6.2164180e-01	
   5.3549831e-01	   5.8405317e-01	   5.9898472e-01	   6.0767630e-01	
   5.3926928e-01	   5.8876647e-01	   6.0423174e-01	   6.1480684e-01	
   5.2716680e-01	   5.7544986e-01	   5.9000008e-01	   5.9954607e-01	
   5.2563801e-01	   5.7448937e-01	   5.8935005e-01	   5.9999361e-01	
   5.1481180e-01	   5.6184512e-01	   5.7649612e-01	   5.8514563e-01	
   5.1900819e-01	   5.6717342e-01	   5.8219428e-01	   5.9284469e-01	
   5.0652074e-01	   5.5306695e-01	   5.6738246e-01	   5.7633835e-01	
   5.0773999e-01	   5.5482135e-01	   5.6956291e-01	   5.7984486e-01	
   4.9733764e-01	   5.4289952e-01	   5.5714129e-01	   5.6584093e-01	
   5.0010370e-01	   5.4695926e-01	   5.6177714e-01	   5.7230111e-01	
   4.8671436e-01	   5.3186595e-01	   5.4563896e-01	   5.5439803e-01	
   4.8968813e-01	   5.3559367e-01	   5.4968783e-01	   5.6021719e-01	
   4.7330602e-01	   5.1622510e-01	   5.2952985e-01	   5.3642252e-01	
   4.7932450e-01	   5.2393691e-01	   5.3778868e-01	   5.4773348e-01	
   4.6949684e-01	   5.1282390e-01	   5.2603559e-01	   5.3439632e-01	
   4.7347461e-01	   5.1756777e-01	   5.3150649e-01	   5.4114375e-01	
   4.5781499e-01	   4.9945206e-01	   5.1251856e-01	   5.1940097e-01	
   4.6622600e-01	   5.0944186e-01	   5.2324838e-01	   5.3286000e-01	
   4.4937614e-01	   4.9069727e-01	   5.0345756e-01	   5.1148720e-01	
   4.4983288e-01	   4.9172737e-01	   5.0495411e-01	   5.1428720e-01	
   4.4450391e-01	   4.8511079e-01	   4.9767056e-01	   5.0485831e-01	
   4.4479844e-01	   4.8578924e-01	   4.9880852e-01	   5.0726799e-01	
   4.3467449e-01	   4.7433321e-01	   4.8670838e-01	   4.9367224e-01	
   4.3972378e-01	   4.8038568e-01	   4.9298377e-01	   5.0157541e-01	
   4.2050648e-01	   4.5832139e-01	   4.6972369e-01	   4.7519980e-01	
   4.3413581e-01	   4.7390101e-01	   4.8665269e-01	   4.9530309e-01	
   4.1705744e-01	   4.5433830e-01	   4.6585088e-01	   4.7194737e-01	
   4.2066358e-01	   4.5918161e-01	   4.7155649e-01	   4.7969879e-01	
   4.0636881e-01	   4.4218100e-01	   4.5328778e-01	   4.5840239e-01	
   4.1225451e-01	   4.4949595e-01	   4.6138386e-01	   4.6908156e-01	
   4.0537476e-01	   4.4137827e-01	   4.5270213e-01	   4.5866469e-01	
   4.0492599e-01	   4.4139580e-01	   4.5285101e-01	   4.6074345e-01	
   3.9463212e-01	   4.2879584e-01	   4.3951108e-01	   4.4412552e-01	
   4.0054275e-01	   4.3624585e-01	   4.4785810e-01	   4.5558808e-01	
   3.9007701e-01	   4.2408568e-01	   4.3473007e-01	   4.4046884e-01	
   3.9174923e-01	   4.2598725e-01	   4.3719326e-01	   4.4362329e-01	
   3.8258231e-01	   4.1542996e-01	   4.2572574e-01	   4.3070326e-01	
   3.8479868e-01	   4.1855863e-01	   4.2913272e-01	   4.3612999e-01	
   3.7636885e-01	   4.0861981e-01	   4.1865229e-01	   4.2366535e-01	
   3.8091944e-01	   4.1389539e-01	   4.2415872e-01	   4.3089561e-01	
   3.7279074e-01	   4.0431946e-01	   4.1413604e-01	   4.1916545e-01	
   3.7293136e-01	   4.0485638e-01	   4.1509913e-01	   4.2145141e-01	
   3.6300283e-01	   3.9327825e-01	   4.0298127e-01	   4.0754265e-01	
   3.6764078e-01	   3.9861072e-01	   4.0846502e-01	   4.1457341e-01	
   3.5569912e-01	   3.8472801e-01	   3.9378791e-01	   3.9746597e-01	
   3.6065979e-01	   3.9110498e-01	   4.0069316e-01	   4.0712536e-01	
   3.5214341e-01	   3.8088165e-01	   3.8972413e-01	   3.9389816e-01	
   3.5220175e-01	   3.8122877e-01	   3.9061817e-01	   3.9568839e-01	
   3.4610020e-01	   3.7384738e-01	   3.8232556e-01	   3.8596287e-01	
   3.4835839e-01	   3.7653077e-01	   3.8583010e-01	   3.9062523e-01	
   3.4306708e-01	   3.7017913e-01	   3.7881876e-01	   3.8248625e-01	
   3.3992518e-01	   3.6671602e-01	   3.7483731e-01	   3.7901302e-01	
   3.3332466e-01	   3.5912416e-01	   3.6700167e-01	   3.7000847e-01	
   3.3673996e-01	   3.6302304e-01	   3.7141111e-01	   3.7584030e-01	
   3.2626574e-01	   3.5077684e-01	   3.5824725e-01	   3.6050592e-01	
   3.3182978e-01	   3.5751830e-01	   3.6595019e-01	   3.7012960e-01	
   3.2027297e-01	   3.4404568e-01	   3.5128665e-01	   3.5286870e-01	
   3.2738676e-01	   3.5248480e-01	   3.6022372e-01	   3.6461783e-01	
   3.1843887e-01	   3.4174825e-01	   3.4878608e-01	   3.5095913e-01	
   3.2217632e-01	   3.4638517e-01	   3.5399577e-01	   3.5770126e-01	
   3.1158699e-01	   3.3394146e-01	   3.4078157e-01	   3.4257784e-01	
   3.1567671e-01	   3.3895497e-01	   3.4614164e-01	   3.4987232e-01	
   3.0920690e-01	   3.3104954e-01	   3.3748743e-01	   3.3964616e-01	
   3.0928390e-01	   3.3123489e-01	   3.3809894e-01	   3.4044889e-01	
   2.9988214e-01	   3.2055360e-01	   3.2664156e-01	   3.2765063e-01	
   3.0624304e-01	   3.2797570e-01	   3.3455768e-01	   3.3762091e-01	
   2.9676067e-01	   3.1663428e-01	   3.2238036e-01	   3.2291637e-01	
   3.0085957e-01	   3.2145648e-01	   3.2777823e-01	   3.3019051e-01	
   2.8960692e-01	   3.0839753e-01	   3.1389109e-01	   3.1408424e-01	
   3.0038578e-01	   3.2090191e-01	   3.2706009e-01	   3.3003329e-01	
   2.8963817e-01	   3.0815123e-01	   3.1358789e-01	   3.1441765e-01	
   2.9312155e-01	   3.1252863e-01	   3.1843564e-01	   3.2050176e-01	
   2.8671603e-01	   3.0473266e-01	   3.1015232e-01	   3.1067253e-01	
   2.9029083e-01	   3.0916054e-01	   3.1493950e-01	   3.1723190e-01	
   2.8042916e-01	   2.9768376e-01	   3.0262772e-01	   3.0242652e-01	
   2.8369576e-01	   3.0151080e-01	   3.0667835e-01	   3.0812328e-01	
   2.7564896e-01	   2.9196067e-01	   2.9667232e-01	   2.9579726e-01	
   2.8190582e-01	   2.9952247e-01	   3.0469238e-01	   3.0627194e-01	
   2.7326430e-01	   2.8945336e-01	   2.9379877e-01	   2.9359328e-01	
   2.7621224e-01	   2.9313453e-01	   2.9790993e-01	   2.9941594e-01	
   2.6892705e-01	   2.8427920e-01	   2.8834803e-01	   2.8729080e-01	
   2.7318122e-01	   2.8959704e-01	   2.9410742e-01	   2.9522550e-01	
   2.6696669e-01	   2.8188937e-01	   2.8590547e-01	   2.8508714e-01	
   2.7018545e-01	   2.8569518e-01	   2.9000187e-01	   2.9080446e-01	
   2.6433159e-01	   2.7875831e-01	   2.8282088e-01	   2.8160983e-01	
   2.6563916e-01	   2.8052925e-01	   2.8468880e-01	   2.8468501e-01	
   2.5852520e-01	   2.7208500e-01	   2.7584919e-01	   2.7461526e-01	
   2.6465639e-01	   2.7945231e-01	   2.8353847e-01	   2.8397861e-01	
   2.5536478e-01	   2.6835806e-01	   2.7166530e-01	   2.6995460e-01	
   2.6135295e-01	   2.7555800e-01	   2.7935993e-01	   2.7960260e-01	
   2.5237094e-01	   2.6500246e-01	   2.6816295e-01	   2.6630285e-01	
   2.5604534e-01	   2.6936845e-01	   2.7294174e-01	   2.7282328e-01	
   2.4747472e-01	   2.5927150e-01	   2.6216753e-01	   2.5956745e-01	
   2.5326883e-01	   2.6631432e-01	   2.6953177e-01	   2.6933171e-01	
   2.4670286e-01	   2.5842242e-01	   2.6117435e-01	   2.5904307e-01	
   2.4998538e-01	   2.6257801e-01	   2.6582039e-01	   2.6545031e-01	
   2.4077684e-01	   2.5170950e-01	   2.5406631e-01	   2.5117869e-01	
   2.4694168e-01	   2.5881895e-01	   2.6193881e-01	   2.6118145e-01	
   2.3824272e-01	   2.4872078e-01	   2.5095955e-01	   2.4795891e-01	
   2.4302929e-01	   2.5422162e-01	   2.5700377e-01	   2.5565558e-01	
   2.3494892e-01	   2.4504950e-01	   2.4718798e-01	   2.4396453e-01	
   2.4131082e-01	   2.5272581e-01	   2.5522700e-01	   2.5426160e-01	
   2.3384055e-01	   2.4382594e-01	   2.4576039e-01	   2.4260038e-01	
   2.3646943e-01	   2.4740105e-01	   2.4971513e-01	   2.4824394e-01	
   2.2832227e-01	   2.3738155e-01	   2.3914657e-01	   2.3526541e-01	
   2.3520005e-01	   2.4561334e-01	   2.4796121e-01	   2.4667477e-01	
   2.2750475e-01	   2.3660092e-01	   2.3811349e-01	   2.3452176e-01	
   2.3025273e-01	   2.3997668e-01	   2.4183283e-01	   2.3960797e-01	
   2.2218961e-01	   2.3065543e-01	   2.3186430e-01	   2.2724783e-01	
   2.2919566e-01	   2.3884389e-01	   2.4083961e-01	   2.3876497e-01	
   2.2092103e-01	   2.2907442e-01	   2.3026154e-01	   2.2627781e-01	
   2.2647889e-01	   2.3594720e-01	   2.3765348e-01	   2.3567115e-01	
   2.1490622e-01	   2.2233034e-01	   2.2293960e-01	   2.1794781e-01	
   2.2180537e-01	   2.3034557e-01	   2.3191139e-01	   2.2924070e-01	
   2.1721775e-01	   2.2502753e-01	   2.2604413e-01	   2.2190673e-01	
   2.1838323e-01	   2.2688187e-01	   2.2812000e-01	   2.2500045e-01	
   2.1152073e-01	   2.1866459e-01	   2.1920497e-01	   2.1466375e-01	
   2.1832315e-01	   2.2685177e-01	   2.2799578e-01	   2.2562970e-01	
   2.0943367e-01	   2.1651295e-01	   2.1699075e-01	   2.1260475e-01	
   2.1425606e-01	   2.2208047e-01	   2.2340427e-01	   2.2028230e-01	
   2.0439105e-01	   2.1087287e-01	   2.1115251e-01	   2.0568516e-01	
   2.1263948e-01	   2.2051858e-01	   2.2154248e-01	   2.1864138e-01	
   2.0383004e-01	   2.1038275e-01	   2.1089207e-01	   2.0600130e-01	
   2.0757641e-01	   2.1475875e-01	   2.1547831e-01	   2.1159107e-01	
   2.0189791e-01	   2.0813887e-01	   2.0857883e-01	   2.0333610e-01	
   2.0634484e-01	   2.1356760e-01	   2.1445221e-01	   2.1098906e-01	
   1.9924356e-01	   2.0550887e-01	   2.0562284e-01	   2.0069533e-01	
   2.0468407e-01	   2.1215122e-01	   2.1267878e-01	   2.0920921e-01	
   1.9708884e-01	   2.0319180e-01	   2.0314607e-01	   1.9764337e-01	
   2.0084238e-01	   2.0762076e-01	   2.0828158e-01	   2.0437410e-01	
   1.9425365e-01	   2.0031634e-01	   2.0008507e-01	   1.9479833e-01	
   1.9596542e-01	   2.0236454e-01	   2.0262331e-01	   1.9803480e-01	
   1.9116743e-01	   1.9667958e-01	   1.9646427e-01	   1.9080215e-01	
   1.9679472e-01	   2.0343738e-01	   2.0346371e-01	   1.9959793e-01	
   1.8851277e-01	   1.9395885e-01	   1.9367591e-01	   1.8784249e-01	
   1.9172159e-01	   1.9779198e-01	   1.9770163e-01	   1.9315572e-01	
   1.8256870e-01	   1.8739797e-01	   1.8674266e-01	   1.8014047e-01	
   1.9185657e-01	   1.9820497e-01	   1.9828171e-01	   1.9421370e-01	
   1.8418958e-01	   1.8928352e-01	   1.8867247e-01	   1.8271934e-01	
   1.8889114e-01	   1.9508215e-01	   1.9506031e-01	   1.9048549e-01	
   1.7888391e-01	   1.8374013e-01	   1.8307802e-01	   1.7662702e-01	
   1.8666002e-01	   1.9293754e-01	   1.9287481e-01	   1.8859626e-01	
   1.7844306e-01	   1.8317225e-01	   1.8269592e-01	   1.7633203e-01	
   1.7900991e-01	   1.8413516e-01	   1.8370486e-01	   1.7770132e-01	
   1.7642973e-01	   1.8124106e-01	   1.8053713e-01	   1.7410066e-01	
   1.8214964e-01	   1.8810779e-01	   1.8781880e-01	   1.8322470e-01	
   1.7266270e-01	   1.7719881e-01	   1.7620890e-01	   1.6936798e-01	
   1.7698296e-01	   1.8243873e-01	   1.8194503e-01	   1.7673623e-01	
   1.6856677e-01	   1.7243383e-01	   1.7128508e-01	   1.6367965e-01	
   1.7652732e-01	   1.8222214e-01	   1.8191661e-01	   1.7705199e-01	
   1.6891537e-01	   1.7334462e-01	   1.7236533e-01	   1.6543974e-01	
   1.7322608e-01	   1.7900775e-01	   1.7859898e-01	   1.7360658e-01	
   1.6537848e-01	   1.6965196e-01	   1.6851221e-01	   1.6125333e-01	
   1.7114396e-01	   1.7673823e-01	   1.7613912e-01	   1.7112017e-01	
   1.6396547e-01	   1.6841182e-01	   1.6711711e-01	   1.6012826e-01	
   1.6897301e-01	   1.7449244e-01	   1.7387284e-01	   1.6869157e-01	
   1.5961881e-01	   1.6363932e-01	   1.6222574e-01	   1.5462094e-01	
   1.6643805e-01	   1.7207733e-01	   1.7146303e-01	   1.6649735e-01	
   1.5884365e-01	   1.6312403e-01	   1.6193332e-01	   1.5498360e-01	
   1.6277576e-01	   1.6800284e-01	   1.6703158e-01	   1.6148584e-01	
   1.5435961e-01	   1.5816873e-01	   1.5672188e-01	   1.4905305e-01	
   1.6210711e-01	   1.6746890e-01	   1.6687409e-01	   1.6135888e-01	
   1.5356442e-01	   1.5769948e-01	   1.5628699e-01	   1.4899550e-01	
   1.5958721e-01	   1.6495424e-01	   1.6403466e-01	   1.5857499e-01	
   1.5090106e-01	   1.5471596e-01	   1.5322458e-01	   1.4556785e-01	
   1.5461141e-01	   1.5966629e-01	   1.5842519e-01	   1.5247795e-01	
   1.4705633e-01	   1.5084423e-01	   1.4935712e-01	   1.4191154e-01	
   1.5174925e-01	   1.5651588e-01	   1.5542472e-01	   1.4909746e-01	
   1.4737081e-01	   1.5126939e-01	   1.4992167e-01	   1.4243338e-01	
   1.5161394e-01	   1.5667824e-01	   1.5581119e-01	   1.4994099e-01	
   1.4031092e-01	   1.4368525e-01	   1.4187135e-01	   1.3331384e-01	
   1.4819711e-01	   1.5318437e-01	   1.5204698e-01	   1.4615460e-01	
   1.4175541e-01	   1.4558849e-01	   1.4400818e-01	   1.3623783e-01	
   1.4529193e-01	   1.5007450e-01	   1.4913615e-01	   1.4288506e-01	
   1.3897789e-01	   1.4266807e-01	   1.4101768e-01	   1.3314597e-01	
   1.4284889e-01	   1.4759248e-01	   1.4637985e-01	   1.4022961e-01	
   1.3056314e-01	   1.3325462e-01	   1.3120365e-01	   1.2207818e-01	
   1.3903634e-01	   1.4338103e-01	   1.4213616e-01	   1.3527348e-01	
   1.3392787e-01	   1.3761834e-01	   1.3591184e-01	   1.2821459e-01	
   1.3872486e-01	   1.4356713e-01	   1.4253740e-01	   1.3643919e-01	
   1.3009966e-01	   1.3351797e-01	   1.3186383e-01	   1.2353893e-01	
   1.3566670e-01	   1.4058131e-01	   1.3920919e-01	   1.3292188e-01	
   1.2719741e-01	   1.3070203e-01	   1.2885787e-01	   1.2093546e-01	
   1.3125876e-01	   1.3564171e-01	   1.3432895e-01	   1.2747041e-01	
   1.2412477e-01	   1.2721543e-01	   1.2540488e-01	   1.1695418e-01	
   1.2893528e-01	   1.3332165e-01	   1.3184041e-01	   1.2513353e-01	
   1.2472103e-01	   1.2817870e-01	   1.2651720e-01	   1.1869890e-01	
   1.3027733e-01	   1.3531212e-01	   1.3415369e-01	   1.2803601e-01	
   1.1742259e-01	   1.2028652e-01	   1.1812600e-01	   1.0921951e-01	
   1.2679261e-01	   1.3154289e-01	   1.3032249e-01	   1.2418375e-01	
   1.1866073e-01	   1.2199181e-01	   1.2025726e-01	   1.1236860e-01	
   1.2295352e-01	   1.2742920e-01	   1.2614943e-01	   1.1922678e-01	
   1.1433179e-01	   1.1730387e-01	   1.1535669e-01	   1.0690500e-01	
   1.2179772e-01	   1.2644637e-01	   1.2526349e-01	   1.1875724e-01	
   1.1447452e-01	   1.1782608e-01	   1.1601083e-01	   1.0838440e-01	
   1.2051269e-01	   1.2509869e-01	   1.2378825e-01	   1.1757426e-01	
   1.1106854e-01	   1.1440679e-01	   1.1257359e-01	   1.0432628e-01	
   1.1757773e-01	   1.2213263e-01	   1.2084976e-01	   1.1459950e-01	
   1.1060749e-01	   1.1414153e-01	   1.1243853e-01	   1.0489708e-01	
   1.1596883e-01	   1.2061105e-01	   1.1939490e-01	   1.1312698e-01	
   1.0709013e-01	   1.1038625e-01	   1.0863482e-01	   1.0090440e-01	
   1.1138773e-01	   1.1574103e-01	   1.1431518e-01	   1.0769061e-01	
   1.0503284e-01	   1.0830279e-01	   1.0658198e-01	   9.9289022e-02	
   1.0997348e-01	   1.1456435e-01	   1.1310436e-01	   1.0678338e-01	
   9.9600303e-02	   1.0238283e-01	   1.0053617e-01	   9.2648103e-02	
   1.0744483e-01	   1.1185773e-01	   1.1061198e-01	   1.0422586e-01	
   9.8516934e-02	   1.0153597e-01	   9.9617605e-02	   9.2132200e-02	
   1.0573043e-01	   1.1003309e-01	   1.0883546e-01	   1.0248347e-01	
   9.7168013e-02	   1.0023222e-01	   9.8496772e-02	   9.1327613e-02	
   1.0466595e-01	   1.0919088e-01	   1.0791488e-01	   1.0171073e-01	
   9.6534306e-02	   9.9799623e-02	   9.8180339e-02	   9.1326977e-02	
   1.0091775e-01	   1.0521646e-01	   1.0395937e-01	   9.7848194e-02	
   9.3932992e-02	   9.7132173e-02	   9.5398998e-02	   8.8778251e-02	
   9.7527523e-02	   1.0170223e-01	   1.0021815e-01	   9.4095236e-02	
   9.0027316e-02	   9.2942828e-02	   9.1221915e-02	   8.4323505e-02	
   9.5064191e-02	   9.9172815e-02	   9.7631031e-02	   9.1704842e-02	
   8.8293785e-02	   9.1260753e-02	   8.9518214e-02	   8.3198493e-02	
   9.4457788e-02	   9.8789201e-02	   9.7602221e-02	   9.1697530e-02	
   8.7087152e-02	   9.0271879e-02	   8.8609151e-02	   8.2704528e-02	
   9.1728370e-02	   9.5867346e-02	   9.4469901e-02	   8.8667504e-02	
   8.3529671e-02	   8.6519583e-02	   8.4703981e-02	   7.8850573e-02	
   8.9393810e-02	   9.3429691e-02	   9.2154265e-02	   8.6662129e-02	
   8.2547102e-02	   8.5623621e-02	   8.4067346e-02	   7.8557331e-02	
   8.7065924e-02	   9.0817344e-02	   8.9612733e-02	   8.4003769e-02	
   7.9716117e-02	   8.2661890e-02	   8.1232282e-02	   7.5917305e-02	
   8.3880002e-02	   8.7517083e-02	   8.6356827e-02	   8.0956786e-02	
   7.7253152e-02	   8.0010979e-02	   7.8489854e-02	   7.3613019e-02	
   8.1932688e-02	   8.5644533e-02	   8.4520765e-02	   7.9553474e-02	
   7.6522551e-02	   7.9540257e-02	   7.8179327e-02	   7.3676817e-02	
   8.2883081e-02	   8.6984142e-02	   8.5830379e-02	   8.1097525e-02	
   7.3787493e-02	   7.6764271e-02	   7.5532445e-02	   7.1420433e-02	
   7.8684817e-02	   8.2507951e-02	   8.1383821e-02	   7.6960609e-02	
   7.1002068e-02	   7.3787393e-02	   7.2564078e-02	   6.8482131e-02	
   7.7656020e-02	   8.1549094e-02	   8.0474073e-02	   7.6290561e-02	
   7.0566657e-02	   7.3707879e-02	   7.2483514e-02	   6.9054997e-02	
   7.4348002e-02	   7.8048180e-02	   7.6983710e-02	   7.3130764e-02	
   6.4444076e-02	   6.6998741e-02	   6.5784291e-02	   6.2804502e-02	
   7.2331763e-02	   7.6009128e-02	   7.4963618e-02	   7.1414763e-02	
   6.6939717e-02	   7.0053742e-02	   6.9063227e-02	   6.6623589e-02	
   6.8021584e-02	   7.1325843e-02	   7.0181534e-02	   6.6747213e-02	
   6.4759027e-02	   6.7915774e-02	   6.6988298e-02	   6.4817984e-02	
   6.9280386e-02	   7.2956235e-02	   7.2109718e-02	   6.9209619e-02	
   6.1923903e-02	   6.4959808e-02	   6.4168131e-02	   6.2595459e-02	
   6.7586207e-02	   7.1411838e-02	   7.0453534e-02	   6.8029180e-02	
   6.0282361e-02	   6.3435608e-02	   6.2769863e-02	   6.1562012e-02	
   6.5857516e-02	   6.9624327e-02	   6.8739002e-02	   6.6599744e-02	
   5.9128264e-02	   6.2293829e-02	   6.1734175e-02	   6.0976269e-02	
   6.2951632e-02	   6.6387081e-02	   6.5599918e-02	   6.3560922e-02	
   5.6662463e-02	   5.9718416e-02	   5.9286777e-02	   5.9029130e-02	
   6.2576935e-02	   6.6348517e-02	   6.5750901e-02	   6.4189161e-02	
   5.6126887e-02	   5.9443418e-02	   5.9043244e-02	   5.8986685e-02	
   6.0794339e-02	   6.4577704e-02	   6.4025710e-02	   6.2873811e-02	
   5.4086683e-02	   5.7321154e-02	   5.7029487e-02	   5.7521800e-02	
   5.8785243e-02	   6.2569464e-02	   6.2118844e-02	   6.1505048e-02	
   5.3096704e-02	   5.6560207e-02	   5.6409975e-02	   5.7309208e-02	
   5.4822057e-02	   5.8357100e-02	   5.7950194e-02	   5.7855367e-02	
   4.8837626e-02	   5.2079047e-02	   5.2036105e-02	   5.3407828e-02	
   5.5712971e-02	   5.9599225e-02	   5.9352915e-02	   5.9514458e-02	
   5.0411512e-02	   5.4021609e-02	   5.4148191e-02	   5.5883640e-02	
   5.2059930e-02	   5.5485896e-02	   5.5352413e-02	   5.5806965e-02	
   4.6199162e-02	   4.9595751e-02	   4.9804757e-02	   5.2118389e-02	
   5.2370408e-02	   5.6171663e-02	   5.6281809e-02	   5.7307406e-02	
   4.6943249e-02	   5.0611023e-02	   5.1013602e-02	   5.3521383e-02	
   5.1073589e-02	   5.4901231e-02	   5.5030542e-02	   5.6381526e-02	
   4.4679715e-02	   4.8305281e-02	   4.8879641e-02	   5.1948400e-02	
   5.0032877e-02	   5.3890173e-02	   5.4206538e-02	   5.5951519e-02	
   4.4440231e-02	   4.8435366e-02	   4.9027970e-02	   5.2461600e-02	
   4.7178193e-02	   5.1015072e-02	   5.1387184e-02	   5.3823369e-02	
   4.2789043e-02	   4.6769988e-02	   4.7653459e-02	   5.1580285e-02	
   4.7129929e-02	   5.1133428e-02	   5.1558458e-02	   5.4200493e-02	
   4.2386609e-02	   4.6475350e-02	   4.7458899e-02	   5.1483950e-02	
   4.5336119e-02	   4.9277059e-02	   4.9967383e-02	   5.3035632e-02	
   3.8295688e-02	   4.2233407e-02	   4.3331172e-02	   4.8280808e-02	
   4.2806766e-02	   4.6755199e-02	   4.7413223e-02	   5.1011817e-02	
   4.0173877e-02	   4.4467944e-02	   4.5665216e-02	   5.0426551e-02	
   4.3153993e-02	   4.7350002e-02	   4.8250412e-02	   5.1954812e-02	
   3.7056946e-02	   4.1228114e-02	   4.2578828e-02	   4.7945758e-02	
   4.2220589e-02	   4.6484892e-02	   4.7490876e-02	   5.1534926e-02	
   3.8673021e-02	   4.3100267e-02	   4.4481328e-02	   4.9743892e-02	
   4.0381686e-02	   4.4678417e-02	   4.5844452e-02	   5.0497663e-02	
   3.7473899e-02	   4.2020549e-02	   4.3536735e-02	   4.9153434e-02	
   3.9971342e-02	   4.4419719e-02	   4.5623093e-02	   5.0430473e-02	
   3.6185090e-02	   4.0729562e-02	   4.2376562e-02	   4.8367446e-02	
   3.8812940e-02	   4.3298097e-02	   4.4580428e-02	   4.9624931e-02	
   3.4563842e-02	   3.9178327e-02	   4.1008901e-02	   4.7398009e-02	
   3.7875464e-02	   4.2311569e-02	   4.3787245e-02	   4.9177703e-02	
   3.4717779e-02	   3.9429551e-02	   4.1362963e-02	   4.7739630e-02	
   3.6893763e-02	   4.1411155e-02	   4.2983189e-02	   4.8709120e-02	
   3.4053899e-02	   3.8814790e-02	   4.0745548e-02	   4.7397956e-02	
   3.6583051e-02	   4.1243182e-02	   4.2986999e-02	   4.8842917e-02	
   3.2487089e-02	   3.7286336e-02	   3.9338633e-02	   4.6337060e-02	
   3.5521878e-02	   4.0260391e-02	   4.1909831e-02	   4.8097148e-02	
   3.2705379e-02	   3.7697342e-02	   3.9782291e-02	   4.6809670e-02	
   3.5232128e-02	   4.0008531e-02	   4.1854908e-02	   4.8089094e-02	
   3.2722568e-02	   3.7702193e-02	   3.9795176e-02	   4.6914483e-02	
   3.4652092e-02	   3.9529699e-02	   4.1409752e-02	   4.7785201e-02	
   3.2084823e-02	   3.7200977e-02	   3.9397151e-02	   4.6652293e-02	
   3.3995489e-02	   3.8934140e-02	   4.0865624e-02	   4.7489203e-02	
   3.2190430e-02	   3.7217397e-02	   3.9466499e-02	   4.6735433e-02	
   3.3532575e-02	   3.8490135e-02	   4.0488660e-02	   4.7358903e-02	
   3.1539433e-02	   3.6748385e-02	   3.9002250e-02	   4.6497988e-02	
   3.2920430e-02	   3.7988443e-02	   4.0089265e-02	   4.7068787e-02	
   3.0427360e-02	   3.5620720e-02	   3.8024353e-02	   4.5721273e-02	
   3.1672510e-02	   3.6680241e-02	   3.8988552e-02	   4.6208826e-02	
   3.0454128e-02	   3.5721782e-02	   3.8197124e-02	   4.5935879e-02	
   3.2138461e-02	   3.7254172e-02	   3.9415430e-02	   4.6687477e-02	
   3.0628459e-02	   3.5933527e-02	   3.8357353e-02	   4.6091614e-02	
   3.1581155e-02	   3.6759636e-02	   3.9074253e-02	   4.6405628e-02	
   2.9677800e-02	   3.4957455e-02	   3.7526500e-02	   4.5491830e-02	
   3.1278488e-02	   3.6454223e-02	   3.8784060e-02	   4.6244753e-02	
   3.0040113e-02	   3.5392992e-02	   3.7901966e-02	   4.5880506e-02	
   3.0179364e-02	   3.5501648e-02	   3.7962881e-02	   4.5643379e-02	
   2.9560945e-02	   3.4925411e-02	   3.7498033e-02	   4.5589807e-02	
   3.0418548e-02	   3.5758199e-02	   3.8202689e-02	   4.5956174e-02	
   2.9607306e-02	   3.4992600e-02	   3.7577441e-02	   4.5667383e-02	
   3.0205766e-02	   3.5540610e-02	   3.8004832e-02	   4.5746602e-02	
   2.9383109e-02	   3.4809758e-02	   3.7408308e-02	   4.5516682e-02	
   2.9714982e-02	   3.5028183e-02	   3.7587073e-02	   4.5563365e-02	
   2.9167690e-02	   3.4602267e-02	   3.7169442e-02	   4.5369478e-02	
   2.9597493e-02	   3.4987114e-02	   3.7543794e-02	   4.5589330e-02	
   2.7871806e-02	   3.3326826e-02	   3.6040090e-02	   4.4619204e-02	
   2.9452668e-02	   3.4866054e-02	   3.7399062e-02	   4.5485047e-02	
   2.8805944e-02	   3.4299280e-02	   3.7010582e-02	   4.5256081e-02	
   2.8765324e-02	   3.4181162e-02	   3.6812854e-02	   4.5032891e-02	
   2.8165061e-02	   3.3610650e-02	   3.6387603e-02	   4.4851668e-02	
   2.9044026e-02	   3.4458148e-02	   3.7061652e-02	   4.5253432e-02	
   2.7872040e-02	   3.3365310e-02	   3.6139104e-02	   4.4641725e-02	
   2.8740290e-02	   3.4162079e-02	   3.6864694e-02	   4.5111262e-02	
   2.7374280e-02	   3.2900910e-02	   3.5745874e-02	   4.4345304e-02	
   2.8688021e-02	   3.4190187e-02	   3.6832845e-02	   4.5129278e-02	
   2.8213192e-02	   3.3714257e-02	   3.6513714e-02	   4.4975133e-02	
   2.8329479e-02	   3.3831977e-02	   3.6475230e-02	   4.4873765e-02	
   2.8080549e-02	   3.3555786e-02	   3.6379641e-02	   4.4859351e-02	
   2.8310588e-02	   3.3841479e-02	   3.6523217e-02	   4.4798255e-02	
   2.8062192e-02	   3.3588744e-02	   3.6400360e-02	   4.4901001e-02	
   2.8305614e-02	   3.3798144e-02	   3.6516625e-02	   4.4915043e-02	
   2.7786193e-02	   3.3334181e-02	   3.6144455e-02	   4.4699642e-02	
   2.8166463e-02	   3.3610571e-02	   3.6371721e-02	   4.4814841e-02	
   2.7842734e-02	   3.3419777e-02	   3.6224292e-02	   4.4774622e-02	
   2.8060823e-02	   3.3548788e-02	   3.6290044e-02	   4.4755493e-02	
   2.7721774e-02	   3.3264447e-02	   3.6086194e-02	   4.4690899e-02	
   2.7932320e-02	   3.3488040e-02	   3.6246466e-02	   4.4733184e-02	
   2.7711460e-02	   3.3255144e-02	   3.6160979e-02	   4.4714744e-02	
   2.7667736e-02	   3.3204096e-02	   3.6014620e-02	   4.4599281e-02	
   2.7320375e-02	   3.2917489e-02	   3.5749598e-02	   4.4386953e-02	
   2.7701948e-02	   3.3200995e-02	   3.5989278e-02	   4.4565897e-02	
   2.7484326e-02	   3.3060772e-02	   3.5923739e-02	   4.4570349e-02	
   2.7365468e-02	   3.2862863e-02	   3.5729307e-02	   4.4352722e-02	
   2.7508925e-02	   3.3096156e-02	   3.5949552e-02	   4.4577926e-02	
   2.7583724e-02	   3.3140525e-02	   3.5951564e-02	   4.4501039e-02	
   2.7367938e-02	   3.2975653e-02	   3.5827936e-02	   4.4406718e-02	
   2.7419106e-02	   3.2969848e-02	   3.5798527e-02	   4.4444234e-02	
   2.7386463e-02	   3.2982849e-02	   3.5846857e-02	   4.4532832e-02	
   2.7392805e-02	   3.2931284e-02	   3.5814280e-02	   4.4477406e-02	
   2.7283760e-02	   3.2896139e-02	   3.5717492e-02	   4.4425900e-02	
   2.7257258e-02	   3.2815631e-02	   3.5617451e-02	   4.4304025e-02	
   2.7083127e-02	   3.2658751e-02	   3.5520962e-02	   4.4271172e-02	
   2.7067173e-02	   3.2637759e-02	   3.5458206e-02	   4.4166783e-02	
   2.7256524e-02	   3.2832369e-02	   3.5732518e-02	   4.4482440e-02	
   2.6821414e-02	   3.2375403e-02	   3.5235863e-02	   4.4014121e-02	
   2.7199215e-02	   3.2789869e-02	   3.5700069e-02	   4.4344032e-02	
   2.7173914e-02	   3.2758699e-02	   3.5631577e-02	   4.4267940e-02	
   2.7111999e-02	   3.2737111e-02	   3.5574001e-02	   4.4344350e-02	
   2.7217038e-02	   3.2758461e-02	   3.5589754e-02	   4.4308264e-02	
   2.6939504e-02	   3.2589534e-02	   3.5461417e-02	   4.4208115e-02	
