   3.2848090e+02	   3.2859072e+02	   1.0982369e-01	
   2.9378590e+02	   2.9421863e+02	   4.3272979e-01	
   2.9378600e+02	   2.9412446e+02	   3.3846033e-01	
   3.2857110e+02	   3.2852088e+02	  -5.0215544e-02	
   3.0270110e+02	   3.0281586e+02	   1.1475548e-01	
   2.9376740e+02	   2.9389137e+02	   1.2397238e-01	
   3.1149190e+02	   3.1141030e+02	  -8.1603830e-02	
   3.0269330e+02	   3.0280323e+02	   1.0993298e-01	
   3.1151410e+02	   3.1193465e+02	   4.2054715e-01	
   3.2038090e+02	   3.2008619e+02	  -2.9470998e-01	
   3.0270750e+02	   3.0248469e+02	  -2.2281088e-01	
   3.0269450e+02	   3.0297399e+02	   2.7949433e-01	
   3.2850280e+02	   3.2849695e+02	  -5.8455966e-03	
   2.9375300e+02	   2.9363722e+02	  -1.1577600e-01	
   3.0269710e+02	   3.0275664e+02	   5.9535680e-02	
   3.2037930e+02	   3.1913027e+02	  -1.2490331e+00	
   3.0268130e+02	   3.0262441e+02	  -5.6889538e-02	
   3.2038240e+02	   3.2121045e+02	   8.2804585e-01	
   3.0269010e+02	   3.0256118e+02	  -1.2891658e-01	
   2.9376050e+02	   2.9363370e+02	  -1.2680404e-01	
   3.2854080e+02	   3.2853377e+02	  -7.0284013e-03	
   3.1148770e+02	   3.1111459e+02	  -3.7311143e-01	
   3.2853700e+02	   3.2844288e+02	  -9.4116005e-02	
   3.2038720e+02	   3.2042668e+02	   3.9484014e-02	
   2.9378220e+02	   2.9401729e+02	   2.3508687e-01	
   3.0269160e+02	   3.0272610e+02	   3.4500136e-02	
   3.1150360e+02	   3.1142054e+02	  -8.3064208e-02	
   3.2857220e+02	   3.2850242e+02	  -6.9776629e-02	
   3.2851500e+02	   3.2848193e+02	  -3.3067243e-02	
   3.1150460e+02	   3.1160436e+02	   9.9755200e-02	
   3.2857710e+02	   3.2856136e+02	  -1.5738606e-02	
   3.1150620e+02	   3.1218550e+02	   6.7930305e-01	
   2.9376780e+02	   2.9369779e+02	  -7.0013560e-02	
   2.9377450e+02	   2.9388521e+02	   1.1071304e-01	
   3.0270150e+02	   3.0268426e+02	  -1.7242662e-02	
   3.0270920e+02	   3.0260099e+02	  -1.0821091e-01	
   3.2037040e+02	   3.1995150e+02	  -4.1890472e-01	
   3.1149880e+02	   3.1180990e+02	   3.1110397e-01	
   3.1151010e+02	   3.1183052e+02	   3.2041572e-01	
   3.2856680e+02	   3.2851579e+02	  -5.1008943e-02	
   3.2848600e+02	   3.2846655e+02	  -1.9448372e-02	
   3.2849500e+02	   3.2852782e+02	   3.2819594e-02	
   2.9376480e+02	   2.9376686e+02	   2.0641739e-03	
   3.2853020e+02	   3.2845416e+02	  -7.6040381e-02	
   3.1149850e+02	   3.1182677e+02	   3.2827170e-01	
   3.1151040e+02	   3.1158094e+02	   7.0536247e-02	
   3.0270270e+02	   3.0248800e+02	  -2.1469947e-01	
   3.0271100e+02	   3.0251052e+02	  -2.0047961e-01	
   3.1150280e+02	   3.1135988e+02	  -1.4291514e-01	
   3.1149530e+02	   3.1181113e+02	   3.1583187e-01	
   3.1149500e+02	   3.1148097e+02	  -1.4025037e-02	
   3.2856250e+02	   3.2847880e+02	  -8.3700485e-02	
   2.9375310e+02	   2.9361089e+02	  -1.4221401e-01	
   3.0271280e+02	   3.0275552e+02	   4.2720909e-02	
   3.2038200e+02	   3.2008832e+02	  -2.9367778e-01	
   3.2038380e+02	   3.2130689e+02	   9.2309303e-01	
   2.9375980e+02	   2.9360342e+02	  -1.5637935e-01	
   3.2850450e+02	   3.2848026e+02	  -2.4237132e-02	
   3.2038600e+02	   3.2057347e+02	   1.8747276e-01	
   3.0269880e+02	   3.0274734e+02	   4.8538552e-02	
   3.1151020e+02	   3.1155440e+02	   4.4204786e-02	
   2.9375450e+02	   2.9729706e+02	   3.5425562e+00	
   3.1148630e+02	   3.1092421e+02	  -5.6208959e-01	
   3.2856630e+02	   3.2847809e+02	  -8.8209056e-02	
   3.0269790e+02	   3.0253182e+02	  -1.6607876e-01	
   3.2036960e+02	   3.2065337e+02	   2.8377396e-01	
   3.0268330e+02	   3.0241424e+02	  -2.6905803e-01	
   3.0270080e+02	   3.0283727e+02	   1.3646908e-01	
   3.2036940e+02	   3.2022504e+02	  -1.4435917e-01	
   3.2849060e+02	   3.2851740e+02	   2.6799339e-02	
   3.2036990e+02	   3.1999574e+02	  -3.7415740e-01	
   3.2856250e+02	   3.2843069e+02	  -1.3180961e-01	
   2.9375670e+02	   2.9361278e+02	  -1.4392345e-01	
   3.1149560e+02	   3.1122149e+02	  -2.7411303e-01	
   3.1149370e+02	   3.1150695e+02	   1.3247353e-02	
   2.9378280e+02	   2.9433748e+02	   5.5467932e-01	
   3.1148610e+02	   3.1147890e+02	  -7.1999150e-03	
   3.1150510e+02	   3.1086342e+02	  -6.4168009e-01	
   2.9375240e+02	   2.9339174e+02	  -3.6066122e-01	
   3.0269480e+02	   3.0277752e+02	   8.2720764e-02	
   3.1148660e+02	   3.1123589e+02	  -2.5071378e-01	
   3.0269810e+02	   3.0259994e+02	  -9.8155456e-02	
   3.2855810e+02	   3.2858584e+02	   2.7738377e-02	
   2.9377590e+02	   2.9401927e+02	   2.4336502e-01	
   2.9375440e+02	   2.9365323e+02	  -1.0116665e-01	
   3.2037190e+02	   3.2051029e+02	   1.3838889e-01	
   3.2852560e+02	   3.2843072e+02	  -9.4880214e-02	
   3.2037510e+02	   3.2181934e+02	   1.4442373e+00	
   2.9375840e+02	   2.9362518e+02	  -1.3322277e-01	
   3.2038390e+02	   3.2029910e+02	  -8.4799093e-02	
   3.2037380e+02	   3.2016860e+02	  -2.0519884e-01	
   3.1150650e+02	   3.1190933e+02	   4.0282563e-01	
   3.0268690e+02	   3.0263638e+02	  -5.0523775e-02	
   3.0269370e+02	   3.0253806e+02	  -1.5563904e-01	
   3.2037600e+02	   3.2016781e+02	  -2.0818622e-01	
   3.0270960e+02	   3.0293330e+02	   2.2370378e-01	
   3.2854700e+02	   3.2857090e+02	   2.3898240e-02	
   3.1149130e+02	   3.1163841e+02	   1.4710998e-01	
   3.0268170e+02	   3.0241745e+02	  -2.6424549e-01	
   3.2856140e+02	   3.2835450e+02	  -2.0689742e-01	
   3.2858010e+02	   3.2839779e+02	  -1.8230577e-01	
   2.9378720e+02	   2.9401799e+02	   2.3078696e-01	
   3.0270830e+02	   3.0291298e+02	   2.0467905e-01	
   3.1148950e+02	   3.1113929e+02	  -3.5020531e-01	
   3.1149630e+02	   3.1154237e+02	   4.6066603e-02	
   3.2037230e+02	   3.2039906e+02	   2.6760372e-02	
   2.9375810e+02	   2.9374689e+02	  -1.1214813e-02	
   2.9376700e+02	   2.9364089e+02	  -1.2610807e-01	
   3.2849280e+02	   3.2854033e+02	   4.7532984e-02	
   2.9375250e+02	   2.9343116e+02	  -3.2133629e-01	
   2.9377560e+02	   2.9390826e+02	   1.3266044e-01	
   2.9378700e+02	   2.9412194e+02	   3.3493613e-01	
   3.2037250e+02	   3.2164946e+02	   1.2769582e+00	
   3.1150330e+02	   3.1153535e+02	   3.2046294e-02	
   3.1150880e+02	   3.1151995e+02	   1.1151510e-02	
   3.1151540e+02	   3.1174240e+02	   2.2700280e-01	
   3.2858090e+02	   3.2864535e+02	   6.4447815e-02	
   3.0268250e+02	   3.0225388e+02	  -4.2861639e-01	
   2.9378070e+02	   2.9409696e+02	   3.1626245e-01	
   3.0269720e+02	   3.0259290e+02	  -1.0429690e-01	
   3.2038670e+02	   3.2078727e+02	   4.0056996e-01	
   3.1148980e+02	   3.1182226e+02	   3.3246256e-01	
   3.1148720e+02	   3.1107298e+02	  -4.1421521e-01	
   3.2851580e+02	   3.2841468e+02	  -1.0112070e-01	
   3.2853100e+02	   3.2859324e+02	   6.2244360e-02	
   3.1151050e+02	   3.1150529e+02	  -5.2050110e-03	
   3.1151530e+02	   3.1186914e+02	   3.5383791e-01	
   3.2856680e+02	   3.2853988e+02	  -2.6915236e-02	
   3.2037590e+02	   3.2031113e+02	  -6.4771222e-02	
   3.1150330e+02	   3.1082045e+02	  -6.8284988e-01	
   3.2037350e+02	   3.2032667e+02	  -4.6827231e-02	
   3.0270710e+02	   3.0261727e+02	  -8.9830694e-02	
   3.2853670e+02	   3.2850545e+02	  -3.1253227e-02	
   3.2036930e+02	   3.1986126e+02	  -5.0803760e-01	
   3.2853860e+02	   3.2851903e+02	  -1.9573318e-02	
   3.2847950e+02	   3.2843196e+02	  -4.7540697e-02	
   3.0270680e+02	   3.0324509e+02	   5.3828629e-01	
   3.2038990e+02	   3.2018605e+02	  -2.0385433e-01	
   3.0268370e+02	   3.0265069e+02	  -3.3005467e-02	
   3.2850850e+02	   3.2856081e+02	   5.2306133e-02	
   3.2856190e+02	   3.2844815e+02	  -1.1375486e-01	
   3.2857850e+02	   3.2858709e+02	   8.5919201e-03	
   3.2037360e+02	   3.2111858e+02	   7.4498153e-01	
   3.2852780e+02	   3.2865717e+02	   1.2936620e-01	
   3.0270300e+02	   3.0279069e+02	   8.7694712e-02	
   3.1151480e+02	   3.1191837e+02	   4.0356589e-01	
   3.2851230e+02	   3.2853872e+02	   2.6416941e-02	
   3.0270890e+02	   3.0264886e+02	  -6.0035724e-02	
   3.1148690e+02	   3.1125382e+02	  -2.3308124e-01	
   3.2038170e+02	   3.2029828e+02	  -8.3419630e-02	
   3.0271320e+02	   3.0239535e+02	  -3.1784785e-01	
   2.9376030e+02	   2.9349155e+02	  -2.6874692e-01	
   3.2855460e+02	   3.2854283e+02	  -1.1772474e-02	
   3.0270410e+02	   3.0286689e+02	   1.6278830e-01	
   2.9377240e+02	   2.9373338e+02	  -3.9016935e-02	
   3.2855650e+02	   3.2844081e+02	  -1.1569302e-01	
   3.2039130e+02	   3.2088205e+02	   4.9074759e-01	
   2.9377310e+02	   2.9386419e+02	   9.1087871e-02	
   3.2850090e+02	   3.2848417e+02	  -1.6732332e-02	
   3.2850640e+02	   3.2854368e+02	   3.7282324e-02	
   3.2037690e+02	   3.2059777e+02	   2.2086675e-01	
   3.2854510e+02	   3.2856560e+02	   2.0495922e-02	
   2.9376680e+02	   2.9361070e+02	  -1.5610321e-01	
   3.2038660e+02	   3.2070424e+02	   3.1764442e-01	
   2.9377520e+02	   2.9368405e+02	  -9.1154229e-02	
   3.2855600e+02	   3.2843559e+02	  -1.2040913e-01	
   3.1149290e+02	   3.1146252e+02	  -3.0381796e-02	
   2.9377620e+02	   2.9403643e+02	   2.6023493e-01	
   3.0268550e+02	   3.0281303e+02	   1.2752853e-01	
   3.0268170e+02	   3.0272562e+02	   4.3916142e-02	
   3.2850530e+02	   3.2853249e+02	   2.7194062e-02	
   3.2857900e+02	   3.2852023e+02	  -5.8774792e-02	
   2.9378390e+02	   2.9429178e+02	   5.0787768e-01	
   3.1150530e+02	   3.1098719e+02	  -5.1811051e-01	
   3.2856360e+02	   3.2851438e+02	  -4.9218660e-02	
   2.9377140e+02	   2.9374997e+02	  -2.1430459e-02	
   2.9377470e+02	   2.9365906e+02	  -1.1564246e-01	
   3.0268480e+02	   3.0245755e+02	  -2.2724999e-01	
   3.2037380e+02	   3.2047110e+02	   9.7303692e-02	
   3.1151370e+02	   3.1155757e+02	   4.3870327e-02	
   3.2038060e+02	   3.2018898e+02	  -1.9161528e-01	
   3.2038010e+02	   3.2018965e+02	  -1.9044646e-01	
   3.2037580e+02	   3.1985280e+02	  -5.2300285e-01	
   2.9376980e+02	   2.9409511e+02	   3.2531296e-01	
   2.9377100e+02	   2.9382266e+02	   5.1657740e-02	
   3.1150090e+02	   3.1157868e+02	   7.7782510e-02	
   3.2037790e+02	   3.2064652e+02	   2.6861721e-01	
   3.2036950e+02	   3.2042974e+02	   6.0237957e-02	
   3.0269960e+02	   3.0232627e+02	  -3.7333449e-01	
   2.9376920e+02	   2.9399825e+02	   2.2904873e-01	
   3.0268940e+02	   3.0268828e+02	  -1.1169028e-03	
   3.1150960e+02	   3.1133551e+02	  -1.7408929e-01	
   3.2855980e+02	   3.2838390e+02	  -1.7589514e-01	
   3.1149530e+02	   3.1211354e+02	   6.1824498e-01	
   2.9378560e+02	   2.9398005e+02	   1.9445225e-01	
   2.9376410e+02	   2.9397612e+02	   2.1202255e-01	
   3.1150270e+02	   3.1141404e+02	  -8.8658965e-02	
   3.2038220e+02	   3.1993266e+02	  -4.4953922e-01	
   3.2851880e+02	   3.2845314e+02	  -6.5658934e-02	
   3.2855190e+02	   3.2848477e+02	  -6.7127110e-02	
   3.0268230e+02	   3.0248108e+02	  -2.0122205e-01	
   3.1150210e+02	   3.1189597e+02	   3.9387238e-01	
   3.2036940e+02	   3.2037337e+02	   3.9734480e-03	
   3.0271270e+02	   3.0250773e+02	  -2.0497071e-01	
   2.9376620e+02	   2.9391024e+02	   1.4404079e-01	
   3.1148710e+02	   3.1157377e+02	   8.6666464e-02	
   3.0269820e+02	   3.0259689e+02	  -1.0131256e-01	
   3.0269170e+02	   3.0228871e+02	  -4.0298932e-01	
   3.2037250e+02	   3.2005388e+02	  -3.1861991e-01	
   3.1150800e+02	   3.1129036e+02	  -2.1763656e-01	
   3.0268490e+02	   3.0238546e+02	  -2.9944326e-01	
   2.9377580e+02	   2.9407907e+02	   3.0326661e-01	
   3.2036920e+02	   3.1995262e+02	  -4.1657538e-01	
   3.2039170e+02	   3.2016376e+02	  -2.2794271e-01	
   3.0269380e+02	   3.0299895e+02	   3.0515005e-01	
   3.2852780e+02	   3.2849340e+02	  -3.4404945e-02	
   3.0271250e+02	   3.0316294e+02	   4.5043634e-01	
   2.9375600e+02	   2.9359143e+02	  -1.6456515e-01	
   3.1150590e+02	   3.1165990e+02	   1.5400131e-01	
   3.2852020e+02	   3.2858082e+02	   6.0619559e-02	
   3.2852450e+02	   3.2855767e+02	   3.3167901e-02	
   3.2037030e+02	   3.2018282e+02	  -1.8747971e-01	
   3.1149310e+02	   3.1126417e+02	  -2.2893049e-01	
   3.0269310e+02	   3.0242152e+02	  -2.7157528e-01	
   3.1148640e+02	   3.1130828e+02	  -1.7811555e-01	
   3.0270770e+02	   3.0281670e+02	   1.0899933e-01	
   3.2849200e+02	   3.2848056e+02	  -1.1437887e-02	
   3.0268190e+02	   3.0232088e+02	  -3.6101960e-01	
   2.9376410e+02	   2.9344258e+02	  -3.2151961e-01	
   2.9376830e+02	   2.9375783e+02	  -1.0469061e-02	
   3.2038490e+02	   3.2062021e+02	   2.3530736e-01	
   3.1149260e+02	   3.1123187e+02	  -2.6073263e-01	
   3.2851480e+02	   3.2850864e+02	  -6.1638390e-03	
   3.0270330e+02	   3.0253451e+02	  -1.6878679e-01	
   3.2037180e+02	   3.2037898e+02	   7.1819429e-03	
   3.0268150e+02	   3.0237901e+02	  -3.0248562e-01	
   3.1150470e+02	   3.1206331e+02	   5.5860568e-01	
   3.0268150e+02	   3.0231555e+02	  -3.6594920e-01	
   3.2038750e+02	   3.2043564e+02	   4.8143457e-02	
   3.2039130e+02	   3.1987923e+02	  -5.1207435e-01	
   3.2037690e+02	   3.2044788e+02	   7.0978341e-02	
   3.2855950e+02	   3.2849211e+02	  -6.7386996e-02	
   3.2853510e+02	   3.2849302e+02	  -4.2075436e-02	
   3.2037680e+02	   3.2016846e+02	  -2.0833570e-01	
   2.9378340e+02	   2.9392442e+02	   1.4102181e-01	
   2.9377250e+02	   2.9346887e+02	  -3.0362884e-01	
   3.1149740e+02	   3.1157341e+02	   7.6009638e-02	
   3.2851420e+02	   3.2846613e+02	  -4.8067370e-02	
   3.2038410e+02	   3.2012684e+02	  -2.5726296e-01	
   3.2036920e+02	   3.1988238e+02	  -4.8681950e-01	
   3.2855810e+02	   3.2849274e+02	  -6.5356216e-02	
   3.2849770e+02	   3.2848850e+02	  -9.2027757e-03	
   2.9377420e+02	   2.9385303e+02	   7.8831884e-02	
   3.1149610e+02	   3.1184814e+02	   3.5204114e-01	
   2.9378660e+02	   2.9405679e+02	   2.7018541e-01	
   3.1148620e+02	   3.1148460e+02	  -1.6012873e-03	
   3.2857630e+02	   3.2852040e+02	  -5.5895361e-02	
   3.2853350e+02	   3.2872373e+02	   1.9022875e-01	
   3.0270700e+02	   3.0299980e+02	   2.9279637e-01	
   2.9378530e+02	   2.9427335e+02	   4.8805072e-01	
   2.9376650e+02	   2.9362952e+02	  -1.3698106e-01	
   3.0268180e+02	   3.0264959e+02	  -3.2212408e-02	
   3.2852970e+02	   3.2847856e+02	  -5.1140550e-02	
   3.0268220e+02	   3.0273874e+02	   5.6537301e-02	
   3.2853270e+02	   3.2863812e+02	   1.0542395e-01	
   3.2853890e+02	   3.2850332e+02	  -3.5578970e-02	
   2.9377760e+02	   2.9404929e+02	   2.7168509e-01	
   2.9378440e+02	   2.9411430e+02	   3.2990350e-01	
   3.0269540e+02	   3.0264806e+02	  -4.7339839e-02	
   3.1148990e+02	   3.1169573e+02	   2.0582698e-01	
   3.2850200e+02	   3.2848933e+02	  -1.2671819e-02	
   3.0268260e+02	   3.0234685e+02	  -3.3574843e-01	
   3.1149600e+02	   3.1132318e+02	  -1.7282364e-01	
   3.0269770e+02	   3.0252940e+02	  -1.6830407e-01	
   3.1150540e+02	   3.1135667e+02	  -1.4872780e-01	
   3.0271140e+02	   3.0245632e+02	  -2.5508370e-01	
   3.2856870e+02	   3.2838343e+02	  -1.8526699e-01	
   3.2852040e+02	   3.2848476e+02	  -3.5639169e-02	
   3.0271200e+02	   3.0271240e+02	   4.0418242e-04	
   3.0268360e+02	   3.0243859e+02	  -2.4500766e-01	
   3.2856440e+02	   3.2841446e+02	  -1.4994344e-01	
   3.2857060e+02	   3.2868531e+02	   1.1470727e-01	
   3.1151360e+02	   3.1133073e+02	  -1.8286506e-01	
   3.0271120e+02	   3.0301630e+02	   3.0510218e-01	
   3.2038360e+02	   3.2026923e+02	  -1.1436770e-01	
   3.1149950e+02	   3.1168279e+02	   1.8328547e-01	
   3.1149770e+02	   3.1185012e+02	   3.5242107e-01	
   3.1149150e+02	   3.1144805e+02	  -4.3450371e-02	
   2.9376180e+02	   2.9344862e+02	  -3.1317783e-01	
   3.0268240e+02	   3.0219284e+02	  -4.8955737e-01	
   3.0271220e+02	   3.0294230e+02	   2.3010483e-01	
   3.2855840e+02	   3.2855234e+02	  -6.0602034e-03	
   3.1151300e+02	   3.1195201e+02	   4.3901051e-01	
   2.9375550e+02	   2.9344684e+02	  -3.0866433e-01	
   3.2037430e+02	   3.1988142e+02	  -4.9287603e-01	
   3.2856920e+02	   3.2855224e+02	  -1.6961380e-02	
   3.2037640e+02	   3.2003093e+02	  -3.4547309e-01	
   2.9376820e+02	   2.9381219e+02	   4.3994215e-02	
   3.1148920e+02	   3.1155618e+02	   6.6977506e-02	
   3.2851260e+02	   3.2848803e+02	  -2.4574063e-02	
   3.2039110e+02	   3.2018084e+02	  -2.1025523e-01	
   3.1149070e+02	   3.1133157e+02	  -1.5913232e-01	
   3.0268160e+02	   3.0246887e+02	  -2.1272720e-01	
   3.2849980e+02	   3.2854546e+02	   4.5660623e-02	
   3.0270590e+02	   3.0259403e+02	  -1.1186815e-01	
   3.1151050e+02	   3.1168608e+02	   1.7558029e-01	
   3.0269090e+02	   3.0249015e+02	  -2.0075372e-01	
   3.2039140e+02	   3.1998037e+02	  -4.1102654e-01	
   2.9375380e+02	   2.9366244e+02	  -9.1363202e-02	
   2.9377380e+02	   2.9389415e+02	   1.2034883e-01	
   2.9377800e+02	   2.9389001e+02	   1.1200580e-01	
   3.0271000e+02	   3.0253565e+02	  -1.7434618e-01	
   3.1151390e+02	   3.1185104e+02	   3.3714274e-01	
   3.0270520e+02	   3.0256238e+02	  -1.4282222e-01	
   3.2855320e+02	   3.2854594e+02	  -7.2630724e-03	
   2.9377180e+02	   2.9389423e+02	   1.2242527e-01	
   2.9377610e+02	   2.9378960e+02	   1.3501071e-02	
   3.0268720e+02	   3.0263031e+02	  -5.6885226e-02	
   3.1148660e+02	   3.1133034e+02	  -1.5625991e-01	
   3.0268220e+02	   3.0230645e+02	  -3.7575150e-01	
   3.2853180e+02	   3.2866435e+02	   1.3254535e-01	
   3.0268610e+02	   3.0253508e+02	  -1.5102333e-01	
   3.0270500e+02	   3.0263686e+02	  -6.8144960e-02	
   3.2857600e+02	   3.2843525e+02	  -1.4074961e-01	
   3.1149710e+02	   3.1170396e+02	   2.0685912e-01	
   3.2855620e+02	   3.2854324e+02	  -1.2962042e-02	
   2.9375290e+02	   2.9359399e+02	  -1.5890686e-01	
   3.0270650e+02	   3.0263109e+02	  -7.5409909e-02	
   3.1149100e+02	   3.1137898e+02	  -1.1201518e-01	
   3.2038140e+02	   3.2028766e+02	  -9.3735924e-02	
   3.2852400e+02	   3.2845836e+02	  -6.5643307e-02	
   3.1149230e+02	   3.1161580e+02	   1.2349822e-01	
   2.9375790e+02	   2.9359364e+02	  -1.6425684e-01	
   3.2852990e+02	   3.2854873e+02	   1.8831123e-02	
   3.0269050e+02	   3.0262262e+02	  -6.7881979e-02	
   3.0268110e+02	   3.0259733e+02	  -8.3771996e-02	
   2.9376310e+02	   2.9372840e+02	  -3.4698659e-02	
   3.2849960e+02	   3.2845755e+02	  -4.2045213e-02	
   2.9375490e+02	   2.9362156e+02	  -1.3333578e-01	
   3.1150830e+02	   3.1150214e+02	  -6.1586343e-03	
   3.0269010e+02	   3.0279199e+02	   1.0189029e-01	
   2.9376730e+02	   2.9346956e+02	  -2.9773886e-01	
   2.9375570e+02	   2.9357434e+02	  -1.8135978e-01	
   3.1151440e+02	   3.1208348e+02	   5.6908413e-01	
   3.1151220e+02	   3.1133783e+02	  -1.7437028e-01	
   3.2038960e+02	   3.2053152e+02	   1.4191537e-01	
   2.9375880e+02	   2.9386976e+02	   1.1095960e-01	
   3.2037070e+02	   3.2033847e+02	  -3.2232570e-02	
   3.2851040e+02	   3.2847261e+02	  -3.7790412e-02	
   3.2038770e+02	   3.2079886e+02	   4.1115661e-01	
   3.1151450e+02	   3.1186668e+02	   3.5217507e-01	
   3.0268700e+02	   3.0252343e+02	  -1.6356596e-01	
   3.2849090e+02	   3.2839865e+02	  -9.2250617e-02	
   3.0269280e+02	   3.0234551e+02	  -3.4728915e-01	
   3.1151260e+02	   3.1157737e+02	   6.4768110e-02	
   3.0269620e+02	   3.0273718e+02	   4.0981766e-02	
   3.2855160e+02	   3.2860850e+02	   5.6896909e-02	
   3.0268120e+02	   3.0228686e+02	  -3.9434336e-01	
   3.2852420e+02	   3.2847285e+02	  -5.1349156e-02	
   3.2853210e+02	   3.2854820e+02	   1.6103987e-02	
   3.0268100e+02	   3.0229651e+02	  -3.8449068e-01	
   3.0269970e+02	   3.0272756e+02	   2.7855981e-02	
   2.9376390e+02	   2.9350572e+02	  -2.5817872e-01	
   3.2038270e+02	   3.2004710e+02	  -3.3560341e-01	
   2.9378030e+02	   2.9372532e+02	  -5.4983336e-02	
   3.1148980e+02	   3.1147262e+02	  -1.7178146e-02	
   3.2038140e+02	   3.1983792e+02	  -5.4347740e-01	
   3.2038020e+02	   3.2025482e+02	  -1.2538323e-01	
   3.2851910e+02	   3.2841805e+02	  -1.0105266e-01	
   3.1149400e+02	   3.1172603e+02	   2.3203353e-01	
   3.2038480e+02	   3.2011725e+02	  -2.6755315e-01	
   3.0269840e+02	   3.0263369e+02	  -6.4710996e-02	
   3.2037050e+02	   3.2020960e+02	  -1.6089994e-01	
   3.2858060e+02	   3.2860623e+02	   2.5625640e-02	
   3.2037570e+02	   3.2025929e+02	  -1.1640805e-01	
   2.9376190e+02	   2.9365353e+02	  -1.0837002e-01	
   3.2036980e+02	   3.2039758e+02	   2.7780585e-02	
   3.0269700e+02	   3.0266374e+02	  -3.3255622e-02	
   3.0268570e+02	   3.0234310e+02	  -3.4260097e-01	
   3.1150070e+02	   3.1143665e+02	  -6.4048264e-02	
   3.2855430e+02	   3.2866062e+02	   1.0631676e-01	
   3.2038050e+02	   3.2005341e+02	  -3.2709323e-01	
   2.9378460e+02	   2.9412402e+02	   3.3941995e-01	
   3.0268550e+02	   3.0236062e+02	  -3.2487656e-01	
   2.9376850e+02	   2.9406402e+02	   2.9552073e-01	
   3.0268360e+02	   3.0250842e+02	  -1.7518378e-01	
   2.9375730e+02	   2.9331926e+02	  -4.3803785e-01	
   2.9378620e+02	   2.9407498e+02	   2.8877797e-01	
   2.9377280e+02	   2.9386008e+02	   8.7284396e-02	
   3.2038310e+02	   3.1921543e+02	  -1.1676668e+00	
   3.1151040e+02	   3.1168728e+02	   1.7688454e-01	
   3.0268830e+02	   3.0248796e+02	  -2.0033531e-01	
   3.2038910e+02	   3.2018044e+02	  -2.0866339e-01	
   3.1148780e+02	   3.1102015e+02	  -4.6765225e-01	
   2.9375330e+02	   2.9344843e+02	  -3.0487415e-01	
   3.1148610e+02	   3.1153940e+02	   5.3300703e-02	
   3.1149460e+02	   3.1169184e+02	   1.9723942e-01	
   3.1149940e+02	   3.1199944e+02	   5.0003679e-01	
   3.0268450e+02	   3.0257226e+02	  -1.1223759e-01	
   3.2036960e+02	   3.2029668e+02	  -7.2922405e-02	
   3.0270060e+02	   3.0259271e+02	  -1.0789350e-01	
   3.2854110e+02	   3.2844890e+02	  -9.2202123e-02	
   3.2857360e+02	   3.2864209e+02	   6.8494503e-02	
   3.2039030e+02	   3.2082216e+02	   4.3186223e-01	
   3.2038010e+02	   3.2068908e+02	   3.0897874e-01	
   3.2037170e+02	   3.2068461e+02	   3.1290717e-01	
   3.2036990e+02	   3.2042895e+02	   5.9049647e-02	
   3.2037700e+02	   3.2060130e+02	   2.2430449e-01	
   3.2852210e+02	   3.2849118e+02	  -3.0920154e-02	
   3.2854540e+02	   3.2855379e+02	   8.3920371e-03	
   3.1150300e+02	   3.1144286e+02	  -6.0141344e-02	
   3.0268950e+02	   3.0268334e+02	  -6.1649879e-03	
   3.2038140e+02	   3.2088393e+02	   5.0253181e-01	
   3.2037090e+02	   3.2002883e+02	  -3.4207143e-01	
   3.1150510e+02	   3.1166436e+02	   1.5925612e-01	
   3.2853810e+02	   3.2843190e+02	  -1.0619600e-01	
   3.1149380e+02	   3.1198038e+02	   4.8657853e-01	
   3.2854860e+02	   3.2845528e+02	  -9.3323278e-02	
   2.9377670e+02	   2.9413471e+02	   3.5801491e-01	
   3.2038860e+02	   3.2044419e+02	   5.5586407e-02	
   2.9376220e+02	   2.9356204e+02	  -2.0015597e-01	
   3.2851990e+02	   3.2852020e+02	   2.9783097e-04	
   3.0270340e+02	   3.0243613e+02	  -2.6727229e-01	
   3.2848660e+02	   3.2839616e+02	  -9.0438128e-02	
   3.2854590e+02	   3.2844923e+02	  -9.6672889e-02	
   3.2855080e+02	   3.2854187e+02	  -8.9340595e-03	
   3.2853480e+02	   3.2864250e+02	   1.0770157e-01	
   3.0270450e+02	   3.0225346e+02	  -4.5103866e-01	
   3.2038490e+02	   3.2030809e+02	  -7.6814376e-02	
   3.2037990e+02	   3.2047833e+02	   9.8429937e-02	
   2.9375570e+02	   2.9362014e+02	  -1.3555894e-01	
   3.2037230e+02	   3.2049324e+02	   1.2094121e-01	
   3.0271010e+02	   3.0264005e+02	  -7.0050417e-02	
   3.2851610e+02	   3.2837288e+02	  -1.4321598e-01	
   3.1148870e+02	   3.1148143e+02	  -7.2708323e-03	
   3.2854620e+02	   3.2856100e+02	   1.4802672e-02	
   3.2037460e+02	   3.2015874e+02	  -2.1585587e-01	
   3.2858090e+02	   3.2855948e+02	  -2.1422734e-02	
   2.9378510e+02	   2.9408033e+02	   2.9523263e-01	
   2.9375360e+02	   2.9364530e+02	  -1.0829689e-01	
   2.9377610e+02	   2.9398271e+02	   2.0660742e-01	
   3.2036940e+02	   3.1994971e+02	  -4.1968909e-01	
   3.2037750e+02	   3.2008034e+02	  -2.9715990e-01	
   3.1148740e+02	   3.1167120e+02	   1.8379651e-01	
   3.2038520e+02	   3.1945841e+02	  -9.2678756e-01	
   3.0268710e+02	   3.0257299e+02	  -1.1410956e-01	
   3.0268610e+02	   3.0263143e+02	  -5.4670482e-02	
   3.2848710e+02	   3.2857509e+02	   8.7992457e-02	
   3.0271200e+02	   3.0277041e+02	   5.8408368e-02	
   3.0269650e+02	   3.0286366e+02	   1.6716434e-01	
   3.1148650e+02	   3.1153748e+02	   5.0979203e-02	
   3.2038370e+02	   3.2018330e+02	  -2.0039829e-01	
   3.2855600e+02	   3.2854502e+02	  -1.0984676e-02	
   3.2037900e+02	   3.2110512e+02	   7.2612260e-01	
   3.0270850e+02	   3.0263504e+02	  -7.3456322e-02	
   3.2857280e+02	   3.2864064e+02	   6.7839120e-02	
   3.2038210e+02	   3.1912096e+02	  -1.2611445e+00	
   3.2857870e+02	   3.2849696e+02	  -8.1742894e-02	
   3.2037960e+02	   3.1971208e+02	  -6.6752115e-01	
   3.2037350e+02	   3.2014526e+02	  -2.2824152e-01	
   3.0270170e+02	   3.0291905e+02	   2.1734783e-01	
   3.1149740e+02	   3.1114667e+02	  -3.5072607e-01	
   3.1150560e+02	   3.1176061e+02	   2.5501175e-01	
   3.2036950e+02	   3.1994031e+02	  -4.2919449e-01	
   3.2853290e+02	   3.2842643e+02	  -1.0647294e-01	
   3.2038110e+02	   3.1992007e+02	  -4.6103168e-01	
   3.2037770e+02	   3.2004826e+02	  -3.2944158e-01	
   3.2854000e+02	   3.2853275e+02	  -7.2500017e-03	
   3.2037350e+02	   3.1992221e+02	  -4.5128665e-01	
   3.1149110e+02	   3.1116584e+02	  -3.2525930e-01	
   3.1151070e+02	   3.1203072e+02	   5.2001963e-01	
   2.9375260e+02	   2.9358648e+02	  -1.6611849e-01	
   2.9375880e+02	   2.9359719e+02	  -1.6161034e-01	
   3.0269560e+02	   3.0269996e+02	   4.3649863e-03	
   2.9376950e+02	   2.9380334e+02	   3.3835772e-02	
   3.2851150e+02	   3.2854630e+02	   3.4799872e-02	
   2.9376960e+02	   2.9351779e+02	  -2.5180729e-01	
   3.0268680e+02	   3.0243365e+02	  -2.5315083e-01	
   3.0268160e+02	   3.0241471e+02	  -2.6688540e-01	
   3.1148840e+02	   3.1142991e+02	  -5.8489185e-02	
   3.2037100e+02	   3.1981035e+02	  -5.6064884e-01	
   2.9377390e+02	   2.9397538e+02	   2.0147612e-01	
   3.2037970e+02	   3.2044929e+02	   6.9588141e-02	
   3.0269520e+02	   3.0242834e+02	  -2.6685771e-01	
   3.0268120e+02	   3.0269818e+02	   1.6978444e-02	
   3.2037420e+02	   3.1962048e+02	  -7.5372423e-01	
   3.2851100e+02	   3.2859091e+02	   7.9913520e-02	
   3.2039230e+02	   3.2079425e+02	   4.0194832e-01	
   3.0268630e+02	   3.0240357e+02	  -2.8272673e-01	
   3.2854160e+02	   3.2856469e+02	   2.3085218e-02	
   3.0268180e+02	   3.0253129e+02	  -1.5051293e-01	
   3.2856380e+02	   3.2859875e+02	   3.4945514e-02	
   3.1148940e+02	   3.1149498e+02	   5.5821806e-03	
   3.0268880e+02	   3.0238390e+02	  -3.0490141e-01	
   3.2037840e+02	   3.2010172e+02	  -2.7668229e-01	
   3.1150020e+02	   3.1154163e+02	   4.1433423e-02	
   3.2852130e+02	   3.2851320e+02	  -8.0987164e-03	
   3.2038580e+02	   3.2158067e+02	   1.1948690e+00	
   3.1151180e+02	   3.1194614e+02	   4.3434360e-01	
   3.2037630e+02	   3.2011142e+02	  -2.6487567e-01	
   2.9377130e+02	   2.9388102e+02	   1.0971700e-01	
   3.2857200e+02	   3.2860141e+02	   2.9408131e-02	
   2.9377510e+02	   2.9388767e+02	   1.1256689e-01	
   2.9376290e+02	   2.9362019e+02	  -1.4270628e-01	
   3.2036970e+02	   3.1985199e+02	  -5.1771315e-01	
   3.1151280e+02	   3.1178044e+02	   2.6763539e-01	
   3.2856680e+02	   3.2853400e+02	  -3.2802378e-02	
   2.9378100e+02	   2.9375096e+02	  -3.0040421e-02	
   2.9376760e+02	   2.9375992e+02	  -7.6827537e-03	
   2.9376340e+02	   2.9384685e+02	   8.3451159e-02	
   3.2038300e+02	   3.1969286e+02	  -6.9013886e-01	
   2.9375260e+02	   2.9337293e+02	  -3.7967197e-01	
   3.2039000e+02	   3.2017121e+02	  -2.1879107e-01	
   3.1151500e+02	   3.1207042e+02	   5.5541705e-01	
   3.2037260e+02	   3.2079348e+02	   4.2088336e-01	
   2.9375230e+02	   2.9336580e+02	  -3.8650453e-01	
   2.9378640e+02	   2.9411943e+02	   3.3302796e-01	
   3.2037120e+02	   3.2055410e+02	   1.8289635e-01	
   3.1148960e+02	   3.1160640e+02	   1.1679780e-01	
   3.0268120e+02	   3.0243942e+02	  -2.4178083e-01	
   3.2038460e+02	   3.2032069e+02	  -6.3905401e-02	
   3.1148760e+02	   3.1150730e+02	   1.9697949e-02	
   3.2036950e+02	   3.2037538e+02	   5.8755073e-03	
   3.0270520e+02	   3.0249809e+02	  -2.0710506e-01	
   3.2852890e+02	   3.2836644e+02	  -1.6246380e-01	
   3.1149240e+02	   3.1153386e+02	   4.1463352e-02	
   2.9377470e+02	   2.9391223e+02	   1.3753205e-01	
   3.2037490e+02	   3.2029970e+02	  -7.5196480e-02	
   3.2037800e+02	   3.2158156e+02	   1.2035578e+00	
   3.1150690e+02	   3.1163903e+02	   1.3212502e-01	
   3.1149990e+02	   3.1200299e+02	   5.0308762e-01	
   3.0268600e+02	   3.0214759e+02	  -5.3840671e-01	
   3.0270820e+02	   3.0292639e+02	   2.1819489e-01	
   3.2037750e+02	   3.2015566e+02	  -2.2183839e-01	
   3.2853050e+02	   3.2862155e+02	   9.1054077e-02	
   3.2849630e+02	   3.2844788e+02	  -4.8416260e-02	
   3.2855000e+02	   3.2855977e+02	   9.7656084e-03	
   3.1149780e+02	   3.1174173e+02	   2.4393118e-01	
   2.9375520e+02	   2.9336419e+02	  -3.9101293e-01	
   3.0269430e+02	   3.0248392e+02	  -2.1037541e-01	
   3.1151500e+02	   3.1185078e+02	   3.3578477e-01	
   3.0269220e+02	   3.0313768e+02	   4.4548143e-01	
   3.2852320e+02	   3.2860079e+02	   7.7592667e-02	
   2.9377930e+02	   2.9405747e+02	   2.7816822e-01	
   2.9378490e+02	   2.9403609e+02	   2.5118834e-01	
   2.9378110e+02	   2.9409273e+02	   3.1163162e-01	
   3.2037730e+02	   3.1968355e+02	  -6.9375181e-01	
   3.2037180e+02	   3.2010924e+02	  -2.6256104e-01	
   3.1150960e+02	   3.1135829e+02	  -1.5131275e-01	
   3.1148630e+02	   3.1160321e+02	   1.1690806e-01	
   3.2038930e+02	   3.2040892e+02	   1.9619409e-02	
   3.2849280e+02	   3.2856926e+02	   7.6464699e-02	
   3.1148600e+02	   3.1082029e+02	  -6.6571484e-01	
   3.1149850e+02	   3.1189604e+02	   3.9753607e-01	
   3.2038610e+02	   3.2048998e+02	   1.0387637e-01	
   3.1148620e+02	   3.1205589e+02	   5.6969277e-01	
   2.9378450e+02	   2.9409904e+02	   3.1453767e-01	
   3.0269930e+02	   3.0253776e+02	  -1.6154495e-01	
   3.0268660e+02	   3.0230632e+02	  -3.8028489e-01	
   3.2857140e+02	   3.2865352e+02	   8.2123654e-02	
   3.2858310e+02	   3.2843705e+02	  -1.4605380e-01	
   3.2857850e+02	   3.2859450e+02	   1.5995477e-02	
   2.9378400e+02	   2.9424028e+02	   4.5628468e-01	
   3.2037530e+02	   3.2039963e+02	   2.4327098e-02	
   3.0270630e+02	   3.0272000e+02	   1.3703736e-02	
   2.9377690e+02	   2.9402627e+02	   2.4936949e-01	
   3.2848390e+02	   3.2850778e+02	   2.3879229e-02	
   3.1148910e+02	   3.1143289e+02	  -5.6211933e-02	
   2.9377660e+02	   2.9375109e+02	  -2.5513603e-02	
   3.0269130e+02	   3.0273605e+02	   4.4752335e-02	
   3.0269920e+02	   3.0228655e+02	  -4.1265381e-01	
   3.2038220e+02	   3.2100106e+02	   6.1885714e-01	
   3.2855920e+02	   3.2858566e+02	   2.6458101e-02	
   3.1149150e+02	   3.1136143e+02	  -1.3007043e-01	
   3.0268850e+02	   3.0269237e+02	   3.8715877e-03	
   3.0268810e+02	   3.0270218e+02	   1.4081082e-02	
   2.9377910e+02	   2.9386839e+02	   8.9291072e-02	
   3.2038550e+02	   3.2137185e+02	   9.8634814e-01	
   2.9378260e+02	   2.9416555e+02	   3.8295457e-01	
   2.9377210e+02	   2.9375174e+02	  -2.0359659e-02	
   2.9375940e+02	   2.9366787e+02	  -9.1526028e-02	
   3.2038350e+02	   3.2008037e+02	  -3.0313012e-01	
   2.9378500e+02	   2.9408025e+02	   2.9525248e-01	
   3.1148620e+02	   3.1150191e+02	   1.5708385e-02	
   2.9376360e+02	   2.9357148e+02	  -1.9212247e-01	
   3.1150140e+02	   3.1163382e+02	   1.3242185e-01	
   3.2036950e+02	   3.1995161e+02	  -4.1788512e-01	
   3.1149780e+02	   3.1133839e+02	  -1.5941337e-01	
   2.9377830e+02	   2.9387071e+02	   9.2412655e-02	
   3.1148960e+02	   3.1141220e+02	  -7.7397543e-02	
   3.0268660e+02	   3.0240858e+02	  -2.7802451e-01	
   2.9377380e+02	   2.9402396e+02	   2.5015753e-01	
   3.2850040e+02	   3.2844923e+02	  -5.1172965e-02	
   3.2037390e+02	   3.2045953e+02	   8.5630309e-02	
   2.9375530e+02	   2.9349881e+02	  -2.5648714e-01	
   3.0269880e+02	   3.0254060e+02	  -1.5820392e-01	
   3.2037920e+02	   3.1984431e+02	  -5.3489488e-01	
   3.1151200e+02	   3.1189433e+02	   3.8233353e-01	
   3.2849850e+02	   3.2845895e+02	  -3.9546491e-02	
   3.2853210e+02	   3.2842899e+02	  -1.0310903e-01	
   3.2858010e+02	   3.2861532e+02	   3.5216838e-02	
   3.2037530e+02	   3.2024780e+02	  -1.2750155e-01	
   3.0271340e+02	   3.0298782e+02	   2.7441801e-01	
   3.2036930e+02	   3.2038443e+02	   1.5131420e-02	
   3.0268480e+02	   3.0257637e+02	  -1.0842979e-01	
   3.2037330e+02	   3.1977719e+02	  -5.9611447e-01	
   2.9375610e+02	   2.9366725e+02	  -8.8852263e-02	
   3.1151120e+02	   3.1153721e+02	   2.6009910e-02	
   3.1151190e+02	   3.1202949e+02	   5.1759064e-01	
   3.2849660e+02	   3.2852657e+02	   2.9969068e-02	
   2.9377190e+02	   2.9380368e+02	   3.1777908e-02	
   2.9378300e+02	   2.9412366e+02	   3.4065869e-01	
   3.0270170e+02	   3.0271395e+02	   1.2249883e-02	
   3.1150790e+02	   3.1125208e+02	  -2.5581712e-01	
   3.1149170e+02	   3.1190234e+02	   4.1064057e-01	
   3.2036920e+02	   3.1980124e+02	  -5.6796229e-01	
   3.2854780e+02	   3.2862176e+02	   7.3957747e-02	
   2.9375770e+02	   2.9352114e+02	  -2.3656392e-01	
   3.0270950e+02	   3.0267980e+02	  -2.9704016e-02	
   3.1149690e+02	   3.1175390e+02	   2.5700497e-01	
   3.1150930e+02	   3.1172021e+02	   2.1090726e-01	
   3.0269350e+02	   3.0258987e+02	  -1.0363281e-01	
   3.1148670e+02	   3.1116899e+02	  -3.1770857e-01	
   2.9376510e+02	   2.9376242e+02	  -2.6818426e-03	
   3.2037520e+02	   3.2016598e+02	  -2.0921940e-01	
   3.2037530e+02	   3.2007602e+02	  -2.9928341e-01	
   2.9376980e+02	   2.9366911e+02	  -1.0069273e-01	
   3.0271030e+02	   3.0321453e+02	   5.0422893e-01	
   2.9375860e+02	   2.9369617e+02	  -6.2429436e-02	
   3.2850610e+02	   3.2841390e+02	  -9.2197432e-02	
   3.1150990e+02	   3.1115468e+02	  -3.5521893e-01	
   2.9375690e+02	   2.9338433e+02	  -3.7256891e-01	
   3.2850820e+02	   3.2855443e+02	   4.6234083e-02	
   2.9377830e+02	   2.9398847e+02	   2.1017234e-01	
   3.1150700e+02	   3.1092963e+02	  -5.7737214e-01	
   3.1151480e+02	   3.1116671e+02	  -3.4808887e-01	
   3.1149410e+02	   3.1111891e+02	  -3.7519016e-01	
   3.1151150e+02	   3.1204619e+02	   5.3468527e-01	
   2.9376230e+02	   2.9367154e+02	  -9.0762240e-02	
   3.2857200e+02	   3.2844726e+02	  -1.2473638e-01	
   3.0268760e+02	   3.0266386e+02	  -2.3737110e-02	
   2.9378060e+02	   2.9405962e+02	   2.7901548e-01	
   3.2038330e+02	   3.2123603e+02	   8.5273283e-01	
   2.9378470e+02	   2.9399934e+02	   2.1464309e-01	
   2.9375710e+02	   2.9358385e+02	  -1.7325083e-01	
   3.2038130e+02	   3.2005244e+02	  -3.2885783e-01	
   3.1150390e+02	   3.1110651e+02	  -3.9739296e-01	
   3.0268850e+02	   3.0269689e+02	   8.3866055e-03	
   3.1148710e+02	   3.1125819e+02	  -2.2890922e-01	
   3.0268580e+02	   3.0254783e+02	  -1.3796876e-01	
   3.0269480e+02	   3.0257708e+02	  -1.1771552e-01	
   3.1150340e+02	   3.1096301e+02	  -5.4038916e-01	
   3.1148610e+02	   3.1176781e+02	   2.8170949e-01	
   3.1149560e+02	   3.1148544e+02	  -1.0162672e-02	
   3.1150780e+02	   3.1165777e+02	   1.4996525e-01	
   3.0269930e+02	   3.0235871e+02	  -3.4058814e-01	
   3.0269760e+02	   3.0260814e+02	  -8.9458986e-02	
   3.1151030e+02	   3.1158048e+02	   7.0182644e-02	
   3.2037050e+02	   3.2020887e+02	  -1.6163299e-01	
   3.0268970e+02	   3.0265937e+02	  -3.0333438e-02	
   3.2038770e+02	   3.2049514e+02	   1.0743830e-01	
   3.1149870e+02	   3.1160667e+02	   1.0796848e-01	
   2.9378240e+02	   2.9405745e+02	   2.7505432e-01	
   3.2037110e+02	   3.2025063e+02	  -1.2046777e-01	
   3.0268420e+02	   3.0216717e+02	  -5.1702805e-01	
   3.2039030e+02	   3.2039781e+02	   7.5078262e-03	
   3.1148710e+02	   3.1133592e+02	  -1.5118382e-01	
   3.2850910e+02	   3.2840335e+02	  -1.0575437e-01	
   2.9375250e+02	   2.9348439e+02	  -2.6811277e-01	
   3.1151360e+02	   3.1186352e+02	   3.4992319e-01	
   3.1149030e+02	   3.1118168e+02	  -3.0862313e-01	
   3.0268560e+02	   3.0273286e+02	   4.7255610e-02	
   2.9375380e+02	   2.9336894e+02	  -3.8485677e-01	
   2.9375930e+02	   2.9376090e+02	   1.5991965e-03	
   3.1151270e+02	   3.1144809e+02	  -6.4605077e-02	
   3.1150840e+02	   3.1188788e+02	   3.7948231e-01	
   3.2852560e+02	   3.2852513e+02	  -4.7305695e-04	
   3.1151230e+02	   3.1155601e+02	   4.3707243e-02	
   2.9376490e+02	   2.9360627e+02	  -1.5862685e-01	
   3.2038880e+02	   3.2012163e+02	  -2.6717009e-01	
   3.2039050e+02	   3.2035920e+02	  -3.1300407e-02	
   3.0270270e+02	   3.0278856e+02	   8.5864625e-02	
   3.1149970e+02	   3.1165372e+02	   1.5401856e-01	
   2.9376360e+02	   2.9386337e+02	   9.9770471e-02	
   2.9378050e+02	   2.9396644e+02	   1.8594068e-01	
   3.0269620e+02	   3.0288558e+02	   1.8937683e-01	
   3.1148910e+02	   3.1147319e+02	  -1.5913800e-02	
   3.1150210e+02	   3.1201627e+02	   5.1417207e-01	
   3.0268970e+02	   3.0261890e+02	  -7.0802014e-02	
   3.0270110e+02	   3.0270027e+02	  -8.2840947e-04	
   3.2857950e+02	   3.2866799e+02	   8.8489920e-02	
   2.9378380e+02	   2.9393418e+02	   1.5037806e-01	
   3.0269500e+02	   3.0258580e+02	  -1.0919636e-01	
   3.0269020e+02	   3.0288186e+02	   1.9165614e-01	
   3.0270740e+02	   3.0262652e+02	  -8.0877750e-02	
   3.1150910e+02	   3.1168902e+02	   1.7992034e-01	
   3.1151100e+02	   3.1206048e+02	   5.4948149e-01	
   3.0270410e+02	   3.0376206e+02	   1.0579592e+00	
   3.0268430e+02	   3.0241381e+02	  -2.7049258e-01	
   2.9376580e+02	   2.9378959e+02	   2.3790676e-02	
   2.9377070e+02	   2.9387996e+02	   1.0926488e-01	
   3.0268510e+02	   3.0268266e+02	  -2.4376749e-03	
   3.2857710e+02	   3.2853145e+02	  -4.5649091e-02	
   3.2038260e+02	   3.1960020e+02	  -7.8239721e-01	
   3.1150370e+02	   3.1185876e+02	   3.5505739e-01	
   3.0271160e+02	   3.0296581e+02	   2.5420792e-01	
   3.2037270e+02	   3.2034666e+02	  -2.6039602e-02	
   2.9377150e+02	   2.9358092e+02	  -1.9058375e-01	
   3.2038440e+02	   3.2062721e+02	   2.4281460e-01	
   3.2849630e+02	   3.2835485e+02	  -1.4144609e-01	
   3.1150930e+02	   3.1119239e+02	  -3.1691475e-01	
   2.9376450e+02	   2.9372058e+02	  -4.3922205e-02	
   3.2854670e+02	   3.2853901e+02	  -7.6876747e-03	
   3.2037040e+02	   3.2025073e+02	  -1.1966613e-01	
   3.1150220e+02	   3.1167971e+02	   1.7751436e-01	
   3.2036940e+02	   3.2032077e+02	  -4.8632350e-02	
   3.2850640e+02	   3.2858641e+02	   8.0010806e-02	
   3.2848520e+02	   3.2846982e+02	  -1.5382933e-02	
   3.1150820e+02	   3.1196808e+02	   4.5988389e-01	
   3.2037710e+02	   3.1989258e+02	  -4.8452434e-01	
   3.2853620e+02	   3.2858650e+02	   5.0300428e-02	
   3.0270210e+02	   3.0246496e+02	  -2.3714320e-01	
   3.2848980e+02	   3.2855376e+02	   6.3958161e-02	
   2.9378100e+02	   2.9394241e+02	   1.6141265e-01	
   3.1148800e+02	   3.1114442e+02	  -3.4357826e-01	
   3.0270020e+02	   3.0286864e+02	   1.6843681e-01	
   3.2852130e+02	   3.2846749e+02	  -5.3813744e-02	
   3.2037130e+02	   3.2024608e+02	  -1.2521798e-01	
   3.2851860e+02	   3.2846980e+02	  -4.8796438e-02	
   3.2038690e+02	   3.2096768e+02	   5.8077830e-01	
   3.0269220e+02	   3.0267386e+02	  -1.8339140e-02	
   3.0269460e+02	   3.0246829e+02	  -2.2631368e-01	
   3.2037740e+02	   3.1911888e+02	  -1.2585205e+00	
   3.2857790e+02	   3.2856317e+02	  -1.4729065e-02	
   3.1150560e+02	   3.1185289e+02	   3.4729122e-01	
   3.2037090e+02	   3.2013095e+02	  -2.3994557e-01	
   2.9377000e+02	   2.9384300e+02	   7.2995298e-02	
   3.0268430e+02	   3.0248797e+02	  -1.9633446e-01	
   3.0268580e+02	   3.0262731e+02	  -5.8490280e-02	
   3.1150950e+02	   3.1134526e+02	  -1.6424474e-01	
   2.9375240e+02	   2.9342321e+02	  -3.2919223e-01	
   3.2038520e+02	   3.2036262e+02	  -2.2578368e-02	
   3.2857000e+02	   3.2842107e+02	  -1.4892843e-01	
   3.1150650e+02	   3.1183216e+02	   3.2566280e-01	
   2.9377040e+02	   2.9367013e+02	  -1.0027435e-01	
   3.2038800e+02	   3.2018923e+02	  -1.9876693e-01	
   2.9376250e+02	   2.9371971e+02	  -4.2794733e-02	
   3.1149910e+02	   3.1180549e+02	   3.0638695e-01	
   3.1148720e+02	   3.1159759e+02	   1.1038520e-01	
   3.2849330e+02	   3.2856014e+02	   6.6842312e-02	
   3.2038620e+02	   3.2045398e+02	   6.7776315e-02	
   3.2039120e+02	   3.2075934e+02	   3.6813687e-01	
   3.1151100e+02	   3.1181429e+02	   3.0328629e-01	
   3.1151310e+02	   3.1219500e+02	   6.8190039e-01	
   3.0268350e+02	   3.0199838e+02	  -6.8511964e-01	
   3.2856460e+02	   3.2853937e+02	  -2.5229582e-02	
   3.0270790e+02	   3.0270254e+02	  -5.3643400e-03	
   3.2037800e+02	   3.2044436e+02	   6.6359817e-02	
   2.9377840e+02	   2.9392356e+02	   1.4515529e-01	
   3.0268190e+02	   3.0260667e+02	  -7.5232815e-02	
   3.1150760e+02	   3.1162119e+02	   1.1359297e-01	
   3.2038080e+02	   3.2008437e+02	  -2.9643137e-01	
   3.2039200e+02	   3.2028295e+02	  -1.0905133e-01	
   3.1151250e+02	   3.1190452e+02	   3.9202145e-01	
   3.1148860e+02	   3.1140977e+02	  -7.8827047e-02	
   3.0268900e+02	   3.0238783e+02	  -3.0116747e-01	
   3.1149350e+02	   3.1106189e+02	  -4.3160917e-01	
   3.0270390e+02	   3.0283328e+02	   1.2938003e-01	
   3.2855520e+02	   3.2854087e+02	  -1.4329912e-02	
   3.2857440e+02	   3.2847633e+02	  -9.8072122e-02	
   3.1150910e+02	   3.1172298e+02	   2.1387901e-01	
   3.1151110e+02	   3.1169893e+02	   1.8783447e-01	
   3.2855410e+02	   3.2853268e+02	  -2.1421551e-02	
   3.0270360e+02	   3.0282331e+02	   1.1971087e-01	
   2.9378580e+02	   2.9405475e+02	   2.6895137e-01	
   3.2853400e+02	   3.2844935e+02	  -8.4653079e-02	
   3.0271190e+02	   3.0279332e+02	   8.1420466e-02	
   3.0271350e+02	   3.0275363e+02	   4.0130778e-02	
   2.9377340e+02	   2.9374289e+02	  -3.0510193e-02	
   3.2039210e+02	   3.2038848e+02	  -3.6239010e-03	
   3.2857300e+02	   3.2856935e+02	  -3.6494888e-03	
   2.9376600e+02	   2.9359143e+02	  -1.7456587e-01	
   3.2855130e+02	   3.2848122e+02	  -7.0077453e-02	
   3.0269570e+02	   3.0239154e+02	  -3.0416480e-01	
   3.2038560e+02	   3.1949758e+02	  -8.8801813e-01	
   3.2848280e+02	   3.2847985e+02	  -2.9494710e-03	
   3.2037440e+02	   3.2016779e+02	  -2.0661471e-01	
   2.9377290e+02	   2.9371807e+02	  -5.4829089e-02	
   2.9376100e+02	   2.9357392e+02	  -1.8708105e-01	
   3.0268260e+02	   3.0225245e+02	  -4.3014969e-01	
   2.9378580e+02	   2.9397920e+02	   1.9340047e-01	
   2.9375460e+02	   2.9366795e+02	  -8.6648498e-02	
   3.1149490e+02	   3.1137813e+02	  -1.1676848e-01	
   2.9375340e+02	   2.9354793e+02	  -2.0546699e-01	
   2.9377920e+02	   2.9411013e+02	   3.3093068e-01	
   3.0268330e+02	   3.0276416e+02	   8.0859086e-02	
   3.2038170e+02	   3.2021516e+02	  -1.6654268e-01	
   3.0268260e+02	   3.0237288e+02	  -3.0972257e-01	
   3.2037310e+02	   3.1994814e+02	  -4.2495773e-01	
   3.2037930e+02	   3.2016003e+02	  -2.1926817e-01	
   3.1150110e+02	   3.1119612e+02	  -3.0497696e-01	
   3.2850500e+02	   3.2848540e+02	  -1.9595158e-02	
   3.2858280e+02	   3.2841135e+02	  -1.7145348e-01	
   3.2857680e+02	   3.2854988e+02	  -2.6916026e-02	
   3.2854750e+02	   3.2859611e+02	   4.8607512e-02	
   3.0269010e+02	   3.0238012e+02	  -3.0997978e-01	
   3.2038850e+02	   3.2059504e+02	   2.0653760e-01	
   3.2857460e+02	   3.2856696e+02	  -7.6438856e-03	
   3.2037950e+02	   3.2058926e+02	   2.0976340e-01	
   3.2037930e+02	   3.2004567e+02	  -3.3362968e-01	
   3.2851310e+02	   3.2846010e+02	  -5.3001690e-02	
   3.1151150e+02	   3.1134466e+02	  -1.6684254e-01	
   2.9377320e+02	   2.9379333e+02	   2.0130367e-02	
   3.2036980e+02	   3.2029010e+02	  -7.9703784e-02	
   3.1151390e+02	   3.1190273e+02	   3.8883078e-01	
   2.9375440e+02	   2.9346830e+02	  -2.8610293e-01	
   2.9377740e+02	   2.9389445e+02	   1.1704880e-01	
   2.9376900e+02	   2.9375914e+02	  -9.8564870e-03	
   3.0271150e+02	   3.0236935e+02	  -3.4214546e-01	
   3.0271230e+02	   3.0257143e+02	  -1.4086782e-01	
   3.2857460e+02	   3.2843476e+02	  -1.3983629e-01	
   2.9375260e+02	   2.9354705e+02	  -2.0554705e-01	
   3.2853780e+02	   3.2849052e+02	  -4.7282521e-02	
   3.2856540e+02	   3.2849185e+02	  -7.3550145e-02	
   3.2850820e+02	   3.2855988e+02	   5.1680944e-02	
   3.2038700e+02	   3.2076862e+02	   3.8161509e-01	
   3.0269580e+02	   3.0250418e+02	  -1.9162263e-01	
   3.2038840e+02	   3.2022612e+02	  -1.6228140e-01	
   3.0268880e+02	   3.0265338e+02	  -3.5422217e-02	
   3.2848850e+02	   3.2834251e+02	  -1.4599465e-01	
   3.0271300e+02	   3.0289874e+02	   1.8573745e-01	
   3.2039100e+02	   3.2029795e+02	  -9.3051345e-02	
   3.2038900e+02	   3.2039160e+02	   2.6019717e-03	
   3.1149230e+02	   3.1192031e+02	   4.2801314e-01	
   3.2038660e+02	   3.2160062e+02	   1.2140204e+00	
   3.0270660e+02	   3.0258176e+02	  -1.2484293e-01	
   3.2038230e+02	   3.2034524e+02	  -3.7056033e-02	
   3.2851800e+02	   3.2845091e+02	  -6.7091228e-02	
   3.2038040e+02	   3.2058234e+02	   2.0193697e-01	
   3.1150880e+02	   3.1141719e+02	  -9.1610775e-02	
   3.2847840e+02	   3.2855771e+02	   7.9313316e-02	
   2.9378310e+02	   2.9405138e+02	   2.6828223e-01	
   3.1150930e+02	   3.1181466e+02	   3.0535964e-01	
   3.1149060e+02	   3.1166563e+02	   1.7503222e-01	
   3.2850960e+02	   3.2842754e+02	  -8.2062776e-02	
   3.0268330e+02	   3.0256089e+02	  -1.2241048e-01	
   3.0268940e+02	   3.0281890e+02	   1.2950086e-01	
   3.2037820e+02	   3.2029065e+02	  -8.7553640e-02	
   3.1150490e+02	   3.1155151e+02	   4.6614844e-02	
   3.2856900e+02	   3.2862048e+02	   5.1477197e-02	
   2.9375320e+02	   2.9368202e+02	  -7.1177365e-02	
   3.2851990e+02	   3.2850652e+02	  -1.3384470e-02	
   3.2039230e+02	   3.2087200e+02	   4.7969878e-01	
   3.0268720e+02	   3.0258353e+02	  -1.0367153e-01	
   3.0271050e+02	   3.0267328e+02	  -3.7221334e-02	
   3.1150400e+02	   3.1163708e+02	   1.3307911e-01	
   3.2037280e+02	   3.1991500e+02	  -4.5779873e-01	
   3.2848200e+02	   3.2856887e+02	   8.6871034e-02	
   3.0268730e+02	   3.0270372e+02	   1.6417390e-02	
   3.0270250e+02	   3.0251016e+02	  -1.9234022e-01	
   2.9377780e+02	   2.9400473e+02	   2.2693230e-01	
   2.9378660e+02	   2.9398075e+02	   1.9414741e-01	
   3.0270050e+02	   3.0281793e+02	   1.1742847e-01	
   3.2037460e+02	   3.1992251e+02	  -4.5208842e-01	
   2.9376930e+02	   2.9359551e+02	  -1.7379341e-01	
   3.1151350e+02	   3.1198134e+02	   4.6783525e-01	
   3.0271080e+02	   3.0242095e+02	  -2.8985476e-01	
   2.9378320e+02	   2.9422318e+02	   4.3998288e-01	
   2.9378640e+02	   2.9397800e+02	   1.9160151e-01	
   3.2856000e+02	   3.2860268e+02	   4.2678141e-02	
   3.0269680e+02	   3.0247663e+02	  -2.2017179e-01	
   2.9375240e+02	   2.9351090e+02	  -2.4149641e-01	
   3.0270850e+02	   3.0259075e+02	  -1.1775113e-01	
   3.2037370e+02	   3.1998303e+02	  -3.9066903e-01	
   2.9376070e+02	   2.9356224e+02	  -1.9846395e-01	
   3.2849710e+02	   3.2854736e+02	   5.0256411e-02	
   2.9377960e+02	   2.9373872e+02	  -4.0875225e-02	
   3.1150170e+02	   3.1133569e+02	  -1.6601080e-01	
   3.2849500e+02	   3.2853696e+02	   4.1960159e-02	
   3.1150610e+02	   3.1176917e+02	   2.6307379e-01	
   3.0268120e+02	   3.0226441e+02	  -4.1678542e-01	
   3.2038000e+02	   3.2056177e+02	   1.8177272e-01	
   3.2858330e+02	   3.2847032e+02	  -1.1297810e-01	
   3.0269120e+02	   3.0193176e+02	  -7.5944276e-01	
   3.0270610e+02	   3.0254408e+02	  -1.6202249e-01	
   3.0270010e+02	   3.0250125e+02	  -1.9884587e-01	
   3.0269270e+02	   3.0281079e+02	   1.1808518e-01	
   3.0268270e+02	   3.0263442e+02	  -4.8276530e-02	
   3.0268280e+02	   3.0232676e+02	  -3.5604269e-01	
   3.1151160e+02	   3.1153925e+02	   2.7645240e-02	
   3.2037840e+02	   3.2013936e+02	  -2.3904220e-01	
   3.2853700e+02	   3.2858288e+02	   4.5880805e-02	
   3.1150440e+02	   3.1373128e+02	   2.2268780e+00	
   3.1150860e+02	   3.1203443e+02	   5.2583008e-01	
   3.2852320e+02	   3.2843168e+02	  -9.1517583e-02	
   3.1149650e+02	   3.1154725e+02	   5.0749992e-02	
   3.1148830e+02	   3.1167897e+02	   1.9066999e-01	
   3.0268390e+02	   3.0251869e+02	  -1.6521301e-01	
   2.9375270e+02	   2.9365322e+02	  -9.9476398e-02	
   2.9377970e+02	   2.9409354e+02	   3.1384286e-01	
   3.1151500e+02	   3.1172433e+02	   2.0933186e-01	
   3.0268460e+02	   3.0219739e+02	  -4.8720939e-01	
   3.1151260e+02	   3.1185624e+02	   3.4364175e-01	
   3.1149680e+02	   3.1109990e+02	  -3.9689846e-01	
   2.9378200e+02	   2.9406816e+02	   2.8615553e-01	
   3.0269180e+02	   3.0266498e+02	  -2.6816038e-02	
   3.0269200e+02	   3.0288719e+02	   1.9519244e-01	
   3.2037410e+02	   3.2057046e+02	   1.9636239e-01	
   2.9378690e+02	   2.9393769e+02	   1.5079078e-01	
   3.0269590e+02	   3.0295092e+02	   2.5501737e-01	
   2.9376790e+02	   2.9377246e+02	   4.5644476e-03	
   3.2037220e+02	   3.2106652e+02	   6.9432250e-01	
   3.1151220e+02	   3.1201417e+02	   5.0197362e-01	
   3.1149090e+02	   3.1198668e+02	   4.9578489e-01	
   3.1149710e+02	   3.1157795e+02	   8.0846898e-02	
   2.9378280e+02	   2.9381541e+02	   3.2614601e-02	
   3.1148790e+02	   3.1181527e+02	   3.2737236e-01	
   3.1150630e+02	   3.1115963e+02	  -3.4667146e-01	
   2.9376660e+02	   2.9351462e+02	  -2.5198151e-01	
   2.9378160e+02	   2.9410915e+02	   3.2754874e-01	
   3.2856950e+02	   3.2872352e+02	   1.5402103e-01	
   3.2037190e+02	   3.2016720e+02	  -2.0470306e-01	
   3.2038330e+02	   3.2109268e+02	   7.0937917e-01	
   3.2851800e+02	   3.2849061e+02	  -2.7391620e-02	
   3.2038780e+02	   3.2013817e+02	  -2.4963183e-01	
   3.0268800e+02	   3.0271852e+02	   3.0524987e-02	
   3.1148700e+02	   3.1144367e+02	  -4.3327496e-02	
   2.9375410e+02	   2.9355939e+02	  -1.9471179e-01	
   3.0269830e+02	   3.0280862e+02	   1.1032440e-01	
   3.1150760e+02	   3.1158687e+02	   7.9265552e-02	
   2.9376130e+02	   2.9359356e+02	  -1.6773678e-01	
   3.1149430e+02	   3.1168755e+02	   1.9325148e-01	
   2.9378620e+02	   2.9403612e+02	   2.4991527e-01	
   3.2851420e+02	   3.2860866e+02	   9.4459995e-02	
   3.0268770e+02	   3.0308612e+02	   3.9842012e-01	
   2.9378130e+02	   2.9380528e+02	   2.3981348e-02	
   3.2854290e+02	   3.2844845e+02	  -9.4452757e-02	
   3.2038840e+02	   3.2060315e+02	   2.1474999e-01	
   3.1151000e+02	   3.1118437e+02	  -3.2562786e-01	
   2.9375320e+02	   2.9368536e+02	  -6.7838108e-02	
   2.9376120e+02	   2.9345287e+02	  -3.0833119e-01	
   3.1150420e+02	   3.1232143e+02	   8.1722538e-01	
   3.0270220e+02	   3.0261087e+02	  -9.1333190e-02	
   3.0268520e+02	   3.0256258e+02	  -1.2262174e-01	
   3.2037560e+02	   3.2011768e+02	  -2.5791807e-01	
   2.9378220e+02	   2.9411251e+02	   3.3031212e-01	
   3.2037190e+02	   3.2020644e+02	  -1.6545749e-01	
   3.1148630e+02	   3.1140226e+02	  -8.4037111e-02	
   3.0271250e+02	   3.0286687e+02	   1.5437169e-01	
   3.2849120e+02	   3.2853038e+02	   3.9184550e-02	
   3.2855240e+02	   3.2845877e+02	  -9.3625969e-02	
   3.0269420e+02	   3.0286841e+02	   1.7421397e-01	
   3.2853910e+02	   3.2859669e+02	   5.7585449e-02	
   2.9376530e+02	   2.9361743e+02	  -1.4786646e-01	
   3.2038610e+02	   3.2041078e+02	   2.4675643e-02	
   3.2037150e+02	   3.2001893e+02	  -3.5257163e-01	
   3.0271040e+02	   3.0282708e+02	   1.1667549e-01	
   3.2852780e+02	   3.2854462e+02	   1.6822599e-02	
   3.2855730e+02	   3.2853860e+02	  -1.8699878e-02	
   3.0269250e+02	   3.0262157e+02	  -7.0927852e-02	
   3.0268310e+02	   3.0269773e+02	   1.4627485e-02	
   3.1149910e+02	   3.1177087e+02	   2.7176790e-01	
   2.9375430e+02	   2.9357330e+02	  -1.8099862e-01	
   3.0269280e+02	   3.0285941e+02	   1.6661079e-01	
   2.9377890e+02	   2.9386072e+02	   8.1821973e-02	
   3.2038230e+02	   3.2101576e+02	   6.3346491e-01	
   2.9375340e+02	   2.9337366e+02	  -3.7973668e-01	
   3.0271110e+02	   3.0300355e+02	   2.9245052e-01	
   3.2037020e+02	   3.1975681e+02	  -6.1339236e-01	
   3.1148810e+02	   3.1177869e+02	   2.9058893e-01	
   3.0270600e+02	   3.0286542e+02	   1.5941895e-01	
   2.9375970e+02	   2.9368483e+02	  -7.4869180e-02	
   2.9375280e+02	   2.9345846e+02	  -2.9433572e-01	
   3.1150640e+02	   3.1166129e+02	   1.5488896e-01	
   3.0268400e+02	   3.0263461e+02	  -4.9386596e-02	
   3.0268350e+02	   3.0235052e+02	  -3.3298131e-01	
   3.2853430e+02	   3.2856206e+02	   2.7759741e-02	
   3.1151540e+02	   3.1181343e+02	   2.9803407e-01	
   2.9375530e+02	   2.9334098e+02	  -4.1432183e-01	
   3.1149560e+02	   3.1204148e+02	   5.4587925e-01	
   3.0271020e+02	   3.0270054e+02	  -9.6647805e-03	
   3.2037290e+02	   3.2027327e+02	  -9.9631380e-02	
   3.0270970e+02	   3.0277566e+02	   6.5962950e-02	
   3.2037030e+02	   3.1979118e+02	  -5.7911761e-01	
   2.9376010e+02	   2.9353674e+02	  -2.2336313e-01	
   3.1148610e+02	   3.1173534e+02	   2.4924024e-01	
   3.1151140e+02	   3.1188832e+02	   3.7691969e-01	
   3.2852890e+02	   3.2847016e+02	  -5.8741209e-02	
   2.9378610e+02	   2.9416958e+02	   3.8347538e-01	
   3.0269760e+02	   3.0265885e+02	  -3.8745043e-02	
   3.2854730e+02	   3.2844774e+02	  -9.9559333e-02	
   3.2855320e+02	   3.2853691e+02	  -1.6293612e-02	
   3.0268120e+02	   3.0265357e+02	  -2.7626633e-02	
   3.2851770e+02	   3.2857584e+02	   5.8144029e-02	
   3.2850470e+02	   3.2858327e+02	   7.8570877e-02	
   3.0269400e+02	   3.0254860e+02	  -1.4539631e-01	
   3.1151320e+02	   3.1169604e+02	   1.8283761e-01	
   2.9377650e+02	   2.9392139e+02	   1.4489303e-01	
   3.0268110e+02	   3.0252503e+02	  -1.5606746e-01	
   3.2854160e+02	   3.2849284e+02	  -4.8760618e-02	
