   1.0000000e-01  -9.2869541e+00   9.5132789e-02  -9.3885835e-02   1.5352446e-02
   2.1544347e-01  -9.3278992e+00   2.0407107e-02  -2.0137262e-02   3.3076723e-03
   4.6415888e-01  -9.4135202e+00   4.3568735e-03  -4.2982021e-03   7.1260484e-04
   1.0000000e+00  -9.5891630e+00   9.2156034e-04  -9.0868390e-04   1.5351560e-04
   2.1544347e+00  -9.9317612e+00   1.9173023e-04  -1.8885694e-04   3.3068701e-05
   4.6415888e+00  -1.0537300e+01   3.8944920e-05  -3.8288155e-05   7.1220752e-06
   1.0000000e+01  -1.1454280e+01   7.7215125e-06  -7.5677269e-06   1.5333837e-06
   2.1544347e+01  -1.2647299e+01   1.5068671e-06  -1.4703050e-06   3.2992676e-07
   4.6415888e+01  -1.4113466e+01   2.9076710e-07  -2.8199021e-07   7.0901506e-08
   1.0000000e+02  -1.5927331e+01   5.5396778e-08  -5.3270124e-08   1.5201870e-08
   2.1544347e+02  -1.8203533e+01   1.0389391e-08  -9.8694307e-09   3.2455781e-09
   4.6415888e+02  -2.1096799e+01   1.9102809e-09  -1.7822418e-09   6.8759547e-10
   1.0000000e+03  -2.4809339e+01   3.4244412e-10  -3.1083964e-10   1.4368956e-10
   2.1544347e+03  -2.9589449e+01   5.9392188e-11  -5.1646608e-11   2.9326778e-11
   4.6415888e+03  -3.5704929e+01   9.8608914e-12  -8.0073724e-12   5.7549254e-12
   1.0000000e+04  -4.3360986e+01   1.5451693e-12  -1.1234035e-12   1.0609018e-12
