  0.0000000e+000	  9.9771799e-011	  3.1415927e+000	  1.3023689e+003	  3.1415927e+000	
  2.4414063e-002	  3.8855741e-004	  2.2472217e-002	  2.0591173e+003	  2.1897346e-001	
  4.8828125e-002	  5.9147200e-003	 -1.9183180e+000	  2.1092947e+003	 -1.9558258e+000	
  7.3242188e-002	  1.7344288e-002	 -3.8151479e+000	  1.0026064e+003	 -4.0825904e+000	
  9.7656250e-002	  1.4084715e-002	 -5.7032547e+000	  3.4552625e+002	 -1.0409556e+000	
  1.2207031e-001	  5.5882848e-003	 -7.6423648e+000	  3.5008298e+002	 -2.9153039e+000	
  1.4648438e-001	  6.1591972e-003	 -1.0214004e+001	  4.6344866e+002	 -3.4933401e+000	
  1.7089844e-001	  9.6046743e-003	 -1.2353277e+001	  5.9435714e+002	 -4.7973587e+000	
  1.9531250e-001	  4.4200032e-003	 -1.3752139e+001	  6.2593101e+002	 -6.3365825e+000	
  2.1972656e-001	  4.4848674e-003	 -1.5311918e+001	  7.3438940e+002	 -8.3345798e+000	
  2.4414063e-001	  1.4691028e-002	 -1.6863538e+001	  6.9276432e+002	 -1.0699704e+001	
  2.6855469e-001	  1.2752148e-002	 -1.8334737e+001	  5.2972388e+002	 -1.3299653e+001	
  2.9296875e-001	  1.9325698e-002	 -1.5307525e+001	  3.5271057e+002	 -1.5838028e+001	
  3.1738281e-001	  7.6316923e-003	 -1.7820106e+001	  7.9830105e+002	 -1.8317623e+001	
  3.4179688e-001	  3.1348589e-002	 -1.9843419e+001	  1.8980918e+003	 -2.0170822e+001	
  3.6621094e-001	  5.3085069e-003	 -2.1916708e+001	  1.3608814e+003	 -2.1759013e+001	
  3.9062500e-001	  3.2832312e-002	 -2.3969103e+001	  8.8736187e+002	 -2.1301350e+001	
  4.1503906e-001	  2.1120566e-002	 -2.6528524e+001	  1.6244391e+003	 -2.0327602e+001	
  4.3945313e-001	  2.5724944e-002	 -2.9203405e+001	  4.2137117e+003	 -2.1952039e+001	
  4.6386719e-001	  6.1216287e-002	 -2.8135722e+001	  1.6693660e+004	 -2.0433822e+001	
  4.8828125e-001	  1.8410290e-002	 -3.0094733e+001	  7.6366834e+004	 -2.2334022e+001	
  5.1269531e-001	  2.0440133e-001	 -3.1998268e+001	  1.4380115e+005	 -2.4208047e+001	
  5.3710938e-001	  2.7798452e-001	 -3.3884058e+001	  1.6133646e+005	 -2.6080045e+001	
  5.6152344e-001	  8.3459605e-002	 -3.5758053e+001	  1.1224557e+005	 -2.7948049e+001	
  5.8593750e-001	  6.4765502e-002	 -3.7597441e+001	  4.2020774e+004	 -2.9793732e+001	
  6.1035156e-001	  8.3740458e-003	 -3.8341790e+001	  2.5198795e+003	 -3.0958170e+001	
  6.3476563e-001	  4.0366590e-002	 -3.9087431e+001	  3.4315010e+003	 -3.0803859e+001	
  6.5917969e-001	  1.4107060e-002	 -4.1914161e+001	  1.5213267e+003	 -2.8835361e+001	
  6.8359375e-001	  2.4343380e-002	 -4.3884414e+001	  1.4127885e+003	 -3.1037173e+001	
  7.0800781e-001	  1.8614552e-002	 -4.6338399e+001	  1.2394472e+002	 -2.8550748e+001	
  7.3242188e-001	  1.3973802e-002	 -4.9157982e+001	  2.5033512e+002	 -2.8580009e+001	
  7.5683594e-001	  1.0369699e-002	 -5.1355242e+001	  3.7389566e+002	 -3.0157334e+001	
  7.8125000e-001	  7.1141184e-003	 -5.3688079e+001	  2.4332734e+002	 -2.8959547e+001	
  8.0566406e-001	  1.2298132e-002	 -5.6067499e+001	  4.5810871e+002	 -2.9959585e+001	
  8.3007813e-001	  8.9894967e-003	 -5.9117914e+001	  7.3316574e+002	 -3.0965904e+001	
  8.5449219e-001	  7.9328741e-003	 -6.1953896e+001	  7.8014311e+002	 -3.2663530e+001	
  8.7890625e-001	  5.1556034e-003	 -6.3882879e+001	  5.6393284e+002	 -3.4285674e+001	
  9.0332031e-001	  8.3596954e-003	 -6.5835555e+001	  5.0857795e+002	 -3.5520347e+001	
  9.2773438e-001	  1.0769789e-002	 -6.8074374e+001	  4.7119140e+002	 -3.6874005e+001	
  9.5214844e-001	  9.8088786e-003	 -7.0430046e+001	  3.9686546e+002	 -3.8103094e+001	
  9.7656250e-001	  7.9961003e-003	 -7.2626586e+001	  4.7374164e+002	 -3.9490481e+001	
  1.0009766e+000	  1.0265051e-002	 -7.0746133e+001	  6.0809213e+002	 -4.1047068e+001	
  1.0253906e+000	  8.5773316e-003	 -7.2543185e+001	  6.9079971e+002	 -4.2622196e+001	
  1.0498047e+000	  1.3213830e-002	 -7.4001693e+001	  5.3305259e+002	 -4.4201398e+001	
  1.0742188e+000	  5.5002714e-003	 -7.4492944e+001	  2.4372774e+002	 -4.5267208e+001	
  1.0986328e+000	  9.0964130e-003	 -7.4939590e+001	  2.5262220e+002	 -4.5875099e+001	
  1.1230469e+000	  5.8287409e-003	 -7.6680203e+001	  2.3885545e+002	 -4.6930759e+001	
  1.1474609e+000	  7.2841363e-003	 -7.8706626e+001	  3.1819359e+002	 -4.7870131e+001	
  1.1718750e+000	  6.1805211e-003	 -8.0900456e+001	  3.9260249e+002	 -4.9259744e+001	
  1.1962891e+000	  4.2668187e-003	 -8.2937443e+001	  3.5771803e+002	 -5.0624030e+001	
  1.2207031e+000	  2.5403008e-003	 -8.4693513e+001	  2.7560889e+002	 -5.2006724e+001	
  1.2451172e+000	  6.5599684e-003	 -8.7581452e+001	  1.5023277e+002	 -5.3461794e+001	
  1.2695313e+000	  6.0698379e-003	 -9.0158514e+001	  1.2576412e+002	 -5.5591029e+001	
  1.2939453e+000	  9.8601112e-003	 -9.2459639e+001	  3.2642419e+002	 -5.8010558e+001	
  1.3183594e+000	  4.5987344e-003	 -9.4739430e+001	  5.4472283e+002	 -6.0029358e+001	
  1.3427734e+000	  4.6797764e-003	 -9.6893422e+001	  5.9291250e+002	 -6.1873007e+001	
  1.3671875e+000	  5.7806875e-003	 -9.5737547e+001	  5.5637912e+002	 -6.3870878e+001	
  1.3916016e+000	  6.3645904e-003	 -9.7589904e+001	  7.0233381e+002	 -6.6406919e+001	
  1.4160156e+000	  8.9201652e-003	 -9.9183679e+001	  8.2395433e+002	 -6.8546628e+001	
  1.4404297e+000	  5.0954930e-003	 -1.0021026e+002	  1.5700285e+002	 -6.9206727e+001	
  1.4648438e+000	  6.1852085e-003	 -1.0206983e+002	  8.8354255e+002	 -6.8677874e+001	
  1.4892578e+000	  9.4781123e-003	 -1.0415200e+002	  2.2344672e+003	 -6.9662044e+001	
  1.5136719e+000	  8.7615894e-003	 -1.0604269e+002	  1.5250601e+003	 -7.2365236e+001	
  1.5380859e+000	  6.8281080e-003	 -1.0809031e+002	  1.3622240e+004	 -6.9409453e+001	
  1.5625000e+000	  3.4232907e-003	 -1.1019806e+002	  3.7146281e+004	 -7.1343442e+001	
  1.5869141e+000	  2.7467780e-002	 -1.1220087e+002	  5.3499867e+004	 -7.3226922e+001	
  1.6113281e+000	  2.5127602e-002	 -1.1416615e+002	  4.7622619e+004	 -7.5100217e+001	
  1.6357422e+000	  2.8093286e-003	 -1.1622795e+002	  2.5341875e+004	 -7.6952898e+001	
  1.6601563e+000	  1.1557312e-002	 -1.1312660e+002	  6.0041039e+003	 -7.8629013e+001	
  1.6845703e+000	  2.1914877e-003	 -1.1621582e+002	  1.8179314e+003	 -7.8754699e+001	
  1.7089844e+000	  7.4840077e-003	 -1.1435356e+002	  1.3662508e+003	 -8.1266885e+001	
  1.7333984e+000	  7.5184061e-003	 -1.1607798e+002	  1.2656158e+003	 -8.4008812e+001	
  1.7578125e+000	  8.0033495e-003	 -1.1723362e+002	  5.5105678e+002	 -8.6455845e+001	
  1.7822266e+000	  5.3753449e-003	 -1.1831632e+002	  4.0445815e+002	 -8.8892646e+001	
  1.8066406e+000	  5.9988705e-003	 -1.1995474e+002	  3.9959908e+002	 -9.0327953e+001	
  1.8310547e+000	  6.4063008e-003	 -1.2181448e+002	  1.4866327e+002	 -9.1263218e+001	
  1.8554688e+000	  4.4365999e-003	 -1.2341515e+002	  1.5380667e+002	 -9.1126402e+001	
  1.8798828e+000	  5.0274263e-003	 -1.2454709e+002	  9.6106822e+001	 -9.1302484e+001	
  1.9042969e+000	  7.5318812e-003	 -1.2622057e+002	  1.5268977e+002	 -9.1870566e+001	
  1.9287109e+000	  4.9964520e-003	 -1.2818994e+002	  1.6607481e+002	 -9.2416378e+001	
  1.9531250e+000	  2.3504061e-003	 -1.3023359e+002	  2.4045214e+002	 -9.3812241e+001	
  1.9775391e+000	  2.7487157e-003	 -1.3228485e+002	  1.4977495e+002	 -9.5727831e+001	
  2.0019531e+000	  3.6321988e-003	 -1.3459569e+002	  2.3515529e+001	 -9.7433899e+001	
  2.0263672e+000	  2.7216218e-003	 -1.3697540e+002	  2.7416909e+001	 -9.7841129e+001	
  2.0507813e+000	  6.7160123e-003	 -1.3898852e+002	  3.8737712e+001	 -1.0094745e+002	
  2.0751953e+000	  1.0854997e-002	 -1.4082539e+002	  7.0265236e+001	 -1.0324025e+002	
  2.0996094e+000	  5.9069801e-003	 -1.4262063e+002	  1.0801585e+002	 -1.0490254e+002	
  2.1240234e+000	  6.7668680e-003	 -1.4500688e+002	  1.3192816e+002	 -1.0668056e+002	
  2.1484375e+000	  5.1710792e-003	 -1.4723881e+002	  1.1097322e+002	 -1.0899737e+002	
  2.1728516e+000	  1.1446648e-002	 -1.4888000e+002	  1.4836646e+002	 -1.1160618e+002	
  2.1972656e+000	  1.0070851e-002	 -1.5057124e+002	  1.5574364e+002	 -1.1356370e+002	
  2.2216797e+000	  2.3866511e-003	 -1.5219258e+002	  4.2655892e+001	 -1.1414784e+002	
  2.2460938e+000	  4.5801949e-003	 -1.5361729e+002	  1.8396141e+002	 -1.1463979e+002	
  2.2705078e+000	  1.0739517e-002	 -1.5509283e+002	  1.8853580e+002	 -1.1660918e+002	
  2.2949219e+000	  1.0551387e-002	 -1.5682026e+002	  1.0534523e+002	 -1.1950262e+002	
  2.3193359e+000	  2.5483986e-003	 -1.5891271e+002	  1.5783903e+002	 -1.2201889e+002	
  2.3437500e+000	  7.0729626e-003	 -1.5582306e+002	  1.8559884e+002	 -1.2367652e+002	
  2.3681641e+000	  5.0389870e-003	 -1.5803904e+002	  2.4491216e+002	 -1.2551869e+002	
  2.3925781e+000	  2.4088938e-003	 -1.5967639e+002	  3.4330141e+002	 -1.2747527e+002	
  2.4169922e+000	  6.9770921e-004	 -1.6122308e+002	  3.5072379e+002	 -1.2940959e+002	
  2.4414063e+000	  5.8284851e-003	 -1.6297259e+002	  2.6476955e+002	 -1.3236533e+002	
  2.4658203e+000	  7.4388486e-003	 -1.6476991e+002	  6.5035920e+002	 -1.3499843e+002	
  2.4902344e+000	  8.5940403e-003	 -1.6660103e+002	  5.4682191e+002	 -1.3700613e+002	
  2.5146484e+000	  4.3918654e-003	 -1.6855881e+002	  4.0703246e+002	 -1.3441514e+002	
  2.5390625e+000	  3.7713242e-003	 -1.7092726e+002	  1.3559251e+003	 -1.3598577e+002	
  2.5634766e+000	  2.6988320e-003	 -1.7346946e+002	  2.0040707e+003	 -1.3762079e+002	
  2.5878906e+000	  2.2774863e-003	 -1.7414517e+002	  3.1167511e+003	 -1.3508983e+002	
  2.6123047e+000	  3.8356943e-003	 -1.7618757e+002	  1.5009696e+004	 -1.3731065e+002	
  2.6367188e+000	  7.4094885e-003	 -1.7838318e+002	  2.8594541e+004	 -1.3921600e+002	
  2.6611328e+000	  1.2106652e-002	 -1.8051404e+002	  3.2110783e+004	 -1.4109258e+002	
  2.6855469e+000	  1.0207023e-002	 -1.8249485e+002	  2.2422581e+004	 -1.4295076e+002	
  2.7099609e+000	  2.4903718e-003	 -1.8411021e+002	  8.7206511e+003	 -1.4471868e+002	
  2.7343750e+000	  7.2662336e-003	 -1.8504045e+002	  1.8058865e+003	 -1.4561760e+002	
  2.7587891e+000	  6.5906064e-003	 -1.8638521e+002	  1.4551077e+003	 -1.4687440e+002	
  2.7832031e+000	  4.4474488e-003	 -1.8720429e+002	  9.5858784e+002	 -1.4965033e+002	
  2.8076172e+000	  5.9147629e-003	 -1.8799720e+002	  6.9817798e+002	 -1.5226478e+002	
  2.8320313e+000	  4.3608788e-003	 -1.8957014e+002	  4.4505725e+002	 -1.5453209e+002	
  2.8564453e+000	  3.4771043e-003	 -1.9085911e+002	  3.4095037e+002	 -1.5636988e+002	
  2.8808594e+000	  6.7842838e-003	 -1.9279473e+002	  1.2817764e+002	 -1.5857821e+002	
  2.9052734e+000	  8.0172752e-003	 -1.9482289e+002	  2.0796114e+002	 -1.5637962e+002	
  2.9296875e+000	  4.8702427e-003	 -1.9679373e+002	  2.7139787e+002	 -1.5850641e+002	
  2.9541016e+000	  1.3449454e-003	 -1.9869393e+002	  1.6813116e+002	 -1.6049704e+002	
  2.9785156e+000	  2.5879040e-003	 -2.0071597e+002	  6.6752358e+001	 -1.6227678e+002	
  3.0029297e+000	  2.2245024e-003	 -2.0279584e+002	  1.5896225e+001	 -1.6103278e+002	
  3.0273438e+000	  7.7715699e-003	 -2.0461757e+002	  4.8588912e+001	 -1.6302915e+002	
  3.0517578e+000	  7.1621687e-003	 -2.0619469e+002	  8.4564110e+001	 -1.6016345e+002	
  3.0761719e+000	  5.7046587e-003	 -2.0760974e+002	  1.8933600e+002	 -1.6215491e+002	
  3.1005859e+000	  7.6516855e-003	 -2.0915867e+002	  1.9455866e+002	 -1.6361032e+002	
  3.1250000e+000	  7.1551595e-003	 -2.1086054e+002	  1.5595819e+002	 -1.6480413e+002	
  3.1494141e+000	  1.6287180e-003	 -2.1170151e+002	  9.9948601e+001	 -1.6622389e+002	
  3.1738281e+000	  6.4754747e-003	 -2.1194573e+002	  3.6099021e+001	 -1.6835362e+002	
  3.1982422e+000	  1.0062227e-002	 -2.1386793e+002	  2.2750742e+001	 -1.7101762e+002	
  3.2226563e+000	  8.4770546e-003	 -2.1591875e+002	  1.6412548e+001	 -1.7055383e+002	
  3.2470703e+000	  6.8891661e-003	 -2.1802890e+002	  7.3523976e+001	 -1.7204624e+002	
  3.2714844e+000	  4.5771404e-003	 -2.2009827e+002	  1.3601343e+002	 -1.7383035e+002	
  3.2958984e+000	  5.2202416e-003	 -2.2204233e+002	  2.0480434e+002	 -1.7550755e+002	
  3.3203125e+000	  3.9929864e-003	 -2.2351953e+002	  2.3128195e+002	 -1.7709732e+002	
  3.3447266e+000	  3.6221233e-003	 -2.2377408e+002	  1.3862879e+002	 -1.7855893e+002	
  3.3691406e+000	  8.4219978e-003	 -2.2565970e+002	  4.5224404e+001	 -1.7790051e+002	
  3.3935547e+000	  6.9020054e-003	 -2.2791763e+002	  1.6485182e+002	 -1.7849994e+002	
  3.4179688e+000	  5.9197927e-003	 -2.3084965e+002	  2.7386274e+002	 -1.7971442e+002	
  3.4423828e+000	  5.3988077e-003	 -2.3373001e+002	  2.7704898e+002	 -1.8124513e+002	
  3.4667969e+000	  2.8969470e-003	 -2.3440851e+002	  1.4880630e+002	 -1.8308279e+002	
  3.4912109e+000	  5.3316943e-003	 -2.3495232e+002	  1.9022764e+002	 -1.8003270e+002	
  3.5156250e+000	  1.9897659e-003	 -2.3589439e+002	  5.5877555e+002	 -1.8207420e+002	
  3.5400391e+000	  6.0374352e-003	 -2.3714571e+002	  7.0990304e+002	 -1.8393352e+002	
  3.5644531e+000	  8.3041128e-003	 -2.3895724e+002	  2.7972650e+002	 -1.8614564e+002	
  3.5888672e+000	  4.0429159e-003	 -2.4096828e+002	  6.5427660e+002	 -1.8326016e+002	
  3.6132813e+000	  3.2247051e-003	 -2.4314807e+002	  1.4788379e+003	 -1.8480993e+002	
  3.6376953e+000	  1.7441031e-003	 -2.4516101e+002	  1.1978350e+003	 -1.8726981e+002	
  3.6621094e+000	  6.5900863e-003	 -2.4714273e+002	  5.9764042e+003	 -1.8436511e+002	
  3.6865234e+000	  1.2069187e-002	 -2.4928564e+002	  1.6153900e+004	 -1.8635078e+002	
  3.7109375e+000	  1.2045536e-002	 -2.5158129e+002	  2.3096963e+004	 -1.8824103e+002	
  3.7353516e+000	  9.4803425e-003	 -2.5415012e+002	  2.0462471e+004	 -1.9010745e+002	
  3.7597656e+000	  6.2948230e-003	 -2.5113736e+002	  1.0941226e+004	 -1.9191942e+002	
  3.7841797e+000	  6.6685604e-003	 -2.5372147e+002	  3.0250313e+003	 -1.9334757e+002	
  3.8085938e+000	  2.6006362e-003	 -2.5554617e+002	  1.7628068e+003	 -1.9405166e+002	
  3.8330078e+000	  3.7327776e-003	 -2.5607662e+002	  1.2857747e+003	 -1.9618422e+002	
  3.8574219e+000	  4.8694907e-003	 -2.5737410e+002	  7.5059730e+002	 -1.9884399e+002	
  3.8818359e+000	  5.1300506e-003	 -2.5892153e+002	  5.4473079e+002	 -2.0155944e+002	
  3.9062500e+000	  5.3915584e-004	 -2.5974476e+002	  5.6992077e+002	 -2.0358681e+002	
  3.9306641e+000	  5.5394720e-003	 -2.6070313e+002	  4.6926572e+002	 -2.0525080e+002	
  3.9550781e+000	  6.3633058e-003	 -2.6227865e+002	  1.2640758e+002	 -2.0705432e+002	
  3.9794922e+000	  2.8827580e-003	 -2.6396333e+002	  1.8107807e+002	 -2.0525012e+002	
  4.0039063e+000	  5.3748256e-003	 -2.6573470e+002	  2.2946823e+002	 -2.0681976e+002	
  4.0283203e+000	  6.4890529e-003	 -2.6759941e+002	  1.4316002e+002	 -2.0816566e+002	
  4.0527344e+000	  3.5507814e-003	 -2.6948166e+002	  6.6031713e+001	 -2.0896250e+002	
  4.0771484e+000	  2.8038157e-003	 -2.6864747e+002	  8.9755610e+001	 -2.0995228e+002	
  4.1015625e+000	  5.3262819e-003	 -2.7057203e+002	  1.1400870e+002	 -2.1195334e+002	
  4.1259766e+000	  2.3479936e-003	 -2.7362834e+002	  1.3538607e+002	 -2.1392096e+002	
  4.1503906e+000	  6.0073676e-003	 -2.7072462e+002	  1.5084774e+002	 -2.1557868e+002	
  4.1748047e+000	  7.9323159e-003	 -2.7324562e+002	  1.4002115e+002	 -2.1711936e+002	
  4.1992188e+000	  7.1699526e-003	 -2.7577303e+002	  1.0200513e+002	 -2.1843420e+002	
  4.2236328e+000	  1.2035995e-002	 -2.7801214e+002	  1.0527356e+002	 -2.1955481e+002	
  4.2480469e+000	  9.3588146e-003	 -2.8001291e+002	  1.2627211e+002	 -2.2104605e+002	
  4.2724609e+000	  5.9922193e-003	 -2.8185278e+002	  1.1098115e+002	 -2.2256163e+002	
  4.2968750e+000	  3.2229071e-003	 -2.8354468e+002	  5.1956961e+001	 -2.2378528e+002	
  4.3212891e+000	  3.2745670e-003	 -2.8527158e+002	  4.8319966e+001	 -2.2319661e+002	
  4.3457031e+000	  3.9743110e-003	 -2.8741475e+002	  7.5449730e+001	 -2.2434463e+002	
  4.3701172e+000	  4.0022106e-003	 -2.8503137e+002	  3.7741283e+001	 -2.2456114e+002	
  4.3945313e+000	  7.0926629e-003	 -2.8721580e+002	  1.0119802e+002	 -2.2491158e+002	
  4.4189453e+000	  7.2563917e-003	 -2.8909394e+002	  1.3150049e+002	 -2.2606731e+002	
  4.4433594e+000	  4.0716925e-003	 -2.9101137e+002	  7.9722031e+001	 -2.2738830e+002	
  4.4677734e+000	  4.2876546e-003	 -2.9328761e+002	  8.0450969e+001	 -2.2621086e+002	
  4.4921875e+000	  7.9459241e-003	 -2.9561113e+002	  2.1648495e+002	 -2.2792108e+002	
  4.5166016e+000	  9.4424821e-003	 -2.9771642e+002	  2.0512816e+002	 -2.2987358e+002	
  4.5410156e+000	  2.5225931e-003	 -2.9983018e+002	  1.3031950e+002	 -2.3264554e+002	
  4.5654297e+000	  2.7325264e-003	 -3.0182954e+002	  3.5925292e+002	 -2.3537793e+002	
  4.5898438e+000	  1.2949178e-002	 -3.0351211e+002	  6.3533997e+002	 -2.3728715e+002	
  4.6142578e+000	  9.1613161e-003	 -3.0484203e+002	  4.6279634e+002	 -2.3912437e+002	
  4.6386719e+000	  1.1445233e-002	 -3.0594211e+002	  2.9519810e+002	 -2.3690996e+002	
  4.6630859e+000	  7.0555334e-003	 -3.0730615e+002	  1.1369166e+003	 -2.3859254e+002	
  4.6875000e+000	  3.0185788e-003	 -3.0916409e+002	  1.6127151e+003	 -2.4029346e+002	
  4.7119141e+000	  3.2886549e-003	 -3.0712886e+002	  1.9864159e+003	 -2.3731556e+002	
  4.7363281e+000	  3.7192752e-003	 -3.0931328e+002	  8.4540305e+003	 -2.3973044e+002	
  4.7607422e+000	  5.5846383e-003	 -3.1150226e+002	  1.5987777e+004	 -2.4166056e+002	
  4.7851563e+000	  8.0363334e-003	 -3.1364666e+002	  1.7837543e+004	 -2.4353910e+002	
  4.8095703e+000	  2.8570351e-003	 -3.1594516e+002	  1.2393706e+004	 -2.4538381e+002	
  4.8339844e+000	  4.4475792e-003	 -3.1349517e+002	  4.9441117e+003	 -2.4706667e+002	
  4.8583984e+000	  6.1563946e-003	 -3.1559271e+002	  1.7894814e+003	 -2.4793797e+002	
  4.8828125e+000	  5.5338562e-003	 -3.1755606e+002	  1.5848245e+003	 -2.4951612e+002	
  4.9072266e+000	  2.0752796e-003	 -3.1967703e+002	  9.6328322e+002	 -2.5195623e+002	
  4.9316406e+000	  1.0068750e-002	 -3.2177821e+002	  6.4998293e+002	 -2.5486653e+002	
  4.9560547e+000	  1.1955751e-002	 -3.2375988e+002	  7.1158497e+002	 -2.5723221e+002	
  4.9804688e+000	  1.2037274e-003	 -3.2565990e+002	  5.8658717e+002	 -2.5904919e+002	
  5.0048828e+000	  4.1615544e-003	 -3.2758104e+002	  2.4512894e+002	 -2.6105237e+002	
  5.0292969e+000	  4.6523028e-003	 -3.2966550e+002	  1.9588250e+002	 -2.5836982e+002	
  5.0537109e+000	  8.4814374e-003	 -3.3172466e+002	  2.6353734e+002	 -2.6029418e+002	
  5.0781250e+000	  5.1697113e-003	 -3.3380000e+002	  1.6454550e+002	 -2.6173567e+002	
  5.1025391e+000	  3.8458482e-003	 -3.3672603e+002	  6.0779388e+001	 -2.6266199e+002	
  5.1269531e+000	  3.5931065e-003	 -3.3415791e+002	  7.7299609e+001	 -2.6263585e+002	
  5.1513672e+000	  1.0491563e-002	 -3.3617448e+002	  1.0678735e+002	 -2.6401509e+002	
  5.1757813e+000	  9.2041389e-003	 -3.3795223e+002	  6.7369251e+001	 -2.6533593e+002	
  5.2001953e+000	  2.0116001e-004	 -3.3923724e+002	  1.6540246e+001	 -2.6608902e+002	
  5.2246094e+000	  5.2319182e-003	 -3.4030645e+002	  4.8503797e+001	 -2.6483839e+002	
  5.2490234e+000	  1.0367254e-002	 -3.4178602e+002	  7.2501024e+001	 -2.6614955e+002	
  5.2734375e+000	  3.5434174e-003	 -3.4284574e+002	  4.7046593e+001	 -2.6667660e+002	
  5.2978516e+000	  9.8476330e-003	 -3.4311167e+002	  8.4657284e+001	 -2.6741552e+002	
  5.3222656e+000	  8.3643992e-003	 -3.4472860e+002	  7.4510988e+001	 -2.6898790e+002	
  5.3466797e+000	  5.3284700e-003	 -3.4662649e+002	  2.1398470e+001	 -2.7104792e+002	
  5.3710938e+000	  5.8204421e-003	 -3.4883857e+002	  3.0383157e+001	 -2.6902749e+002	
  5.3955078e+000	  6.0605635e-003	 -3.5134073e+002	  5.6073430e+001	 -2.7099276e+002	
  5.4199219e+000	  4.5592731e-003	 -3.5348412e+002	  6.8558397e+001	 -2.7218582e+002	
  5.4443359e+000	  1.0774137e-003	 -3.5521992e+002	  1.2435947e+002	 -2.7322243e+002	
  5.4687500e+000	  5.3524101e-003	 -3.5425589e+002	  1.5508678e+002	 -2.7468291e+002	
  5.4931641e+000	  3.1191537e-003	 -3.5567303e+002	  9.3377297e+001	 -2.7636909e+002	
  5.5175781e+000	  8.9532347e-003	 -3.5758585e+002	  7.5958234e+001	 -2.7339898e+002	
  5.5419922e+000	  5.0357557e-003	 -3.5963611e+002	  2.1559644e+002	 -2.7539126e+002	
  5.5664063e+000	  7.1389382e-003	 -3.6161490e+002	  2.7068533e+002	 -2.7711395e+002	
  5.5908203e+000	  3.1529815e-003	 -3.6306199e+002	  1.8105058e+002	 -2.7900810e+002	
  5.6152344e+000	  6.6412347e-003	 -3.6391535e+002	  1.6525333e+002	 -2.7593129e+002	
  5.6396484e+000	  4.7601069e-003	 -3.6548602e+002	  4.5849251e+002	 -2.7816444e+002	
  5.6640625e+000	  1.0690011e-003	 -3.6715683e+002	  5.6131694e+002	 -2.8007532e+002	
  5.6884766e+000	  1.4462035e-003	 -3.6660349e+002	  2.5290318e+002	 -2.8271584e+002	
  5.7128906e+000	  2.6807057e-003	 -3.6824279e+002	  7.9829950e+002	 -2.8573660e+002	
  5.7373047e+000	  4.2058899e-003	 -3.7015323e+002	  1.5143688e+003	 -2.8743098e+002	
  5.7617188e+000	  6.1775505e-003	 -3.7210242e+002	  1.3431408e+003	 -2.8966923e+002	
  5.7861328e+000	  4.9549901e-003	 -3.7394775e+002	  3.8293950e+003	 -2.8672422e+002	
  5.8105469e+000	  2.8599912e-003	 -3.7544416e+002	  1.0287761e+004	 -2.8878959e+002	
  5.8349609e+000	  4.9298987e-003	 -3.7706036e+002	  1.4666521e+004	 -2.9068948e+002	
  5.8593750e+000	  9.2981184e-003	 -3.7928054e+002	  1.2948242e+004	 -2.9255038e+002	
  5.8837891e+000	  8.2721599e-003	 -3.8194151e+002	  6.9774421e+003	 -2.9432663e+002	
  5.9082031e+000	  1.3295847e-002	 -3.8442756e+002	  2.3568569e+003	 -2.9562257e+002	
  5.9326172e+000	  1.1695320e-002	 -3.8667969e+002	  1.7710973e+003	 -2.9668687e+002	
  5.9570313e+000	  5.6897696e-003	 -3.8889778e+002	  1.3215705e+003	 -2.9876937e+002	
  5.9814453e+000	  3.2953550e-003	 -3.9120455e+002	  6.9511042e+002	 -3.0135151e+002	
  6.0058594e+000	  2.2132308e-003	 -3.9359420e+002	  5.7343637e+002	 -3.0423962e+002	
  6.0302734e+000	  6.7232239e-004	 -3.9569302e+002	  6.0266026e+002	 -3.0630084e+002	
  6.0546875e+000	  2.3328817e-004	 -3.9741802e+002	  3.9647466e+002	 -3.0811099e+002	
  6.0791016e+000	  4.5585822e-003	 -3.9926623e+002	  1.3382931e+002	 -3.1104088e+002	
  6.1035156e+000	  7.8544010e-003	 -4.0119247e+002	  2.8134716e+002	 -3.1379595e+002	
  6.1279297e+000	  5.3166077e-003	 -4.0314552e+002	  2.5493292e+002	 -3.1550649e+002	
  6.1523438e+000	  8.4550794e-004	 -4.0505600e+002	  1.1441290e+002	 -3.1713821e+002	
  6.1767578e+000	  6.5383391e-004	 -4.0645718e+002	  2.7440815e+001	 -3.1459677e+002	
  6.2011719e+000	  2.0818265e-003	 -4.0692097e+002	  5.7926951e+001	 -3.1680287e+002	
  6.2255859e+000	  2.1500550e-003	 -4.0793222e+002	  3.3361178e+001	 -3.1654508e+002	
  6.2500000e+000	  4.1903640e-003	 -4.0920967e+002	  1.2453337e+002	 -3.1783777e+002	
  6.2744141e+000	  4.8971029e-003	 -4.1088549e+002	  1.3537929e+002	 -3.1954892e+002	
  6.2988281e+000	  1.8935256e-003	 -4.1273099e+002	  5.8606067e+001	 -3.2118490e+002	
  6.3232422e+000	  2.7030210e-003	 -4.1336037e+002	  3.9324063e+001	 -3.1981286e+002	
  6.3476563e+000	  1.1245129e-003	 -4.1427875e+002	  9.8283927e+001	 -3.2132222e+002	
  6.3720703e+000	  7.0517172e-003	 -4.1639367e+002	  9.9799655e+001	 -3.2282387e+002	
  6.3964844e+000	  4.5076556e-003	 -4.1909132e+002	  6.4595465e+001	 -3.2426130e+002	
  6.4208984e+000	  6.6301324e-003	 -4.1663864e+002	  1.0358091e+001	 -3.2544821e+002	
  6.4453125e+000	  7.3485619e-003	 -4.1919070e+002	  5.1769481e+001	 -3.2431601e+002	
  6.4697266e+000	  4.4659118e-003	 -4.2168890e+002	  9.0579368e+001	 -3.2571516e+002	
  6.4941406e+000	  8.6463729e-003	 -4.2397761e+002	  1.1496203e+002	 -3.2695210e+002	
  6.5185547e+000	  7.0801111e-003	 -4.2604236e+002	  1.2208990e+002	 -3.2835902e+002	
  6.5429688e+000	  2.2759790e-003	 -4.2790653e+002	  6.2514658e+001	 -3.3016780e+002	
  6.5673828e+000	  3.2364538e-003	 -4.2755390e+002	  7.8516342e+001	 -3.2740271e+002	
  6.5917969e+000	  5.9422689e-003	 -4.2927272e+002	  2.0699325e+002	 -3.2911835e+002	
  6.6162109e+000	  3.1698382e-003	 -4.2708944e+002	  2.9455146e+002	 -3.3071071e+002	
  6.6406250e+000	  7.7137135e-003	 -4.2960670e+002	  2.5229493e+002	 -3.3240448e+002	
  6.6650391e+000	  5.8558952e-003	 -4.3157602e+002	  1.0751229e+002	 -3.3491467e+002	
  6.6894531e+000	  4.0159314e-003	 -4.3325985e+002	  3.3174298e+002	 -3.3796401e+002	
  6.7138672e+000	  2.8304633e-003	 -4.3489571e+002	  5.9539080e+002	 -3.3981897e+002	
  6.7382813e+000	  7.3343536e-003	 -4.3686990e+002	  4.3245826e+002	 -3.4170594e+002	
  6.7626953e+000	  8.9697813e-003	 -4.3880906e+002	  3.2607604e+002	 -3.3919431e+002	
  6.7871094e+000	  2.6812122e-003	 -4.4073029e+002	  1.0642342e+003	 -3.4107001e+002	
  6.8115234e+000	  2.8575818e-003	 -4.3795275e+002	  1.4494402e+003	 -3.4281406e+002	
  6.8359375e+000	  4.0306059e-003	 -4.4032736e+002	  1.5241542e+003	 -3.4588282e+002	
  6.8603516e+000	  3.0397340e-003	 -4.4099628e+002	  5.8563630e+003	 -3.4843840e+002	
  6.8847656e+000	  6.2480972e-003	 -4.4193432e+002	  1.1072120e+004	 -3.5039113e+002	
  6.9091797e+000	  6.5414494e-003	 -4.4314832e+002	  1.2356296e+004	 -3.5227085e+002	
  6.9335938e+000	  5.6516934e-003	 -4.4425171e+002	  8.6270305e+003	 -3.5409653e+002	
  6.9580078e+000	  5.3782938e-003	 -4.4539020e+002	  3.6447859e+003	 -3.5568438e+002	
  6.9824219e+000	  3.3160386e-003	 -4.4424912e+002	  1.9036212e+003	 -3.5662683e+002	
  7.0068359e+000	  6.8534356e-003	 -4.4586534e+002	  1.7174641e+003	 -3.5831226e+002	
  7.0312500e+000	  5.7010583e-003	 -4.4767366e+002	  1.0309302e+003	 -3.6056433e+002	
  7.0556641e+000	  3.6429654e-003	 -4.4968276e+002	  5.4356142e+002	 -3.6338613e+002	
  7.0800781e+000	  9.5940273e-004	 -4.4693523e+002	  6.0712422e+002	 -3.6586549e+002	
  7.1044922e+000	  5.5335821e-003	 -4.4924806e+002	  5.3560475e+002	 -3.6764476e+002	
  7.1289063e+000	  4.9956551e-003	 -4.5081178e+002	  2.1773026e+002	 -3.6943661e+002	
  7.1533203e+000	  5.2647063e-003	 -4.5229859e+002	  1.6942966e+002	 -3.6743155e+002	
  7.1777344e+000	  5.6999710e-003	 -4.5409995e+002	  3.0622412e+002	 -3.6923488e+002	
  7.2021484e+000	  4.8628331e-003	 -4.5623603e+002	  2.1753666e+002	 -3.7083000e+002	
  7.2265625e+000	  5.3635451e-003	 -4.5850214e+002	  7.2297887e+001	 -3.7250379e+002	
  7.2509766e+000	  2.8638564e-003	 -4.6060399e+002	  4.0907448e+001	 -3.6993445e+002	
  7.2753906e+000	  1.0640130e-003	 -4.6243932e+002	  7.2425698e+001	 -3.7127347e+002	
  7.2998047e+000	  1.3373536e-003	 -4.6402590e+002	  1.1011430e+002	 -3.7229491e+002	
  7.3242188e+000	  9.6473832e-004	 -4.6373707e+002	  1.1990251e+002	 -3.7373452e+002	
  7.3486328e+000	  1.1947260e-003	 -4.6437302e+002	  6.5886293e+001	 -3.7527392e+002	
  7.3730469e+000	  3.7731264e-003	 -4.6634482e+002	  1.2430535e+001	 -3.7818726e+002	
  7.3974609e+000	  3.8120155e-003	 -4.6848531e+002	  7.3800770e+001	 -3.8069156e+002	
  7.4218750e+000	  3.3048105e-003	 -4.7064995e+002	  1.3626857e+002	 -3.8235593e+002	
  7.4462891e+000	  5.7443627e-003	 -4.7267342e+002	  1.5607810e+002	 -3.8407825e+002	
  7.4707031e+000	  5.2523534e-003	 -4.7458319e+002	  1.1982990e+002	 -3.8580586e+002	
  7.4951172e+000	  1.9790468e-003	 -4.7653080e+002	  4.1755504e+001	 -3.8746943e+002	
  7.5195313e+000	  1.9308924e-003	 -4.7955762e+002	  3.0734858e+001	 -3.8607303e+002	
  7.5439453e+000	  2.0878069e-003	 -4.8250797e+002	  4.9587258e+001	 -3.8725931e+002	
  7.5683594e+000	  2.0922347e-003	 -4.8451570e+002	  6.0083603e+001	 -3.8788277e+002	
  7.5927734e+000	  3.5249972e-003	 -4.8674611e+002	  7.1206394e+001	 -3.8893721e+002	
  7.6171875e+000	  6.7718506e-004	 -4.8414567e+002	  2.9269610e+001	 -3.8965229e+002	
  7.6416016e+000	  6.3507648e-003	 -4.8639089e+002	  9.3168870e+001	 -3.8917926e+002	
  7.6660156e+000	  5.6337594e-003	 -4.8818229e+002	  2.0314867e+002	 -3.9064331e+002	
  7.6904297e+000	  3.4549349e-003	 -4.8829447e+002	  2.2771774e+002	 -3.9237091e+002	
  7.7148438e+000	  5.9228844e-003	 -4.8983143e+002	  1.4893068e+002	 -3.9451633e+002	
  7.7392578e+000	  5.7870380e-003	 -4.9166802e+002	  2.2877832e+002	 -3.9748373e+002	
  7.7636719e+000	  5.0516061e-003	 -4.9303585e+002	  5.1791345e+002	 -3.9949048e+002	
  7.7880859e+000	  6.7282745e-003	 -4.9396489e+002	  6.2267974e+002	 -4.0130516e+002	
  7.8125000e+000	  1.0396346e-002	 -4.9554988e+002	  2.7232480e+002	 -4.0347632e+002	
  7.8369141e+000	  1.6114240e-003	 -4.9724367e+002	  5.9986394e+002	 -4.0076009e+002	
  7.8613281e+000	  5.0569100e-003	 -4.9683440e+002	  1.2655841e+003	 -4.0250336e+002	
  7.8857422e+000	  3.2913988e-003	 -4.9804762e+002	  1.1810211e+003	 -4.0467286e+002	
  7.9101563e+000	  1.3387246e-003	 -4.9848808e+002	  2.8065877e+003	 -4.0170324e+002	
  7.9345703e+000	  5.0531758e-003	 -4.9983289e+002	  7.5286987e+003	 -4.0380526e+002	
  7.9589844e+000	  9.2118378e-003	 -5.0173179e+002	  1.0692850e+004	 -4.0570851e+002	
  7.9833984e+000	  5.7478122e-003	 -5.0371702e+002	  9.3884918e+003	 -4.0756302e+002	
  8.0078125e+000	  2.0278687e-003	 -5.0569774e+002	  5.0931146e+003	 -4.0929772e+002	
  8.0322266e+000	  1.1270587e-003	 -5.0418306e+002	  2.1132250e+003	 -4.1048120e+002	
  8.0566406e+000	  2.9047639e-003	 -5.0601766e+002	  1.9087241e+003	 -4.1175351e+002	
  8.0810547e+000	  4.6619091e-003	 -5.0763629e+002	  1.4284620e+003	 -4.1380025e+002	
  8.1054688e+000	  1.0158379e-002	 -5.0931956e+002	  7.2417073e+002	 -4.1633545e+002	
  8.1298828e+000	  8.5128204e-003	 -5.1111928e+002	  6.3309735e+002	 -4.1916197e+002	
  8.1542969e+000	  1.5095281e-004	 -5.1323293e+002	  6.4138212e+002	 -4.2112629e+002	
  8.1787109e+000	  4.0053184e-003	 -5.1624614e+002	  4.0988899e+002	 -4.2279519e+002	
  8.2031250e+000	  4.2244849e-003	 -5.1848098e+002	  6.7489580e+001	 -4.2507288e+002	
  8.2275391e+000	  5.0727489e-003	 -5.2061200e+002	  2.0060962e+002	 -4.2248809e+002	
  8.2519531e+000	  4.3566886e-003	 -5.2353503e+002	  2.1513665e+002	 -4.2402638e+002	
  8.2763672e+000	  7.5590757e-003	 -5.2621199e+002	  1.1824762e+002	 -4.2527016e+002	
  8.3007813e+000	  1.1796096e-002	 -5.2836447e+002	  6.0619909e+001	 -4.2544905e+002	
  8.3251953e+000	  8.1637216e-003	 -5.3060354e+002	  9.4645383e+001	 -4.2630418e+002	
  8.3496094e+000	  3.5320404e-003	 -5.2771771e+002	  6.1924970e+001	 -4.2739873e+002	
  8.3740234e+000	  1.0943056e-002	 -5.3019166e+002	  6.5386577e+001	 -4.2775845e+002	
  8.3984375e+000	  8.5158632e-003	 -5.3223135e+002	  6.1515499e+001	 -4.2917005e+002	
  8.4228516e+000	  1.6376837e-003	 -5.3466408e+002	  1.8195355e+001	 -4.2669949e+002	
  8.4472656e+000	  6.9718467e-003	 -5.3730280e+002	  8.8218351e+001	 -4.2883092e+002	
  8.4716797e+000	  7.6444186e-003	 -5.3912020e+002	  1.0303342e+002	 -4.3038078e+002	
  8.4960938e+000	  5.8947564e-003	 -5.4063311e+002	  6.4883816e+001	 -4.3170833e+002	
  8.5205078e+000	  2.5331466e-003	 -5.4145028e+002	  4.1392897e+001	 -4.3244362e+002	
  8.5449219e+000	  4.4966061e-003	 -5.4166227e+002	  3.8289378e+001	 -4.3371077e+002	
  8.5693359e+000	  4.5853676e-003	 -5.4317640e+002	  9.9567330e+000	 -4.3594205e+002	
  8.5937500e+000	  1.6033549e-003	 -5.4540635e+002	  4.5851649e+001	 -4.3343000e+002	
  8.6181641e+000	  2.9565927e-003	 -5.4817740e+002	  1.0189942e+002	 -4.3504830e+002	
  8.6425781e+000	  6.1621078e-003	 -5.5035162e+002	  1.2389630e+002	 -4.3652727e+002	
  8.6669922e+000	  4.3773966e-003	 -5.5292448e+002	  9.1554058e+001	 -4.3776435e+002	
  8.6914063e+000	  6.3870258e-003	 -5.5568115e+002	  3.4882249e+001	 -4.3841842e+002	
  8.7158203e+000	  1.0423993e-002	 -5.5790724e+002	  9.6163794e+001	 -4.3771420e+002	
  8.7402344e+000	  4.8132986e-003	 -5.6002696e+002	  2.2096088e+002	 -4.3915605e+002	
  8.7646484e+000	  5.3026755e-003	 -5.6220108e+002	  2.3249638e+002	 -4.4086323e+002	
  8.7890625e+000	  5.5440921e-003	 -5.6467148e+002	  1.1080934e+002	 -4.4326417e+002	
  8.8134766e+000	  2.3588237e-003	 -5.6208161e+002	  2.8673733e+002	 -4.4022741e+002	
  8.8378906e+000	  8.5294562e-003	 -5.6439907e+002	  5.3494937e+002	 -4.4214087e+002	
  8.8623047e+000	  6.0014474e-003	 -5.6635293e+002	  4.2309932e+002	 -4.4402474e+002	
  8.8867188e+000	  3.9808650e-003	 -5.6821493e+002	  2.5985326e+002	 -4.4136501e+002	
  8.9111328e+000	  6.0088442e-003	 -5.7004903e+002	  9.4514678e+002	 -4.4344376e+002	
  8.9355469e+000	  4.1698052e-003	 -5.7192084e+002	  1.3251369e+003	 -4.4523717e+002	
  8.9599609e+000	  5.3024527e-004	 -5.7386262e+002	  1.2298852e+003	 -4.4819129e+002	
  8.9843750e+000	  2.5174865e-003	 -5.7571318e+002	  4.4527504e+003	 -4.5087375e+002	
  9.0087891e+000	  2.5403183e-003	 -5.7566176e+002	  8.4477471e+003	 -4.5284395e+002	
  9.0332031e+000	  4.1351826e-003	 -5.7676083e+002	  9.3978025e+003	 -4.5472434e+002	
  9.0576172e+000	  7.2080623e-003	 -5.7844146e+002	  6.5401945e+003	 -4.5653497e+002	
  9.0820313e+000	  7.5630274e-003	 -5.8019008e+002	  2.8842596e+003	 -4.5804380e+002	
  9.1064453e+000	  8.2984637e-003	 -5.8198227e+002	  1.9043715e+003	 -4.5903993e+002	
  9.1308594e+000	  3.7301772e-003	 -5.8375949e+002	  1.7517781e+003	 -4.6078721e+002	
  9.1552734e+000	  6.8968675e-003	 -5.8263040e+002	  1.0175410e+003	 -4.6300307e+002	
  9.1796875e+000	  9.2906474e-003	 -5.8458994e+002	  5.4533797e+002	 -4.6593240e+002	
  9.2041016e+000	  1.4108065e-004	 -5.8694674e+002	  6.6915299e+002	 -4.6836200e+002	
  9.2285156e+000	  5.5547806e-003	 -5.8391317e+002	  5.5259503e+002	 -4.7012795e+002	
  9.2529297e+000	  4.1037839e-003	 -5.8638309e+002	  1.8916396e+002	 -4.7197350e+002	
  9.2773438e+000	  7.3213807e-004	 -5.8945452e+002	  2.0461443e+002	 -4.6985997e+002	
  9.3017578e+000	  5.0443638e-003	 -5.9231522e+002	  3.1790369e+002	 -4.7164458e+002	
  9.3261719e+000	  3.9533987e-003	 -5.9423883e+002	  1.9724487e+002	 -4.7331401e+002	
  9.3505859e+000	  3.7547010e-003	 -5.9598485e+002	  2.9897940e+001	 -4.7596222e+002	
  9.3750000e+000	  5.9471492e-003	 -5.9764758e+002	  1.1934859e+002	 -4.7302982e+002	
  9.3994141e+000	  3.1591623e-003	 -5.9908301e+002	  1.3476995e+002	 -4.7475205e+002	
  9.4238281e+000	  5.0171899e-003	 -5.9950207e+002	  7.7846104e+001	 -4.7622445e+002	
  9.4482422e+000	  2.2267301e-003	 -5.9702493e+002	  3.3555754e+001	 -4.7729190e+002	
  9.4726563e+000	  5.6805495e-003	 -5.9923620e+002	  1.0878885e+001	 -4.7416589e+002	
  9.4970703e+000	  3.6831181e-003	 -6.0139093e+002	  5.8497663e+001	 -4.7632907e+002	
  9.5214844e+000	  3.4819196e-003	 -6.0373906e+002	  8.5922996e+001	 -4.7780781e+002	
  9.5458984e+000	  4.6352442e-003	 -6.0598096e+002	  7.4908824e+001	 -4.7913132e+002	
  9.5703125e+000	  4.8437372e-003	 -6.0820202e+002	  4.7796158e+001	 -4.8012094e+002	
  9.5947266e+000	  3.4002200e-003	 -6.1089965e+002	  2.9049222e+001	 -4.8066654e+002	
  9.6191406e+000	  6.7013391e-003	 -6.1360660e+002	  4.4210733e+001	 -4.8080610e+002	
  9.6435547e+000	  8.7302193e-003	 -6.1581943e+002	  7.4016319e+001	 -4.8201101e+002	
  9.6679688e+000	  7.7450156e-003	 -6.1784736e+002	  6.9235425e+001	 -4.8318194e+002	
  9.6923828e+000	  1.6098868e-003	 -6.1953068e+002	  7.9056665e+001	 -4.8397797e+002	
  9.7167969e+000	  4.6870594e-003	 -6.2029341e+002	  9.6791499e+001	 -4.8515025e+002	
  9.7412109e+000	  5.3773430e-003	 -6.2215588e+002	  7.1247352e+001	 -4.8637618e+002	
  9.7656250e+000	  7.0866986e-003	 -6.2417226e+002	  2.6956595e+001	 -4.8622462e+002	
  9.7900391e+000	  3.9884396e-003	 -6.2584243e+002	  1.1852176e+002	 -4.8679157e+002	
  9.8144531e+000	  5.5017309e-003	 -6.2699983e+002	  1.7010022e+002	 -4.8841783e+002	
  9.8388672e+000	  7.5907003e-003	 -6.2836332e+002	  1.1007177e+002	 -4.9057240e+002	
  9.8632813e+000	  4.6326008e-003	 -6.3010393e+002	  2.1201980e+002	 -4.8747151e+002	
  9.8876953e+000	  4.0526569e-003	 -6.3198518e+002	  4.9384349e+002	 -4.8940736e+002	
  9.9121094e+000	  7.3211765e-003	 -6.3371003e+002	  5.7310187e+002	 -4.9121640e+002	
  9.9365234e+000	  3.6847706e-003	 -6.3489830e+002	  2.5609565e+002	 -4.9356119e+002	
  9.9609375e+000	  9.8214164e-003	 -6.3624136e+002	  6.3876591e+002	 -4.9060282e+002	
  9.9853516e+000	  8.7654016e-003	 -6.3811432e+002	  1.2513348e+003	 -4.9237664e+002	
  1.0009766e+001	  4.3623366e-003	 -6.4056935e+002	  1.1633923e+003	 -4.9447263e+002	
  1.0034180e+001	  6.2053205e-003	 -6.4343916e+002	  2.1759019e+003	 -4.9151212e+002	
  1.0058594e+001	  1.0269442e-003	 -6.4550188e+002	  5.9118652e+003	 -4.9367718e+002	
  1.0083008e+001	  1.8737995e-003	 -6.4710969e+002	  8.4406437e+003	 -4.9558971e+002	
  1.0107422e+001	  5.5257729e-003	 -6.4844240e+002	  7.4391380e+003	 -4.9743816e+002	
  1.0131836e+001	  3.4021676e-003	 -6.4888768e+002	  4.1248720e+003	 -4.9912787e+002	
  1.0156250e+001	  6.6774950e-003	 -6.5004764e+002	  2.0669020e+003	 -5.0025747e+002	
  1.0180664e+001	  5.2100640e-003	 -6.5198248e+002	  2.0070334e+003	 -5.0164739e+002	
  1.0205078e+001	  4.6131040e-003	 -6.5415583e+002	  1.4593275e+003	 -5.0365077e+002	
  1.0229492e+001	  6.8772125e-003	 -6.5634370e+002	  6.4280928e+002	 -5.0617087e+002	
  1.0253906e+001	  1.8662106e-003	 -6.5833167e+002	  6.0745414e+002	 -5.0920830e+002	
  1.0278320e+001	  1.5236933e-003	 -6.5983179e+002	  6.6150837e+002	 -5.1121952e+002	
  1.0302734e+001	  2.5912766e-003	 -6.6092541e+002	  4.1308443e+002	 -5.1305373e+002	
  1.0327148e+001	  5.1445503e-003	 -6.6250506e+002	  1.5420012e+002	 -5.1595923e+002	
  1.0351563e+001	  5.3902206e-003	 -6.6444586e+002	  2.9083783e+002	 -5.1864270e+002	
  1.0375977e+001	  5.9494125e-004	 -6.6711231e+002	  2.5766734e+002	 -5.2040730e+002	
  1.0400391e+001	  6.0182034e-003	 -6.6411502e+002	  8.9716386e+001	 -5.2209772e+002	
  1.0424805e+001	  5.7070870e-003	 -6.6658147e+002	  7.7061200e+001	 -5.2025763e+002	
  1.0449219e+001	  8.5774068e-003	 -6.6902565e+002	  1.4907505e+002	 -5.2194439e+002	
  1.0473633e+001	  5.9112939e-003	 -6.7154607e+002	  1.1027752e+002	 -5.2345691e+002	
  1.0498047e+001	  5.6554137e-003	 -6.7387594e+002	  3.8116272e+001	 -5.2444020e+002	
  1.0522461e+001	  2.4600224e-003	 -6.7490030e+002	  3.1991464e+001	 -5.2368459e+002	
  1.0546875e+001	  6.6958832e-003	 -6.7639814e+002	  7.8434791e+001	 -5.2455870e+002	
  1.0571289e+001	  4.0934484e-003	 -6.7855266e+002	  9.7614353e+001	 -5.2590180e+002	
  1.0595703e+001	  2.7188552e-003	 -6.8122944e+002	  7.6453267e+001	 -5.2728128e+002	
  1.0620117e+001	  1.4842777e-003	 -6.7909545e+002	  3.7530664e+001	 -5.2845977e+002	
  1.0644531e+001	  3.5360656e-003	 -6.8149042e+002	  1.9585044e+001	 -5.2876051e+002	
  1.0668945e+001	  5.7348262e-003	 -6.8372657e+002	  1.8095853e+001	 -5.2879055e+002	
  1.0693359e+001	  4.7360503e-003	 -6.8591029e+002	  6.1270920e+001	 -5.2937025e+002	
  1.0717773e+001	  3.8836188e-003	 -6.8770847e+002	  1.0557957e+002	 -5.3085810e+002	
  1.0742188e+001	  4.9293113e-003	 -6.8889023e+002	  9.5812271e+001	 -5.3237507e+002	
  1.0766602e+001	  6.0437950e-003	 -6.9084388e+002	  3.5803494e+001	 -5.3378512e+002	
  1.0791016e+001	  6.6522697e-003	 -6.9255887e+002	  4.1019086e+001	 -5.3198943e+002	
  1.0815430e+001	  4.8912844e-003	 -6.9251075e+002	  1.0544647e+002	 -5.3316969e+002	
  1.0839844e+001	  8.0990758e-003	 -6.9336364e+002	  1.6884791e+002	 -5.3430029e+002	
  1.0864258e+001	  4.7379657e-003	 -6.9341937e+002	  2.2155959e+002	 -5.3568099e+002	
  1.0888672e+001	  1.0924086e-002	 -6.9507619e+002	  1.8107284e+002	 -5.3737562e+002	
  1.0913086e+001	  2.8417332e-003	 -6.9666988e+002	  1.0507374e+002	 -5.4033322e+002	
  1.0937500e+001	  3.4046313e-003	 -6.9794999e+002	  3.4948941e+002	 -5.4286472e+002	
  1.0961914e+001	  8.0086777e-003	 -6.9939566e+002	  5.7476195e+002	 -5.4468526e+002	
  1.0986328e+001	  4.7916971e-003	 -7.0122758e+002	  4.5090728e+002	 -5.4659081e+002	
  1.1010742e+001	  2.8812774e-003	 -7.0377671e+002	  3.1804805e+002	 -5.4372032e+002	
  1.1035156e+001	  3.9650527e-003	 -7.0661327e+002	  9.8805897e+002	 -5.4589326e+002	
  1.1059570e+001	  4.8803469e-003	 -7.0838698e+002	  1.3488056e+003	 -5.4772012e+002	
  1.1083984e+001	  2.9824419e-003	 -7.1000484e+002	  1.1619287e+003	 -5.5050313e+002	
  1.1108398e+001	  3.0418578e-003	 -7.1117732e+002	  3.6443219e+003	 -5.5329171e+002	
  1.1132813e+001	  1.7130542e-003	 -7.1174024e+002	  6.8811494e+003	 -5.5528952e+002	
  1.1157227e+001	  1.0453046e-002	 -7.1332531e+002	  7.6290851e+003	 -5.5717393e+002	
  1.1181641e+001	  1.2405953e-002	 -7.1507249e+002	  5.3269417e+003	 -5.5896629e+002	
  1.1206055e+001	  2.8469903e-003	 -7.1665049e+002	  2.5522070e+003	 -5.6038949e+002	
  1.1230469e+001	  4.2797486e-003	 -7.1732696e+002	  2.0770095e+003	 -5.6148023e+002	
  1.1254883e+001	  5.5659989e-003	 -7.1845289e+002	  1.9284915e+003	 -5.6326892e+002	
  1.1279297e+001	  2.5523733e-003	 -7.2018504e+002	  1.1150073e+003	 -5.6545496e+002	
  1.1303711e+001	  2.6744307e-003	 -7.2312256e+002	  6.0720677e+002	 -5.6836924e+002	
  1.1328125e+001	  2.9922145e-003	 -7.2032278e+002	  7.4325776e+002	 -5.7078174e+002	
  1.1352539e+001	  2.3181505e-003	 -7.2214608e+002	  6.1757934e+002	 -5.7257600e+002	
  1.1376953e+001	  8.9990868e-004	 -7.2394605e+002	  2.5792728e+002	 -5.7448634e+002	
  1.1401367e+001	  4.1053625e-003	 -7.2575172e+002	  1.7822408e+002	 -5.7187130e+002	
  1.1425781e+001	  5.3752329e-003	 -7.2756107e+002	  2.7900173e+002	 -5.7384880e+002	
  1.1450195e+001	  3.3943092e-003	 -7.2937952e+002	  1.6489506e+002	 -5.7545059e+002	
  1.1474609e+001	  2.4853712e-003	 -7.3119926e+002	  2.0186481e+001	 -5.7493815e+002	
  1.1499023e+001	  1.5931355e-003	 -7.3306221e+002	  1.3050877e+002	 -5.7567226e+002	
  1.1523438e+001	  2.6866170e-003	 -7.3502061e+002	  1.3846429e+002	 -5.7713607e+002	
  1.1547852e+001	  5.4357922e-003	 -7.3699863e+002	  8.0553206e+001	 -5.7815640e+002	
  1.1572266e+001	  7.8827325e-003	 -7.3901721e+002	  8.1475706e+001	 -5.7867944e+002	
  1.1596680e+001	  1.9757897e-003	 -7.3731992e+002	  8.0780818e+001	 -5.7984565e+002	
  1.1621094e+001	  9.7156458e-003	 -7.3955140e+002	  3.5510887e+001	 -5.8099581e+002	
  1.1645508e+001	  3.1310185e-003	 -7.4154037e+002	  3.3671995e+001	 -5.8039632e+002	
  1.1669922e+001	  2.6307838e-003	 -7.4340607e+002	  6.1129817e+001	 -5.8180305e+002	
  1.1694336e+001	  2.5252348e-003	 -7.4399576e+002	  4.3217723e+001	 -5.8361262e+002	
  1.1718750e+001	  3.4331954e-003	 -7.4498656e+002	  1.4765260e+001	 -5.8049013e+002	
  1.1743164e+001	  8.7891832e-003	 -7.4662515e+002	  4.2240724e+001	 -5.8319900e+002	
  1.1767578e+001	  9.9189400e-003	 -7.4825250e+002	  4.9090420e+001	 -5.8475106e+002	
  1.1791992e+001	  4.0021695e-003	 -7.4976193e+002	  4.7441393e+001	 -5.8544100e+002	
  1.1816406e+001	  4.8623813e-003	 -7.5123680e+002	  8.3119226e+001	 -5.8637395e+002	
  1.1840820e+001	  6.2097795e-003	 -7.5308592e+002	  8.4996040e+001	 -5.8761960e+002	
  1.1865234e+001	  2.3794674e-003	 -7.5553626e+002	  4.5591191e+001	 -5.8844702e+002	
  1.1889648e+001	  6.8465713e-003	 -7.5779208e+002	  6.2241533e+001	 -5.8789940e+002	
  1.1914063e+001	  8.1741340e-003	 -7.5963388e+002	  1.7417293e+002	 -5.8900787e+002	
  1.1938477e+001	  5.5508283e-003	 -7.6124175e+002	  2.2311852e+002	 -5.9056068e+002	
  1.1962891e+001	  3.5843818e-003	 -7.6265179e+002	  1.2116089e+002	 -5.9234578e+002	
  1.1987305e+001	  2.1182903e-003	 -7.6149997e+002	  1.4502244e+002	 -5.9008585e+002	
  1.2011719e+001	  5.3171456e-003	 -7.6301255e+002	  4.3300342e+002	 -5.9194567e+002	
  1.2036133e+001	  5.6681103e-003	 -7.6481733e+002	  5.2651983e+002	 -5.9373297e+002	
  1.2060547e+001	  2.2641182e-003	 -7.6708714e+002	  2.6822428e+002	 -5.9609784e+002	
  1.2084961e+001	  2.5916557e-003	 -7.6982369e+002	  6.1686199e+002	 -5.9302093e+002	
  1.2109375e+001	  7.8455468e-003	 -7.7205214e+002	  1.1829881e+003	 -5.9485286e+002	
  1.2133789e+001	  7.0205946e-003	 -7.7406923e+002	  1.1232039e+003	 -5.9694313e+002	
  1.2158203e+001	  3.2439579e-003	 -7.7595520e+002	  1.8588467e+003	 -5.9390670e+002	
  1.2182617e+001	  3.4136637e-003	 -7.7759535e+002	  4.9240708e+003	 -5.9611641e+002	
  1.2207031e+001	  8.7690674e-003	 -7.7913457e+002	  6.9906043e+003	 -5.9803580e+002	
  1.2231445e+001	  1.0430692e-002	 -7.8071934e+002	  6.1444907e+003	 -5.9987643e+002	
  1.2255859e+001	  6.1005792e-003	 -7.8218789e+002	  3.4842852e+003	 -6.0152076e+002	
  1.2280273e+001	  3.9889763e-003	 -7.8322519e+002	  2.0868686e+003	 -6.0263799e+002	
  1.2304688e+001	  5.9117235e-003	 -7.8437258e+002	  2.1474641e+003	 -6.0413291e+002	
  1.2329102e+001	  7.7629911e-003	 -7.8586132e+002	  1.5936881e+003	 -6.0612462e+002	
  1.2353516e+001	  4.8311516e-003	 -7.8708173e+002	  7.3110943e+002	 -6.0859287e+002	
  1.2377930e+001	  5.6853939e-003	 -7.8777663e+002	  6.7787680e+002	 -6.1155698e+002	
  1.2402344e+001	  7.4313218e-003	 -7.8947304e+002	  7.2936874e+002	 -6.1356315e+002	
  1.2426758e+001	  3.6156854e-003	 -7.9174623e+002	  4.4103000e+002	 -6.1538128e+002	
  1.2451172e+001	  7.3574772e-003	 -7.9427778e+002	  1.4225848e+002	 -6.1841960e+002	
  1.2475586e+001	  5.3886437e-003	 -7.9652058e+002	  3.1614712e+002	 -6.2109770e+002	
  1.2500000e+001	  2.1142093e-003	 -7.9847155e+002	  2.7993951e+002	 -6.2285619e+002	
  1.2524414e+001	  7.3866620e-004	 -7.9791159e+002	  9.1263412e+001	 -6.2463169e+002	
  1.2548828e+001	  4.1823892e-003	 -7.9921576e+002	  9.2435615e+001	 -6.2268254e+002	
  1.2573242e+001	  3.9824458e-003	 -7.9956793e+002	  1.6254423e+002	 -6.2443785e+002	
  1.2597656e+001	  5.6159686e-003	 -8.0036996e+002	  1.1317266e+002	 -6.2599547e+002	
  1.2622070e+001	  9.1512595e-003	 -8.0213997e+002	  4.4663752e+001	 -6.2662136e+002	
  1.2646484e+001	  2.0075960e-003	 -8.0497379e+002	  5.8266858e+001	 -6.2715525e+002	
  1.2670898e+001	  9.5879489e-003	 -8.0799866e+002	  3.4720713e+001	 -6.2808594e+002	
  1.2695313e+001	  3.8309720e-003	 -8.0919340e+002	  4.4228050e+001	 -6.2790441e+002	
  1.2719727e+001	  8.6626902e-003	 -8.1008685e+002	  7.3785386e+001	 -6.2903415e+002	
  1.2744141e+001	  4.1670250e-003	 -8.1152280e+002	  6.4910531e+001	 -6.3025930e+002	
  1.2768555e+001	  2.9142501e-003	 -8.1304419e+002	  4.2949282e+001	 -6.3128512e+002	
  1.2792969e+001	  1.7775053e-003	 -8.1326516e+002	  1.4275302e+001	 -6.3205884e+002	
  1.2817383e+001	  2.0362622e-003	 -8.1410412e+002	  3.5339340e+001	 -6.3131866e+002	
  1.2841797e+001	  4.0073677e-003	 -8.1601788e+002	  6.6024295e+001	 -6.3262588e+002	
  1.2866211e+001	  5.2931572e-003	 -8.1795778e+002	  7.4373807e+001	 -6.3386494e+002	
  1.2890625e+001	  3.4228915e-003	 -8.1876663e+002	  6.6078429e+001	 -6.3496414e+002	
  1.2915039e+001	  4.2691631e-003	 -8.1935387e+002	  4.7883575e+001	 -6.3560414e+002	
  1.2939453e+001	  7.9102496e-003	 -8.2123077e+002	  6.5538892e+001	 -6.3579826e+002	
  1.2963867e+001	  5.7001650e-003	 -8.2326998e+002	  1.4627395e+002	 -6.3661470e+002	
  1.2988281e+001	  2.2286291e-003	 -8.2570680e+002	  2.3147623e+002	 -6.3801407e+002	
  1.3012695e+001	  5.2136187e-003	 -8.2842907e+002	  1.9825486e+002	 -6.3967246e+002	
  1.3037109e+001	  7.2709711e-003	 -8.3060293e+002	  6.4841262e+001	 -6.4270368e+002	
  1.3061523e+001	  2.4675106e-003	 -8.3259079e+002	  3.1637484e+002	 -6.4548630e+002	
  1.3085938e+001	  1.7358497e-004	 -8.3461595e+002	  5.2862121e+002	 -6.4725303e+002	
  1.3110352e+001	  1.8555421e-003	 -8.3342584e+002	  4.1348262e+002	 -6.4917184e+002	
  1.3134766e+001	  3.0872184e-003	 -8.3550223e+002	  3.3641558e+002	 -6.4618311e+002	
  1.3159180e+001	  6.5381280e-003	 -8.3753408e+002	  9.2416258e+002	 -6.4833122e+002	
  1.3183594e+001	  1.0673083e-003	 -8.3987662e+002	  1.2228933e+003	 -6.5015123e+002	
  1.3208008e+001	  4.9363653e-003	 -8.3700036e+002	  9.8743032e+002	 -6.5288365e+002	
  1.3232422e+001	  2.2138481e-003	 -8.3891307e+002	  3.0181607e+003	 -6.5573326e+002	
  1.3256836e+001	  6.7583432e-003	 -8.4068823e+002	  5.7309970e+003	 -6.5773679e+002	
  1.3281250e+001	  3.9346241e-003	 -8.4259149e+002	  6.3512993e+003	 -6.5961696e+002	
  1.3305664e+001	  3.7338590e-003	 -8.4110574e+002	  4.4525598e+003	 -6.6138301e+002	
  1.3330078e+001	  6.0273049e-003	 -8.4324278e+002	  2.3312424e+003	 -6.6273035e+002	
  1.3354492e+001	  5.6272629e-003	 -8.4549598e+002	  2.1648906e+003	 -6.6391535e+002	
  1.3378906e+001	  2.5071996e-003	 -8.4793822e+002	  1.9874107e+003	 -6.6573493e+002	
  1.3403320e+001	  7.3673478e-003	 -8.5014727e+002	  1.1258522e+003	 -6.6791505e+002	
  1.3427734e+001	  6.8707027e-003	 -8.5184701e+002	  6.3078560e+002	 -6.7086305e+002	
  1.3452148e+001	  5.4853199e-003	 -8.5296838e+002	  7.9358801e+002	 -6.7324765e+002	
  1.3476563e+001	  6.9593501e-003	 -8.5443614e+002	  6.4733785e+002	 -6.7505017e+002	
  1.3500977e+001	  4.3880443e-003	 -8.5575829e+002	  2.5408973e+002	 -6.7699682e+002	
  1.3525391e+001	  4.7033175e-003	 -8.5579700e+002	  2.0250303e+002	 -6.7439623e+002	
  1.3549805e+001	  7.7428898e-003	 -8.5781800e+002	  3.1126744e+002	 -6.7629351e+002	
  1.3574219e+001	  6.0587744e-003	 -8.5983421e+002	  2.0938146e+002	 -6.7785137e+002	
  1.3598633e+001	  4.0072519e-003	 -8.5908197e+002	  4.6015751e+001	 -6.7931818e+002	
  1.3623047e+001	  6.5582653e-003	 -8.6087714e+002	  8.7507894e+001	 -6.7765277e+002	
  1.3647461e+001	  1.2260568e-003	 -8.6348340e+002	  1.3865346e+002	 -6.7913048e+002	
  1.3671875e+001	  4.5211221e-003	 -8.6098963e+002	  1.0692236e+002	 -6.8046914e+002	
  1.3696289e+001	  7.0108598e-003	 -8.6280769e+002	  5.2492595e+001	 -6.8116267e+002	
  1.3720703e+001	  3.4845940e-003	 -8.6395716e+002	  8.0903298e+001	 -6.8146715e+002	
  1.3745117e+001	  6.8340195e-003	 -8.6462079e+002	  1.1027038e+002	 -6.8279191e+002	
  1.3769531e+001	  7.5186190e-003	 -8.6635059e+002	  8.4932133e+001	 -6.8433241e+002	
  1.3793945e+001	  1.0027734e-003	 -8.6863539e+002	  3.4352553e+001	 -6.8604495e+002	
  1.3818359e+001	  6.0938558e-003	 -8.7138472e+002	  2.0474263e+001	 -6.8918516e+002	
  1.3842773e+001	  2.5602362e-003	 -8.6827382e+002	  4.4559089e+001	 -6.9080673e+002	
  1.3867188e+001	  5.3999610e-003	 -8.7068452e+002	  6.6920226e+001	 -6.9196176e+002	
  1.3891602e+001	  6.1162037e-003	 -8.7200826e+002	  8.5199016e+001	 -6.9315845e+002	
  1.3916016e+001	  9.4609485e-003	 -8.7309474e+002	  8.3133276e+001	 -6.9435490e+002	
  1.3940430e+001	  9.5929115e-003	 -8.7437848e+002	  5.5951290e+001	 -6.9539171e+002	
  1.3964844e+001	  9.1743150e-003	 -8.7594940e+002	  3.8085910e+001	 -6.9520744e+002	
  1.3989258e+001	  5.7463317e-003	 -8.7785846e+002	  9.7931297e+001	 -6.9583575e+002	
  1.4013672e+001	  6.5912789e-003	 -8.8007301e+002	  1.5006018e+002	 -6.9679765e+002	
  1.4038086e+001	  6.8421442e-003	 -8.8200814e+002	  2.3355945e+002	 -6.9789642e+002	
  1.4062500e+001	  3.0278589e-003	 -8.8307831e+002	  2.7066067e+002	 -6.9933273e+002	
  1.4086914e+001	  8.9433891e-003	 -8.8447833e+002	  1.5232995e+002	 -7.0099456e+002	
  1.4111328e+001	  8.4356011e-003	 -8.8631974e+002	  1.3896404e+002	 -6.9885616e+002	
  1.4135742e+001	  6.0942502e-003	 -8.8828094e+002	  4.7085007e+002	 -7.0069638e+002	
  1.4160156e+001	  2.6386820e-003	 -8.9022355e+002	  6.0876730e+002	 -7.0247403e+002	
  1.4184570e+001	  3.0600796e-003	 -8.8917760e+002	  3.7254282e+002	 -7.0468765e+002	
  1.4208984e+001	  4.4257863e-003	 -8.9081999e+002	  5.8092789e+002	 -7.0157941e+002	
  1.4233398e+001	  2.1645513e-003	 -8.9237888e+002	  1.1037899e+003	 -7.0355078e+002	
  1.4257813e+001	  4.6573915e-003	 -8.9385932e+002	  1.0326418e+003	 -7.0568635e+002	
  1.4282227e+001	  2.5096927e-003	 -8.9510431e+002	  1.6755451e+003	 -7.0263504e+002	
  1.4306641e+001	  3.5310880e-003	 -8.9583429e+002	  4.3255702e+003	 -7.0484968e+002	
  1.4331055e+001	  3.4780764e-003	 -8.9770807e+002	  6.0699200e+003	 -7.0677022e+002	
  1.4355469e+001	  3.5293813e-003	 -8.9998834e+002	  5.3114958e+003	 -7.0860045e+002	
  1.4379883e+001	  3.5317824e-003	 -9.0168994e+002	  3.0883713e+003	 -7.1019099e+002	
  1.4404297e+001	  5.1573649e-003	 -9.0229782e+002	  2.1615432e+003	 -7.1129600e+002	
  1.4428711e+001	  5.0186359e-003	 -9.0363720e+002	  2.2809295e+003	 -7.1285521e+002	
  1.4453125e+001	  6.4977195e-003	 -9.0559020e+002	  1.6502033e+003	 -7.1485030e+002	
  1.4477539e+001	  4.7855084e-003	 -9.0778538e+002	  7.8073319e+002	 -7.1740186e+002	
  1.4501953e+001	  1.0092643e-002	 -9.0989500e+002	  8.4651681e+002	 -7.2023225e+002	
  1.4526367e+001	  2.5963759e-003	 -9.1167692e+002	  8.8229893e+002	 -7.2215404e+002	
  1.4550781e+001	  5.5875279e-003	 -9.1267831e+002	  5.0363923e+002	 -7.2385994e+002	
  1.4575195e+001	  1.8470380e-003	 -9.1343667e+002	  4.9778246e+001	 -7.2129716e+002	
  1.4599609e+001	  1.8417775e-003	 -9.1489257e+002	  3.5179085e+002	 -7.2377533e+002	
  1.4624023e+001	  3.7791571e-003	 -9.1647214e+002	  3.3548184e+002	 -7.2534374e+002	
  1.4648438e+001	  2.3744645e-003	 -9.1805002e+002	  1.4366816e+002	 -7.2662341e+002	
  1.4672852e+001	  2.0116276e-003	 -9.1985602e+002	  1.0582274e+002	 -7.2631561e+002	
  1.4697266e+001	  4.8005082e-003	 -9.2205164e+002	  1.8760941e+002	 -7.2771060e+002	
  1.4721680e+001	  5.3236927e-003	 -9.2443292e+002	  1.4628476e+002	 -7.2972857e+002	
  1.4746094e+001	  5.9460546e-003	 -9.2660213e+002	  1.0868910e+002	 -7.3243703e+002	
  1.4770508e+001	  1.9938474e-003	 -9.2849295e+002	  1.2194541e+002	 -7.3462751e+002	
  1.4794922e+001	  4.0790417e-003	 -9.2995479e+002	  8.2965028e+001	 -7.3584206e+002	
  1.4819336e+001	  9.2125521e-004	 -9.3122642e+002	  1.2143858e+002	 -7.3635326e+002	
  1.4843750e+001	  1.2916514e-003	 -9.3291890e+002	  1.8941370e+002	 -7.3767882e+002	
  1.4868164e+001	  6.0951372e-003	 -9.3465519e+002	  1.8561550e+002	 -7.3915304e+002	
  1.4892578e+001	  9.0621653e-003	 -9.3633780e+002	  1.2378989e+002	 -7.4054334e+002	
  1.4916992e+001	  3.9918159e-003	 -9.3796624e+002	  4.6346585e+001	 -7.4145516e+002	
  1.4941406e+001	  2.9940167e-003	 -9.3955066e+002	  6.8674969e+001	 -7.4129893e+002	
  1.4965820e+001	  2.4421905e-003	 -9.4113974e+002	  1.0016228e+002	 -7.4259244e+002	
  1.4990234e+001	  1.7619019e-003	 -9.4266008e+002	  7.1000279e+001	 -7.4352402e+002	
  1.5014648e+001	  2.7437604e-003	 -9.4397304e+002	  1.1552339e+002	 -7.4410699e+002	
  1.5039063e+001	  2.7193559e-003	 -9.4551108e+002	  1.4933223e+002	 -7.4557324e+002	
  1.5063477e+001	  2.4191827e-003	 -9.4732589e+002	  8.2869568e+001	 -7.4732764e+002	
  1.5087891e+001	  5.2577401e-003	 -9.4922143e+002	  5.8360775e+001	 -7.4499557e+002	
  1.5112305e+001	  5.7546643e-003	 -9.5098221e+002	  1.6073024e+002	 -7.4691439e+002	
  1.5136719e+001	  1.3580239e-003	 -9.5201005e+002	  1.6732236e+002	 -7.4863594e+002	
  1.5161133e+001	  5.6303442e-003	 -9.5292102e+002	  8.2429177e+001	 -7.5112198e+002	
  1.5185547e+001	  7.6570911e-003	 -9.5455832e+002	  2.3723182e+002	 -7.5410723e+002	
  1.5209961e+001	  8.9855622e-004	 -9.5634190e+002	  4.1124400e+002	 -7.5595177e+002	
  1.5234375e+001	  5.1271579e-003	 -9.5400704e+002	  2.8867806e+002	 -7.5791781e+002	
  1.5258789e+001	  1.6134375e-003	 -9.5537593e+002	  3.2320958e+002	 -7.5527516e+002	
  1.5283203e+001	  5.1394838e-003	 -9.5525913e+002	  8.8812841e+002	 -7.5720794e+002	
  1.5307617e+001	  2.6423473e-003	 -9.5618404e+002	  1.1561202e+003	 -7.5898430e+002	
  1.5332031e+001	  6.8933005e-003	 -9.5763258e+002	  9.6648647e+002	 -7.6160406e+002	
  1.5356445e+001	  7.1975942e-003	 -9.5927541e+002	  2.6265820e+003	 -7.6444281e+002	
  1.5380859e+001	  2.9206591e-003	 -9.6084543e+002	  4.9283557e+003	 -7.6646641e+002	
  1.5405273e+001	  2.5860348e-003	 -9.6207917e+002	  5.4526506e+003	 -7.6834934e+002	
  1.5429688e+001	  4.3984830e-003	 -9.6337632e+002	  3.8750830e+003	 -7.7009236e+002	
  1.5454102e+001	  4.3739624e-003	 -9.6494051e+002	  2.2899935e+003	 -7.7139108e+002	
  1.5478516e+001	  5.8476653e-003	 -9.6652636e+002	  2.3649601e+003	 -7.7268074e+002	
  1.5502930e+001	  6.2632755e-003	 -9.6784322e+002	  2.1759263e+003	 -7.7451649e+002	
  1.5527344e+001	  3.2622478e-003	 -9.6856261e+002	  1.2234978e+003	 -7.7666546e+002	
  1.5551758e+001	  6.9858228e-003	 -9.7010254e+002	  6.4453584e+002	 -7.7961172e+002	
  1.5576172e+001	  4.1088776e-003	 -9.7223619e+002	  8.0674283e+002	 -7.8202571e+002	
  1.5600586e+001	  6.0647144e-003	 -9.7530542e+002	  6.4436788e+002	 -7.8381207e+002	
  1.5625000e+001	  3.9898791e-003	 -9.7808221e+002	  2.3870524e+002	 -7.8566915e+002	
  1.5649414e+001	  4.4871501e-003	 -9.7997084e+002	  1.8602431e+002	 -7.8335734e+002	
  1.5673828e+001	  4.0387895e-003	 -9.8110338e+002	  3.2063961e+002	 -7.8523229e+002	
  1.5698242e+001	  5.4497901e-003	 -9.8275166e+002	  2.3613989e+002	 -7.8690837e+002	
  1.5722656e+001	  2.6301589e-003	 -9.8483693e+002	  7.9862060e+001	 -7.8885187e+002	
  1.5747070e+001	  3.8186192e-003	 -9.8651637e+002	  7.9760546e+001	 -7.8621213e+002	
  1.5771484e+001	  5.5959342e-003	 -9.8714374e+002	  1.2380748e+002	 -7.8803706e+002	
  1.5795898e+001	  5.9065806e-003	 -9.8811063e+002	  9.4107479e+001	 -7.8949709e+002	
  1.5820313e+001	  7.7294607e-003	 -9.8963958e+002	  4.5362592e+001	 -7.9064204e+002	
  1.5844727e+001	  4.6782585e-003	 -9.9157887e+002	  1.1217994e+001	 -7.8995897e+002	
  1.5869141e+001	  5.0448524e-003	 -9.9377731e+002	  5.6598438e+001	 -7.9044848e+002	
  1.5893555e+001	  8.3362179e-003	 -9.9575647e+002	  8.6306882e+001	 -7.9174806e+002	
  1.5917969e+001	  5.1562159e-003	 -9.9733468e+002	  8.6967359e+001	 -7.9307813e+002	
  1.5942383e+001	  4.0981342e-003	 -9.9862271e+002	  6.9741177e+001	 -7.9433779e+002	
  1.5966797e+001	  2.5314752e-003	 -9.9998148e+002	  4.9846453e+001	 -7.9572873e+002	
  1.5991211e+001	  3.1792107e-003	 -1.0013420e+003	  2.4616568e+001	 -7.9827420e+002	
  1.6015625e+001	  4.1287057e-003	 -1.0024626e+003	  6.6667294e+001	 -8.0103547e+002	
  1.6040039e+001	  4.7040955e-003	 -1.0039165e+003	  1.1167706e+002	 -8.0270450e+002	
  1.6064453e+001	  4.0395222e-003	 -1.0057519e+003	  1.2854212e+002	 -8.0414192e+002	
  1.6088867e+001	  6.7214772e-003	 -1.0076929e+003	  1.1454407e+002	 -8.0549768e+002	
  1.6113281e+001	  7.4878976e-003	 -1.0095753e+003	  6.7920835e+001	 -8.0681820e+002	
  1.6137695e+001	  2.0332696e-003	 -1.0097515e+003	  5.5449249e+000	 -8.0509887e+002	
  1.6162109e+001	  8.3298416e-003	 -1.0106389e+003	  9.0872955e+001	 -8.0651358e+002	
  1.6186523e+001	  2.1836661e-003	 -1.0124605e+003	  1.2925309e+002	 -8.0813624e+002	
  1.6210938e+001	  3.1653280e-003	 -1.0141947e+003	  6.7385675e+001	 -8.1031615e+002	
  1.6235352e+001	  1.9255199e-003	 -1.0153499e+003	  1.8666784e+002	 -8.0749339e+002	
  1.6259766e+001	  4.5090855e-003	 -1.0160275e+003	  4.4353405e+002	 -8.0934975e+002	
  1.6284180e+001	  5.3818313e-003	 -1.0170646e+003	  5.0809349e+002	 -8.1117799e+002	
  1.6308594e+001	  9.3506287e-003	 -1.0183610e+003	  2.5619795e+002	 -8.1366753e+002	
  1.6333008e+001	  7.8461895e-003	 -1.0197777e+003	  6.1926001e+002	 -8.1680374e+002	
  1.6357422e+001	  8.3852029e-003	 -1.0213181e+003	  1.1103285e+003	 -8.1865330e+002	
  1.6381836e+001	  3.5225972e-003	 -1.0229765e+003	  1.0427787e+003	 -8.2070529e+002	
  1.6406250e+001	  1.5430616e-003	 -1.0247554e+003	  1.4445946e+003	 -8.1757513e+002	
  1.6430664e+001	  2.3294772e-003	 -1.0226504e+003	  3.6866855e+003	 -8.1985149e+002	
  1.6455078e+001	  2.4925687e-003	 -1.0243696e+003	  5.1902444e+003	 -8.2178391e+002	
  1.6479492e+001	  6.4650180e-003	 -1.0259521e+003	  4.5497871e+003	 -8.2360841e+002	
  1.6503906e+001	  4.9676737e-003	 -1.0275468e+003	  2.7360437e+003	 -8.2514664e+002	
  1.6528320e+001	  2.7498766e-003	 -1.0271739e+003	  2.2415230e+003	 -8.2626308e+002	
  1.6552734e+001	  4.9692888e-003	 -1.0285618e+003	  2.4547897e+003	 -8.2788326e+002	
  1.6577148e+001	  4.5279579e-003	 -1.0303595e+003	  1.7865700e+003	 -8.2985449e+002	
  1.6601563e+001	  5.4499613e-003	 -1.0320747e+003	  7.5957222e+002	 -8.3230613e+002	
  1.6625977e+001	  3.4983904e-003	 -1.0334654e+003	  7.2574538e+002	 -8.3534851e+002	
  1.6650391e+001	  4.8142443e-003	 -1.0349774e+003	  7.8514347e+002	 -8.3734433e+002	
  1.6674805e+001	  5.4215458e-004	 -1.0372487e+003	  4.6922750e+002	 -8.3916209e+002	
  1.6699219e+001	  6.3903550e-003	 -1.0396653e+003	  1.5504484e+002	 -8.4211302e+002	
  1.6723633e+001	  5.0319187e-003	 -1.0417496e+003	  3.2857251e+002	 -8.4480956e+002	
  1.6748047e+001	  2.6463012e-003	 -1.0435608e+003	  3.1205008e+002	 -8.4654919e+002	
  1.6772461e+001	  3.5785730e-003	 -1.0451772e+003	  1.3982076e+002	 -8.4813437e+002	
  1.6796875e+001	  7.2115460e-003	 -1.0466700e+003	  2.8371658e+001	 -8.4694113e+002	
  1.6821289e+001	  2.2384488e-003	 -1.0474152e+003	  9.3151314e+001	 -8.4823699e+002	
  1.6845703e+001	  6.5875554e-003	 -1.0486151e+003	  6.4290318e+001	 -8.4930806e+002	
  1.6870117e+001	  4.1644724e-003	 -1.0507797e+003	  6.9538111e+001	 -8.4978407e+002	
  1.6894531e+001	  8.3062068e-003	 -1.0534411e+003	  6.0961646e+001	 -8.5097842e+002	
  1.6918945e+001	  4.7653312e-003	 -1.0561798e+003	  2.8017791e+001	 -8.5064670e+002	
  1.6943359e+001	  5.8264115e-003	 -1.0587088e+003	  1.0052161e+002	 -8.5148612e+002	
  1.6967773e+001	  2.2876464e-003	 -1.0608479e+003	  1.3758670e+002	 -8.5293393e+002	
  1.6992188e+001	  4.2199785e-003	 -1.0627047e+003	  1.1825476e+002	 -8.5437610e+002	
  1.7016602e+001	  8.5524691e-003	 -1.0645392e+003	  6.8679450e+001	 -8.5561046e+002	
  1.7041016e+001	  6.8094816e-003	 -1.0664637e+003	  2.8622064e+001	 -8.5625008e+002	
  1.7065430e+001	  9.3034432e-004	 -1.0685567e+003	  3.7844284e+001	 -8.5589132e+002	
  1.7089844e+001	  3.2104381e-003	 -1.0657467e+003	  8.0246794e+001	 -8.5683384e+002	
  1.7114258e+001	  1.1192649e-003	 -1.0631127e+003	  1.0754535e+002	 -8.5801460e+002	
  1.7138672e+001	  2.6479045e-003	 -1.0657703e+003	  1.0822782e+002	 -8.5925641e+002	
  1.7163086e+001	  2.9136467e-003	 -1.0679463e+003	  6.5597715e+001	 -8.6049278e+002	
  1.7187500e+001	  6.4509876e-004	 -1.0699642e+003	  2.0574825e+001	 -8.5970538e+002	
  1.7211914e+001	  1.8254498e-003	 -1.0685121e+003	  1.0670410e+002	 -8.6040649e+002	
  1.7236328e+001	  1.4802769e-003	 -1.0706709e+003	  1.7793051e+002	 -8.6184159e+002	
  1.7260742e+001	  7.2606844e-003	 -1.0726653e+003	  1.6454189e+002	 -8.6352125e+002	
  1.7285156e+001	  6.4126806e-003	 -1.0746284e+003	  8.9261001e+001	 -8.6626176e+002	
  1.7309570e+001	  1.2868678e-003	 -1.0765894e+003	  2.7777976e+002	 -8.6898415e+002	
  1.7333984e+001	  1.8609545e-003	 -1.0792153e+003	  4.6457814e+002	 -8.7082019e+002	
  1.7358398e+001	  1.0872257e-003	 -1.0814461e+003	  3.6031138e+002	 -8.7274485e+002	
  1.7382813e+001	  3.6927409e-003	 -1.0830666e+003	  2.7967062e+002	 -8.6993643e+002	
  1.7407227e+001	  8.6798319e-003	 -1.0848571e+003	  8.3565066e+002	 -8.7209916e+002	
  1.7431641e+001	  5.6827299e-003	 -1.0868017e+003	  1.1106061e+003	 -8.7393407e+002	
  1.7456055e+001	  4.3083096e-003	 -1.0844822e+003	  8.9335697e+002	 -8.7654238e+002	
  1.7480469e+001	  7.7006706e-003	 -1.0864830e+003	  2.3209971e+003	 -8.7943676e+002	
  1.7504883e+001	  1.9076823e-003	 -1.0865639e+003	  4.3390220e+003	 -8.8147466e+002	
  1.7529297e+001	  1.0105218e-002	 -1.0881142e+003	  4.7715411e+003	 -8.8335902e+002	
  1.7553711e+001	  1.0605005e-002	 -1.0899711e+003	  3.3922461e+003	 -8.8507887e+002	
  1.7578125e+001	  5.7869426e-003	 -1.0919047e+003	  2.1903658e+003	 -8.8631939e+002	
  1.7602539e+001	  5.0981658e-004	 -1.0937621e+003	  2.4787930e+003	 -8.8766592e+002	
  1.7626953e+001	  9.4748146e-004	 -1.0951145e+003	  2.3094923e+003	 -8.8950725e+002	
  1.7651367e+001	  4.7645534e-003	 -1.0966354e+003	  1.2961762e+003	 -8.9161819e+002	
  1.7675781e+001	  7.6977898e-003	 -1.0982759e+003	  6.3965942e+002	 -8.9455427e+002	
  1.7700195e+001	  3.4029004e-003	 -1.0994044e+003	  8.3592291e+002	 -8.9699826e+002	
  1.7724609e+001	  6.7625336e-003	 -1.1003274e+003	  7.0961511e+002	 -8.9879273e+002	
  1.7749023e+001	  3.2604702e-003	 -1.1021237e+003	  3.1926965e+002	 -9.0072183e+002	
  1.7773438e+001	  3.7938705e-003	 -1.1042286e+003	  2.0975535e+002	 -8.9788492e+002	
  1.7797852e+001	  4.5353490e-003	 -1.1062221e+003	  3.3184857e+002	 -8.9998279e+002	
  1.7822266e+001	  4.0252107e-003	 -1.1078730e+003	  2.1864916e+002	 -9.0171787e+002	
  1.7846680e+001	  2.1299070e-003	 -1.1072306e+003	  2.1205878e+001	 -9.0391210e+002	
  1.7871094e+001	  5.4245393e-003	 -1.1088895e+003	  1.1740964e+002	 -9.0172090e+002	
  1.7895508e+001	  4.4634084e-003	 -1.1110148e+003	  1.2151151e+002	 -9.0335657e+002	
  1.7919922e+001	  2.9060257e-003	 -1.1139774e+003	  4.5328793e+001	 -9.0451193e+002	
  1.7944336e+001	  6.5184543e-003	 -1.1169404e+003	  4.6864514e+001	 -9.0432315e+002	
  1.7968750e+001	  7.8528092e-003	 -1.1192716e+003	  4.5952594e+001	 -9.0531890e+002	
  1.7993164e+001	  1.2942786e-002	 -1.1213321e+003	  4.2564119e+001	 -9.0544525e+002	
  1.8017578e+001	  1.4275246e-002	 -1.1232436e+003	  8.8645801e+001	 -9.0636949e+002	
  1.8041992e+001	  8.4613099e-003	 -1.1251040e+003	  1.1097255e+002	 -9.0782381e+002	
  1.8066406e+001	  2.4915446e-003	 -1.1270449e+003	  8.7033315e+001	 -9.0950305e+002	
  1.8090820e+001	  5.6330229e-003	 -1.1290031e+003	  4.3642413e+001	 -9.1184364e+002	
  1.8115234e+001	  7.0398456e-003	 -1.1306399e+003	  7.1418909e+001	 -9.1466988e+002	
  1.8139648e+001	  9.4596649e-003	 -1.1321081e+003	  1.1138382e+002	 -9.1648055e+002	
  1.8164063e+001	  4.2987555e-003	 -1.1329903e+003	  1.1285059e+002	 -9.1795975e+002	
  1.8188477e+001	  7.4037694e-003	 -1.1336056e+003	  9.4809046e+001	 -9.1910488e+002	
  1.8212891e+001	  2.4802993e-003	 -1.1353317e+003	  8.9427880e+001	 -9.2011305e+002	
  1.8237305e+001	  5.2917350e-003	 -1.1373735e+003	  7.0800649e+001	 -9.2143322e+002	
  1.8261719e+001	  1.0828323e-003	 -1.1380578e+003	  2.2222413e+001	 -9.1857476e+002	
  1.8286133e+001	  5.6848214e-003	 -1.1399466e+003	  1.3469167e+002	 -9.2107292e+002	
  1.8310547e+001	  3.1048688e-003	 -1.1428309e+003	  1.9157352e+002	 -9.2285841e+002	
  1.8334961e+001	  6.2865878e-003	 -1.1455881e+003	  1.0555897e+002	 -9.2478660e+002	
  1.8359375e+001	  8.5906002e-003	 -1.1479362e+003	  1.3865701e+002	 -9.2251842e+002	
  1.8383789e+001	  4.9942439e-003	 -1.1502702e+003	  3.8331963e+002	 -9.2440633e+002	
  1.8408203e+001	  5.7384948e-003	 -1.1525909e+003	  4.4133235e+002	 -9.2620816e+002	
  1.8432617e+001	  1.1986599e-003	 -1.1536795e+003	  2.1335771e+002	 -9.2871722e+002	
  1.8457031e+001	  5.6500486e-003	 -1.1541324e+003	  5.6706555e+002	 -9.3184829e+002	
  1.8481445e+001	  4.8999640e-003	 -1.1561346e+003	  1.0291705e+003	 -9.3367783e+002	
  1.8505859e+001	  7.2346158e-004	 -1.1583745e+003	  9.8849889e+002	 -9.3571143e+002	
  1.8530273e+001	  2.8389667e-003	 -1.1610802e+003	  1.2851486e+003	 -9.3882016e+002	
  1.8554688e+001	  2.5897422e-003	 -1.1580098e+003	  3.2246115e+003	 -9.4113588e+002	
  1.8579102e+001	  3.0769996e-003	 -1.1552282e+003	  4.5291588e+003	 -9.4307828e+002	
  1.8603516e+001	  3.7542627e-003	 -1.1568030e+003	  3.9669472e+003	 -9.4489183e+002	
  1.8627930e+001	  2.8390626e-003	 -1.1577440e+003	  2.4945368e+003	 -9.4636440e+002	
  1.8652344e+001	  4.0721357e-003	 -1.1591479e+003	  2.3774150e+003	 -9.4750790e+002	
  1.8676758e+001	  1.6018340e-003	 -1.1607467e+003	  2.6534091e+003	 -9.4917742e+002	
  1.8701172e+001	  7.7035785e-004	 -1.1624710e+003	  1.9222930e+003	 -9.5114035e+002	
  1.8725586e+001	  5.0491167e-003	 -1.1645939e+003	  8.0277048e+002	 -9.5357131e+002	
  1.8750000e+001	  3.2003565e-003	 -1.1670021e+003	  7.6000306e+002	 -9.5662401e+002	
  1.8774414e+001	  6.1930300e-003	 -1.1691411e+003	  8.1898746e+002	 -9.5861327e+002	
  1.8798828e+001	  6.8165090e-003	 -1.1709612e+003	  4.7644479e+002	 -9.6042548e+002	
  1.8823242e+001	  4.9755128e-003	 -1.1723104e+003	  1.5245362e+002	 -9.6350949e+002	
  1.8847656e+001	  4.9783365e-003	 -1.1730728e+003	  3.5421485e+002	 -9.6614788e+002	
  1.8872070e+001	  4.7177346e-003	 -1.1746720e+003	  3.3582736e+002	 -9.6792493e+002	
  1.8896484e+001	  1.5020471e-003	 -1.1768494e+003	  1.4930751e+002	 -9.6976194e+002	
  1.8920898e+001	  5.8954962e-003	 -1.1790524e+003	  7.2546538e+001	 -9.6716370e+002	
  1.8945313e+001	  6.2889056e-003	 -1.1810726e+003	  1.4675866e+002	 -9.6923694e+002	
  1.8969727e+001	  2.2989408e-003	 -1.1830457e+003	  1.1093383e+002	 -9.7074217e+002	
  1.8994141e+001	  3.5627270e-003	 -1.1849426e+003	  6.2392631e+001	 -9.7150160e+002	
  1.9018555e+001	  4.8651689e-003	 -1.1866687e+003	  5.7554075e+001	 -9.7236841e+002	
  1.9042969e+001	  7.1726013e-003	 -1.1883072e+003	  1.7605861e+001	 -9.7328697e+002	
  1.9067383e+001	  2.1692175e-003	 -1.1897959e+003	  4.6268418e+001	 -9.7242171e+002	
  1.9091797e+001	  3.9624310e-003	 -1.1889213e+003	  8.6990101e+001	 -9.7380100e+002	
  1.9116211e+001	  4.3276279e-003	 -1.1905190e+003	  8.4852437e+001	 -9.7534882e+002	
  1.9140625e+001	  4.8675500e-003	 -1.1923353e+003	  3.4077141e+001	 -9.7703285e+002	
  1.9165039e+001	  5.6289894e-003	 -1.1943546e+003	  4.2068330e+001	 -9.7528852e+002	
  1.9189453e+001	  3.2555424e-003	 -1.1965082e+003	  1.0390757e+002	 -9.7695713e+002	
  1.9213867e+001	  5.7083582e-003	 -1.1985554e+003	  1.2154949e+002	 -9.7848191e+002	
  1.9238281e+001	  5.1435729e-003	 -1.2005917e+003	  9.7849276e+001	 -9.7976410e+002	
  1.9262695e+001	  2.6228145e-003	 -1.1979719e+003	  7.2743546e+001	 -9.8066364e+002	
  1.9287109e+001	  7.6774096e-003	 -1.2003515e+003	  6.5520729e+001	 -9.8153787e+002	
  1.9311523e+001	  6.7108328e-003	 -1.2021142e+003	  2.8853791e+001	 -9.8282807e+002	
  1.9335938e+001	  6.9207264e-004	 -1.2034147e+003	  7.1852467e+001	 -9.8116706e+002	
  1.9360352e+001	  2.0049855e-003	 -1.2044448e+003	  1.7413033e+002	 -9.8287373e+002	
  1.9384766e+001	  8.2093287e-003	 -1.2060000e+003	  1.7007103e+002	 -9.8472153e+002	
  1.9409180e+001	  5.9021880e-003	 -1.2074693e+003	  9.5142578e+001	 -9.8765738e+002	
  1.9433594e+001	  5.8605406e-003	 -1.2073382e+003	  2.9722230e+002	 -9.9032334e+002	
  1.9458008e+001	  8.5691506e-003	 -1.2087812e+003	  4.7324771e+002	 -9.9215308e+002	
  1.9482422e+001	  2.5629833e-003	 -1.2103033e+003	  3.5713799e+002	 -9.9406477e+002	
  1.9506836e+001	  1.6799011e-003	 -1.2115905e+003	  2.6100692e+002	 -9.9125833e+002	
  1.9531250e+001	  6.0859809e-003	 -1.2129693e+003	  7.7906343e+002	 -9.9342880e+002	
  1.9555664e+001	  1.7882679e-003	 -1.2156058e+003	  1.0301466e+003	 -9.9525356e+002	
  1.9580078e+001	  6.8095636e-003	 -1.2131620e+003	  8.2388782e+002	 -9.9782503e+002	
  1.9604492e+001	  5.2177963e-003	 -1.2149686e+003	  2.0638784e+003	 -1.0007340e+003	
  1.9628906e+001	  2.7954914e-003	 -1.2168350e+003	  3.8561865e+003	 -1.0027809e+003	
  1.9653320e+001	  1.7391208e-003	 -1.2154521e+003	  4.2428987e+003	 -1.0046602e+003	
  1.9677734e+001	  2.8001495e-003	 -1.2177537e+003	  3.0697040e+003	 -1.0063367e+003	
  1.9702148e+001	  6.8602987e-003	 -1.2201712e+003	  2.2823113e+003	 -1.0075300e+003	
  1.9726563e+001	  7.6332221e-003	 -1.2224765e+003	  2.7629875e+003	 -1.0089583e+003	
  1.9750977e+001	  9.8922248e-003	 -1.2245168e+003	  2.5628106e+003	 -1.0108077e+003	
  1.9775391e+001	  9.1153899e-003	 -1.2262790e+003	  1.4288078e+003	 -1.0128988e+003	
  1.9799805e+001	  5.7419939e-003	 -1.2271549e+003	  6.7138343e+002	 -1.0158365e+003	
  1.9824219e+001	  9.2395578e-003	 -1.2280182e+003	  8.7357429e+002	 -1.0183417e+003	
  1.9848633e+001	  7.5322670e-003	 -1.2295586e+003	  7.0002333e+002	 -1.0201903e+003	
  1.9873047e+001	  3.0250333e-003	 -1.2310314e+003	  2.5534049e+002	 -1.0222656e+003	
  1.9897461e+001	  4.4414243e-003	 -1.2325272e+003	  2.5587654e+002	 -1.0195912e+003	
  1.9921875e+001	  8.6026646e-003	 -1.2344302e+003	  3.5417054e+002	 -1.0215393e+003	
  1.9946289e+001	  6.5973122e-003	 -1.2365149e+003	  2.1513352e+002	 -1.0233217e+003	
  1.9970703e+001	  7.6475059e-003	 -1.2384727e+003	  5.4361039e+001	 -1.0262058e+003	
  1.9995117e+001	  4.0058778e-003	 -1.2400258e+003	  1.4763374e+002	 -1.0290537e+003	
  2.0019531e+001	  5.7020413e-003	 -1.2412008e+003	  1.6864093e+002	 -1.0307401e+003	
  2.0043945e+001	  1.2099385e-003	 -1.2427775e+003	  1.1139479e+002	 -1.0322175e+003	
  2.0068359e+001	  4.1938327e-003	 -1.2442992e+003	  4.8562302e+001	 -1.0335207e+003	
  2.0092773e+001	  3.9899062e-003	 -1.2454132e+003	  9.9799778e+000	 -1.0363657e+003	
  2.0117188e+001	  8.2876324e-003	 -1.2470160e+003	  5.1816998e+001	 -1.0386495e+003	
  2.0141602e+001	  5.7359069e-003	 -1.2490369e+003	  9.2144601e+001	 -1.0401339e+003	
  2.0166016e+001	  6.0433215e-003	 -1.2513061e+003	  1.0372204e+002	 -1.0417807e+003	
  2.0190430e+001	  5.8397499e-003	 -1.2535519e+003	  7.2160247e+001	 -1.0435838e+003	
  2.0214844e+001	  1.5646326e-003	 -1.2554735e+003	  2.2570247e+001	 -1.0457619e+003	
  2.0239258e+001	  1.9699233e-003	 -1.2569738e+003	  2.4833320e+001	 -1.0431384e+003	
  2.0263672e+001	  4.5171544e-003	 -1.2581772e+003	  3.3524116e+001	 -1.0448018e+003	
  2.0288086e+001	  5.9388938e-003	 -1.2594392e+003	  2.7509920e+001	 -1.0453585e+003	
  2.0312500e+001	  7.8801413e-003	 -1.2609508e+003	  6.3794667e+001	 -1.0461321e+003	
  2.0336914e+001	  7.3924748e-003	 -1.2627242e+003	  8.0302621e+001	 -1.0475598e+003	
  2.0361328e+001	  5.1013146e-003	 -1.2648584e+003	  3.7621872e+001	 -1.0488825e+003	
  2.0385742e+001	  4.2538948e-003	 -1.2673508e+003	  5.2238355e+001	 -1.0478376e+003	
  2.0410156e+001	  7.5845649e-003	 -1.2694502e+003	  1.3319958e+002	 -1.0492462e+003	
  2.0434570e+001	  6.4504092e-003	 -1.2712252e+003	  1.4538647e+002	 -1.0509054e+003	
  2.0458984e+001	  5.9440184e-003	 -1.2729728e+003	  6.6586809e+001	 -1.0533955e+003	
  2.0483398e+001	  1.4689285e-003	 -1.2750920e+003	  2.1661127e+002	 -1.0565188e+003	
  2.0507813e+001	  4.6377891e-003	 -1.2779920e+003	  4.4231511e+002	 -1.0583182e+003	
  2.0532227e+001	  1.4020721e-003	 -1.2801844e+003	  4.7945536e+002	 -1.0601102e+003	
  2.0556641e+001	  2.0351863e-003	 -1.2820333e+003	  2.4647049e+002	 -1.0625458e+003	
  2.0581055e+001	  9.4954248e-003	 -1.2837614e+003	  5.5278166e+002	 -1.0656434e+003	
  2.0605469e+001	  7.7077635e-003	 -1.2854293e+003	  9.8720549e+002	 -1.0674955e+003	
  2.0629883e+001	  5.2157457e-003	 -1.2871783e+003	  9.2554432e+002	 -1.0694990e+003	
  2.0654297e+001	  1.3997558e-003	 -1.2894786e+003	  1.0931755e+003	 -1.0663789e+003	
  2.0678711e+001	  5.7878471e-003	 -1.2925501e+003	  2.8506142e+003	 -1.0687242e+003	
  2.0703125e+001	  5.8647511e-003	 -1.2950946e+003	  4.0386056e+003	 -1.0706620e+003	
  2.0727539e+001	  4.2637283e-003	 -1.2981174e+003	  3.5612382e+003	 -1.0724554e+003	
  2.0751953e+001	  7.0551604e-003	 -1.3007040e+003	  2.3923604e+003	 -1.0738725e+003	
  2.0776367e+001	  7.4279813e-003	 -1.3029176e+003	  2.5559345e+003	 -1.0750779e+003	
  2.0800781e+001	  1.0064020e-003	 -1.3052054e+003	  2.8638168e+003	 -1.0767885e+003	
  2.0825195e+001	  3.4636417e-003	 -1.3073885e+003	  2.0759203e+003	 -1.0787500e+003	
  2.0849609e+001	  7.6133012e-003	 -1.3092262e+003	  8.7047848e+002	 -1.0811544e+003	
  2.0874023e+001	  9.7823581e-003	 -1.3109451e+003	  7.8408379e+002	 -1.0842026e+003	
  2.0898438e+001	  3.8457022e-003	 -1.3126158e+003	  8.3353476e+002	 -1.0862023e+003	
  2.0922852e+001	  2.3766227e-003	 -1.3142673e+003	  4.7898166e+002	 -1.0880033e+003	
  2.0947266e+001	  7.4166428e-003	 -1.3160595e+003	  1.4466807e+002	 -1.0910274e+003	
  2.0971680e+001	  4.9833062e-003	 -1.3181314e+003	  3.2488302e+002	 -1.0936794e+003	
  2.0996094e+001	  3.8085149e-003	 -1.3203033e+003	  2.9273612e+002	 -1.0953709e+003	
  2.1020508e+001	  4.6519187e-003	 -1.3221619e+003	  1.1262146e+002	 -1.0968789e+003	
  2.1044922e+001	  6.6447295e-003	 -1.3236693e+003	  6.0525069e+001	 -1.0955267e+003	
  2.1069336e+001	  3.8046839e-003	 -1.3250789e+003	  1.4348775e+002	 -1.0969426e+003	
  2.1093750e+001	  3.8233040e-003	 -1.3257880e+003	  1.2538457e+002	 -1.0983702e+003	
  2.1118164e+001	  2.9812151e-003	 -1.3249784e+003	  6.1353155e+001	 -1.0995102e+003	
  2.1142578e+001	  2.1753652e-003	 -1.3260300e+003	  3.1747452e+001	 -1.0992794e+003	
  2.1166992e+001	  8.0133072e-004	 -1.3270695e+003	  7.0990663e+001	 -1.1000177e+003	
  2.1191406e+001	  1.9342271e-003	 -1.3286604e+003	  7.1698627e+001	 -1.1013339e+003	
  2.1215820e+001	  4.6170750e-003	 -1.3303933e+003	  4.4317176e+001	 -1.1023742e+003	
  2.1240234e+001	  1.0537039e-003	 -1.3324218e+003	  3.0533553e+001	 -1.1032585e+003	
  2.1264648e+001	  3.3584097e-003	 -1.3293058e+003	  5.6625391e+000	 -1.1036151e+003	
  2.1289063e+001	  3.3688115e-003	 -1.3311368e+003	  3.3006584e+001	 -1.1033980e+003	
  2.1313477e+001	  1.1792520e-002	 -1.3327949e+003	  4.7618369e+001	 -1.1047537e+003	
  2.1337891e+001	  1.0979251e-002	 -1.3344089e+003	  4.9028417e+001	 -1.1058042e+003	
  2.1362305e+001	  7.4587370e-003	 -1.3360183e+003	  6.0307033e+001	 -1.1067522e+003	
  2.1386719e+001	  5.8651597e-003	 -1.3378053e+003	  6.7325214e+001	 -1.1078991e+003	
  2.1411133e+001	  3.7491560e-003	 -1.3399995e+003	  5.0476773e+001	 -1.1090588e+003	
  2.1435547e+001	  6.4270587e-003	 -1.3420912e+003	  1.1907168e+001	 -1.1091094e+003	
  2.1459961e+001	  6.2122294e-003	 -1.3439211e+003	  7.8877383e+001	 -1.1090150e+003	
  2.1484375e+001	  4.8762370e-003	 -1.3461647e+003	  1.4203344e+002	 -1.1104908e+003	
  2.1508789e+001	  5.2573981e-003	 -1.3435302e+003	  1.1319231e+002	 -1.1121197e+003	
  2.1533203e+001	  9.7980745e-003	 -1.3453286e+003	  5.0090193e+001	 -1.1098265e+003	
  2.1557617e+001	  4.7453874e-003	 -1.3468667e+003	  2.8590790e+002	 -1.1118428e+003	
  2.1582031e+001	  4.5778817e-003	 -1.3481055e+003	  4.6588311e+002	 -1.1135712e+003	
  2.1606445e+001	  3.2108258e-003	 -1.3495324e+003	  3.7277708e+002	 -1.1155316e+003	
  2.1630859e+001	  4.3679868e-003	 -1.3513185e+003	  3.2726223e+002	 -1.1124617e+003	
  2.1655273e+001	  6.5084783e-003	 -1.3531289e+003	  8.1045151e+002	 -1.1146771e+003	
  2.1679688e+001	  3.0755175e-003	 -1.3546028e+003	  1.0296760e+003	 -1.1165348e+003	
  2.1704102e+001	  3.3292824e-003	 -1.3553873e+003	  7.8973717e+002	 -1.1190746e+003	
  2.1728516e+001	  5.1173071e-003	 -1.3567321e+003	  1.8711863e+003	 -1.1220203e+003	
  2.1752930e+001	  3.4627088e-003	 -1.3585823e+003	  3.4919317e+003	 -1.1240743e+003	
  2.1777344e+001	  3.6397017e-003	 -1.3607278e+003	  3.8424258e+003	 -1.1259425e+003	
  2.1801758e+001	  6.1246464e-003	 -1.3629271e+003	  2.8405297e+003	 -1.1275747e+003	
  2.1826172e+001	  8.4378684e-003	 -1.3649473e+003	  2.3738449e+003	 -1.1287555e+003	
  2.1850586e+001	  2.6223181e-003	 -1.3667626e+003	  2.9481950e+003	 -1.1302482e+003	
  2.1875000e+001	  3.3225682e-003	 -1.3684706e+003	  2.6979561e+003	 -1.1321062e+003	
  2.1899414e+001	  4.7404064e-003	 -1.3704639e+003	  1.4780188e+003	 -1.1341959e+003	
  2.1923828e+001	  2.6742395e-003	 -1.3735638e+003	  6.9406540e+002	 -1.1371586e+003	
  2.1948242e+001	  5.6015818e-003	 -1.3757775e+003	  9.1289417e+002	 -1.1396420e+003	
  2.1972656e+001	  7.2816034e-003	 -1.3774916e+003	  7.3612526e+002	 -1.1414701e+003	
  2.1997070e+001	  9.2032003e-003	 -1.3788426e+003	  2.9865406e+002	 -1.1434863e+003	
  2.2021484e+001	  5.3947696e-003	 -1.3796790e+003	  2.4766648e+002	 -1.1405938e+003	
  2.2045898e+001	  8.3895102e-003	 -1.3807391e+003	  3.5621882e+002	 -1.1425470e+003	
  2.2070313e+001	  3.7970349e-003	 -1.3818892e+003	  2.3855929e+002	 -1.1441565e+003	
  2.2094727e+001	  2.8139498e-003	 -1.3829224e+003	  4.8535594e+001	 -1.1452533e+003	
  2.2119141e+001	  7.7321375e-003	 -1.3842635e+003	  9.7414875e+001	 -1.1446701e+003	
  2.2143555e+001	  4.4237404e-003	 -1.3856790e+003	  9.1846472e+001	 -1.1461869e+003	
  2.2167969e+001	  4.6232027e-003	 -1.3866171e+003	  2.2203727e+001	 -1.1463670e+003	
  2.2192383e+001	  4.4042833e-003	 -1.3877376e+003	  6.6936252e+001	 -1.1468726e+003	
  2.2216797e+001	  1.1685369e-003	 -1.3893626e+003	  4.9110580e+001	 -1.1479601e+003	
  2.2241211e+001	  3.3278257e-003	 -1.3911836e+003	  5.4480354e+001	 -1.1482819e+003	
  2.2265625e+001	  2.2061049e-003	 -1.3895642e+003	  6.8134120e+001	 -1.1492669e+003	
  2.2290039e+001	  6.4907375e-003	 -1.3914790e+003	  7.7883420e+001	 -1.1501082e+003	
  2.2314453e+001	  1.1433896e-002	 -1.3932656e+003	  1.0632428e+002	 -1.1513218e+003	
  2.2338867e+001	  7.3128382e-003	 -1.3949468e+003	  9.6442997e+001	 -1.1528999e+003	
  2.2363281e+001	  4.4617676e-003	 -1.3964582e+003	  3.6952809e+001	 -1.1546765e+003	
  2.2387695e+001	  3.6931723e-003	 -1.3979883e+003	  2.9413891e+001	 -1.1527682e+003	
  2.2412109e+001	  2.2768030e-003	 -1.3998667e+003	  5.5983542e+001	 -1.1542712e+003	
  2.2436523e+001	  3.4543066e-003	 -1.4021053e+003	  6.5021864e+001	 -1.1553520e+003	
  2.2460938e+001	  4.7082207e-004	 -1.4003304e+003	  6.8043792e+001	 -1.1566490e+003	
  2.2485352e+001	  5.7397757e-003	 -1.4023962e+003	  3.2452286e+001	 -1.1584653e+003	
  2.2509766e+001	  6.8204379e-003	 -1.4043571e+003	  5.6528100e+001	 -1.1557371e+003	
  2.2534180e+001	  4.1441847e-003	 -1.4063841e+003	  1.4127319e+002	 -1.1574721e+003	
  2.2558594e+001	  5.7999524e-003	 -1.4083998e+003	  1.7579847e+002	 -1.1591198e+003	
  2.2583008e+001	  8.9624272e-003	 -1.4102613e+003	  8.8907192e+001	 -1.1609235e+003	
  2.2607422e+001	  6.6292204e-003	 -1.4119341e+003	  1.3847904e+002	 -1.1589346e+003	
  2.2631836e+001	  4.0237881e-003	 -1.4131421e+003	  3.8106143e+002	 -1.1607381e+003	
  2.2656250e+001	  3.5967363e-003	 -1.4133707e+003	  4.3055172e+002	 -1.1625247e+003	
  2.2680664e+001	  3.9266018e-003	 -1.4149351e+003	  2.0168736e+002	 -1.1649784e+003	
  2.2705078e+001	  2.4048433e-003	 -1.4170550e+003	  5.0661314e+002	 -1.1618745e+003	
  2.2729492e+001	  2.9557781e-003	 -1.4192780e+003	  9.1927341e+002	 -1.1637025e+003	
  2.2753906e+001	  2.8308417e-003	 -1.4211148e+003	  8.8305336e+002	 -1.1657121e+003	
  2.2778320e+001	  4.8354651e-003	 -1.4227295e+003	  1.0527724e+003	 -1.1688046e+003	
  2.2802734e+001	  3.0094488e-003	 -1.4243532e+003	  2.6161599e+003	 -1.1711673e+003	
  2.2827148e+001	  2.0587349e-003	 -1.4218235e+003	  3.6526422e+003	 -1.1731194e+003	
  2.2851563e+001	  2.6514873e-003	 -1.4247131e+003	  3.1900403e+003	 -1.1749036e+003	
  2.2875977e+001	  3.7806462e-003	 -1.4268314e+003	  2.2472089e+003	 -1.1762501e+003	
  2.2900391e+001	  5.0179636e-003	 -1.4289919e+003	  2.7107814e+003	 -1.1774831e+003	
  2.2924805e+001	  7.6891627e-003	 -1.4309683e+003	  3.1016051e+003	 -1.1792238e+003	
  2.2949219e+001	  1.0370658e-003	 -1.4322673e+003	  2.2622112e+003	 -1.1811784e+003	
  2.2973633e+001	  7.1710802e-003	 -1.4335658e+003	  9.4399579e+002	 -1.1835368e+003	
  2.2998047e+001	  5.4968348e-003	 -1.4358403e+003	  7.8551509e+002	 -1.1866151e+003	
  2.3022461e+001	  9.8884707e-003	 -1.4381158e+003	  8.3380038e+002	 -1.1886534e+003	
  2.3046875e+001	  1.0590624e-002	 -1.4401289e+003	  4.6613591e+002	 -1.1905115e+003	
  2.3071289e+001	  6.4708300e-003	 -1.4420473e+003	  1.9292852e+002	 -1.1873919e+003	
  2.3095703e+001	  4.7349338e-003	 -1.4441889e+003	  3.9654765e+002	 -1.1897943e+003	
  2.3120117e+001	  5.5960945e-003	 -1.4470645e+003	  3.5565096e+002	 -1.1914744e+003	
  2.3144531e+001	  9.2879396e-003	 -1.4494812e+003	  1.5189079e+002	 -1.1928813e+003	
  2.3168945e+001	  8.6262594e-003	 -1.4514445e+003	  7.3154251e+001	 -1.1924759e+003	
  2.3193359e+001	  1.9625608e-003	 -1.4531317e+003	  1.3669307e+002	 -1.1936088e+003	
  2.3217773e+001	  5.6794925e-003	 -1.4542384e+003	  9.5258397e+001	 -1.1950618e+003	
  2.3242188e+001	  1.0138101e-003	 -1.4552107e+003	  3.0144143e+001	 -1.1960741e+003	
  2.3266602e+001	  3.7197393e-003	 -1.4543982e+003	  8.7637617e+000	 -1.1949274e+003	
  2.3291016e+001	  6.1123698e-004	 -1.4559409e+003	  4.9655030e+001	 -1.1953881e+003	
  2.3315430e+001	  3.5127079e-004	 -1.4579781e+003	  7.3720636e+001	 -1.1967536e+003	
  2.3339844e+001	  3.3541681e-003	 -1.4607034e+003	  6.5509312e+001	 -1.1980221e+003	
  2.3364258e+001	  2.2477548e-003	 -1.4634155e+003	  4.5249065e+001	 -1.1991202e+003	
  2.3388672e+001	  6.1968054e-003	 -1.4655904e+003	  2.6402088e+001	 -1.1995953e+003	
  2.3413086e+001	  4.1660071e-003	 -1.4676946e+003	  4.8223786e+001	 -1.2001764e+003	
  2.3437500e+001	  2.3956674e-003	 -1.4698268e+003	  5.8614918e+001	 -1.2016191e+003	
  2.3461914e+001	  7.2035536e-003	 -1.4718714e+003	  2.6234499e+001	 -1.2032891e+003	
  2.3486328e+001	  9.6246370e-003	 -1.4737585e+003	  3.3429595e+001	 -1.2015814e+003	
  2.3510742e+001	  4.4339722e-003	 -1.4755643e+003	  7.3365088e+001	 -1.2031805e+003	
  2.3535156e+001	  4.7141277e-003	 -1.4774594e+003	  6.6793323e+001	 -1.2045121e+003	
  2.3559570e+001	  5.3025242e-003	 -1.4796586e+003	  3.5735356e+001	 -1.2050261e+003	
  2.3583984e+001	  5.4282904e-003	 -1.4819672e+003	  9.4447500e+001	 -1.2051508e+003	
  2.3608398e+001	  3.6452174e-003	 -1.4840717e+003	  1.9026990e+002	 -1.2065662e+003	
  2.3632813e+001	  5.0614818e-003	 -1.4862596e+003	  2.0284106e+002	 -1.2082805e+003	
  2.3657227e+001	  2.9924108e-003	 -1.4890702e+003	  9.9032196e+001	 -1.2106670e+003	
  2.3681641e+001	  8.8556625e-003	 -1.4917933e+003	  2.2161814e+002	 -1.2076548e+003	
  2.3706055e+001	  5.6253814e-003	 -1.4947557e+003	  3.7990558e+002	 -1.2095858e+003	
  2.3730469e+001	  8.5741786e-003	 -1.4917084e+003	  2.6925864e+002	 -1.2115694e+003	
  2.3754883e+001	  7.0834272e-003	 -1.4935977e+003	  2.7008622e+002	 -1.2088701e+003	
  2.3779297e+001	  5.3781295e-003	 -1.4945759e+003	  7.4555187e+002	 -1.2108811e+003	
  2.3803711e+001	  6.8582903e-003	 -1.4951014e+003	  9.6911803e+002	 -1.2126763e+003	
  2.3828125e+001	  4.2692515e-003	 -1.4968597e+003	  7.3844044e+002	 -1.2151672e+003	
  2.3852539e+001	  4.6707298e-003	 -1.4943632e+003	  1.6903398e+003	 -1.2181651e+003	
  2.3876953e+001	  8.5428460e-003	 -1.4962104e+003	  3.1678911e+003	 -1.2202400e+003	
  2.3901367e+001	  1.0897845e-002	 -1.4980457e+003	  3.4647435e+003	 -1.2221126e+003	
  2.3925781e+001	  1.2480208e-003	 -1.5000677e+003	  2.5799254e+003	 -1.2237061e+003	
  2.3950195e+001	  5.0539352e-003	 -1.5022545e+003	  2.4259027e+003	 -1.2248618e+003	
  2.3974609e+001	  3.7517913e-003	 -1.5034825e+003	  3.1507455e+003	 -1.2264143e+003	
  2.3999023e+001	  5.5995588e-003	 -1.5044681e+003	  2.8731705e+003	 -1.2282891e+003	
  2.4023438e+001	  4.8999130e-003	 -1.5059258e+003	  1.5564711e+003	 -1.2303868e+003	
  2.4047852e+001	  3.4256354e-003	 -1.5075155e+003	  7.3992084e+002	 -1.2333475e+003	
  2.4072266e+001	  8.0212733e-004	 -1.5095632e+003	  9.4228052e+002	 -1.2358057e+003	
  2.4096680e+001	  1.9490055e-003	 -1.5124087e+003	  7.2863266e+002	 -1.2376313e+003	
  2.4121094e+001	  2.1811815e-003	 -1.5153839e+003	  2.5817648e+002	 -1.2397168e+003	
  2.4145508e+001	  1.8882045e-003	 -1.5183350e+003	  2.7918086e+002	 -1.2370137e+003	
  2.4169922e+001	  5.5418915e-003	 -1.5203014e+003	  3.7350979e+002	 -1.2389482e+003	
  2.4194336e+001	  4.8127350e-003	 -1.5220500e+003	  2.0578280e+002	 -1.2406798e+003	
  2.4218750e+001	  6.1532983e-003	 -1.5239322e+003	  1.8799675e+001	 -1.2382930e+003	
  2.4243164e+001	  3.6989143e-003	 -1.5262993e+003	  1.3773629e+002	 -1.2405237e+003	
  2.4267578e+001	  7.7647233e-003	 -1.5288687e+003	  1.5369006e+002	 -1.2420198e+003	
  2.4291992e+001	  6.5316176e-003	 -1.5308560e+003	  1.0035677e+002	 -1.2435459e+003	
  2.4316406e+001	  2.3665125e-003	 -1.5323740e+003	  2.3546673e+001	 -1.2464294e+003	
  2.4340820e+001	  5.2735977e-003	 -1.5339185e+003	  9.6340334e+001	 -1.2493357e+003	
  2.4365234e+001	  2.9894317e-003	 -1.5367442e+003	  1.1216468e+002	 -1.2509618e+003	
  2.4389648e+001	  5.7334273e-003	 -1.5392666e+003	  7.5974253e+001	 -1.2520305e+003	
  2.4414063e+001	  4.4952056e-003	 -1.5413081e+003	  7.8957526e+001	 -1.2529407e+003	
  2.4438477e+001	  4.0799278e-003	 -1.5433688e+003	  4.7787033e+001	 -1.2542106e+003	
  2.4462891e+001	  4.1544592e-003	 -1.5455146e+003	  3.9997064e+001	 -1.2539723e+003	
  2.4487305e+001	  6.8371893e-003	 -1.5475986e+003	  7.0677851e+001	 -1.2551817e+003	
  2.4511719e+001	  2.2791857e-003	 -1.5495172e+003	  5.7370177e+001	 -1.2562508e+003	
  2.4536133e+001	  2.3029753e-003	 -1.5514081e+003	  5.6054189e+001	 -1.2569671e+003	
  2.4560547e+001	  1.9237776e-003	 -1.5542033e+003	  4.8623027e+001	 -1.2577356e+003	
  2.4584961e+001	  3.2308312e-003	 -1.5569471e+003	  6.1292470e+001	 -1.2582327e+003	
  2.4609375e+001	  6.0235398e-003	 -1.5590044e+003	  6.9072601e+001	 -1.2593160e+003	
  2.4633789e+001	  6.8900488e-003	 -1.5609727e+003	  4.2990097e+001	 -1.2596318e+003	
  2.4658203e+001	  2.4547908e-003	 -1.5629095e+003	  1.2067156e+002	 -1.2602736e+003	
  2.4682617e+001	  1.9401285e-003	 -1.5647980e+003	  1.6633159e+002	 -1.2618340e+003	
  2.4707031e+001	  1.0472530e-003	 -1.5670564e+003	  1.0097528e+002	 -1.2636830e+003	
  2.4731445e+001	  2.5323522e-003	 -1.5695338e+003	  1.0309180e+002	 -1.2611041e+003	
  2.4755859e+001	  1.5488666e-003	 -1.5716470e+003	  2.9522988e+002	 -1.2630703e+003	
  2.4780273e+001	  6.9225481e-003	 -1.5736936e+003	  3.4524272e+002	 -1.2648639e+003	
  2.4804688e+001	  5.9802317e-003	 -1.5757854e+003	  1.5880743e+002	 -1.2675199e+003	
  2.4829102e+001	  9.8051671e-004	 -1.5784841e+003	  5.3214468e+002	 -1.2706103e+003	
  2.4853516e+001	  4.9568419e-003	 -1.5815926e+003	  9.6160752e+002	 -1.2724447e+003	
  2.4877930e+001	  3.0578260e-003	 -1.5835694e+003	  9.2809555e+002	 -1.2744634e+003	
  2.4902344e+001	  7.1804234e-004	 -1.5851297e+003	  1.0236667e+003	 -1.2774797e+003	
  2.4926758e+001	  1.6246504e-003	 -1.5863997e+003	  2.4100401e+003	 -1.2798842e+003	
  2.4951172e+001	  1.2588684e-003	 -1.5878611e+003	  3.3395343e+003	 -1.2818409e+003	
  2.4975586e+001	  3.8740256e-004	 -1.5894158e+003	  2.9559973e+003	 -1.2835990e+003	
  2.5000000e+001	  8.3452166e-004	 -1.5896459e+003	  2.3055126e+003	 -1.2849114e+003	
