  0.0000000e+000	  3.2465162e-011	  0.0000000e+000	  3.9210531e+003	  3.1415927e+000	
  2.4414063e-002	  5.4230231e-004	 -1.6021659e+000	  3.4651767e+003	  1.2574497e+000	
  4.8828125e-002	  5.3680827e-003	 -3.2737509e+000	  2.2014085e+003	 -5.3723425e-001	
  7.3242188e-002	  1.0593169e-002	 -5.0329375e+000	  6.7765616e+002	 -2.1287481e+000	
  9.7656250e-002	  3.9506323e-003	 -6.9140563e+000	  3.4439427e+002	 -9.5976931e-001	
  1.2207031e-001	  7.9158876e-003	 -8.7386329e+000	  5.6894800e+002	 -2.2525487e+000	
  1.4648438e-001	  3.8437728e-003	 -9.5531274e+000	  3.7396558e+002	 -3.8880180e+000	
  1.7089844e-001	  1.0463371e-002	 -9.8781932e+000	  3.5936661e+002	 -6.5794631e+000	
  1.9531250e-001	  8.4357548e-003	 -1.0981927e+001	  5.8907357e+002	 -8.4606917e+000	
  2.1972656e-001	  1.3707092e-002	 -1.1572793e+001	  4.7016656e+002	 -9.9069838e+000	
  2.4414063e-001	  1.0202711e-002	 -1.2099805e+001	  1.9840497e+002	 -1.0729014e+001	
  2.6855469e-001	  1.4627701e-002	 -1.3331192e+001	  2.0318800e+002	 -1.1089064e+001	
  2.9296875e-001	  7.6682378e-003	 -1.4875435e+001	  1.1870580e+002	 -1.2934416e+001	
  3.1738281e-001	  1.0681476e-002	 -1.6843856e+001	  5.1831952e+002	 -1.0306526e+001	
  3.4179688e-001	  7.7155365e-003	 -1.8958812e+001	  1.5151832e+003	 -1.2027554e+001	
  3.6621094e-001	  8.0059306e-003	 -2.0548627e+001	  2.0303477e+003	 -1.3586456e+001	
  3.9062500e-001	  2.7839409e-003	 -2.1787648e+001	  1.3154072e+003	 -1.4870175e+001	
  4.1503906e-001	  1.0833212e-002	 -2.3166390e+001	  6.6388248e+002	 -1.5492853e+001	
  4.3945313e-001	  7.4558678e-003	 -2.5547737e+001	  5.4800027e+002	 -1.8548668e+001	
  4.6386719e-001	  1.2887212e-002	 -2.8228196e+001	  1.4771731e+003	 -2.0740176e+001	
  4.8828125e-001	  1.8118013e-002	 -2.5452995e+001	  1.4985047e+003	 -1.8391947e+001	
  5.1269531e-001	  2.3652709e-002	 -2.7878525e+001	  4.4964971e+003	 -2.0380066e+001	
  5.3710938e-001	  3.3538878e-002	 -2.7668998e+001	  7.5668544e+003	 -1.9115910e+001	
  5.6152344e-001	  5.1681956e-002	 -2.8578698e+001	  4.9222496e+004	 -2.0669297e+001	
  5.8593750e-001	  7.1928097e-002	 -3.0135955e+001	  1.1133060e+005	 -2.2287593e+001	
  6.1035156e-001	  2.2709801e-001	 -3.1739959e+001	  1.5803387e+005	 -2.3910173e+001	
  6.3476563e-001	  2.1834740e-001	 -3.3358688e+001	  1.5601788e+005	 -2.5533386e+001	
  6.5917969e-001	  5.4876093e-002	 -3.4994036e+001	  1.0674806e+005	 -2.7156891e+001	
  6.8359375e-001	  5.8983441e-002	 -3.6696672e+001	  4.4985061e+004	 -2.8782769e+001	
  7.0800781e-001	  2.9719384e-002	 -3.9823724e+001	  5.3550027e+003	 -3.0461696e+001	
  7.3242188e-001	  2.8977552e-002	 -4.2462944e+001	  5.0202569e+003	 -2.8794875e+001	
  7.5683594e-001	  1.1937189e-002	 -4.3907209e+001	  1.4988978e+003	 -3.0245753e+001	
  7.8125000e-001	  2.4383788e-002	 -4.5361097e+001	  1.0157029e+003	 -2.9107427e+001	
  8.0566406e-001	  1.1597867e-002	 -4.7674753e+001	  3.5077197e+002	 -2.8274824e+001	
  8.3007813e-001	  1.4559176e-002	 -4.4579207e+001	  1.5762555e+003	 -2.9531297e+001	
  8.5449219e-001	  7.5660558e-003	 -4.7212696e+001	  1.5776793e+003	 -3.1482229e+001	
  8.7890625e-001	  1.1060621e-002	 -4.9042773e+001	  1.5844907e+003	 -3.3394515e+001	
  9.0332031e-001	  1.0474624e-002	 -5.0763803e+001	  1.6604150e+003	 -3.4876996e+001	
  9.2773438e-001	  1.6071441e-002	 -5.2490018e+001	  1.5055559e+003	 -3.6240382e+001	
  9.5214844e-001	  4.2810268e-003	 -5.4248304e+001	  1.1958845e+003	 -3.7627970e+001	
  9.7656250e-001	  9.6607395e-003	 -5.6037594e+001	  1.1106668e+003	 -3.9117279e+001	
  1.0009766e+000	  8.8331287e-003	 -5.7891554e+001	  1.1483491e+003	 -4.0795024e+001	
  1.0253906e+000	  1.5776780e-002	 -5.9819955e+001	  9.5023215e+002	 -4.2634499e+001	
  1.0498047e+000	  9.1299113e-003	 -6.1919894e+001	  6.8685511e+002	 -4.4713007e+001	
  1.0742188e+000	  9.8483185e-003	 -6.4975445e+001	  7.2539690e+002	 -4.6627406e+001	
  1.0986328e+000	  6.9294470e-003	 -6.7624286e+001	  9.6201869e+002	 -4.8168281e+001	
  1.1230469e+000	  2.2306363e-003	 -6.9781531e+001	  1.1886331e+003	 -4.9755400e+001	
  1.1474609e+000	  3.0820951e-003	 -7.2089784e+001	  1.2038506e+003	 -5.1418256e+001	
  1.1718750e+000	  3.7005217e-003	 -7.4227088e+001	  9.8413895e+002	 -5.3019803e+001	
  1.1962891e+000	  9.2846656e-003	 -7.5891068e+001	  6.4080112e+002	 -5.4459702e+001	
  1.2207031e+000	  2.1561314e-003	 -7.6244402e+001	  3.2842579e+002	 -5.5870848e+001	
  1.2451172e+000	  1.0198198e-002	 -7.6767403e+001	  1.9805612e+002	 -5.8503893e+001	
  1.2695313e+000	  6.1277803e-003	 -7.7907197e+001	  5.9534876e+002	 -6.0671972e+001	
  1.2939453e+000	  6.5146291e-003	 -7.7817605e+001	  1.0664127e+003	 -6.2308645e+001	
  1.3183594e+000	  7.1874920e-003	 -7.8875260e+001	  1.3409390e+003	 -6.3901802e+001	
  1.3427734e+000	  6.8534567e-004	 -8.0420563e+001	  1.2861144e+003	 -6.5467962e+001	
  1.3671875e+000	  9.3821585e-004	 -8.2110277e+001	  9.5881007e+002	 -6.7060155e+001	
  1.3916016e+000	  4.2547640e-003	 -8.3919455e+001	  5.9199320e+002	 -6.8955007e+001	
  1.4160156e+000	  1.8033018e-003	 -8.5454480e+001	  5.6668086e+002	 -7.1253165e+001	
  1.4404297e+000	  3.2853901e-003	 -8.6891266e+001	  6.6424914e+002	 -7.3093042e+001	
  1.4648438e+000	  6.0302053e-003	 -8.8458375e+001	  4.9918885e+002	 -7.4675881e+001	
  1.4892578e+000	  1.4565240e-002	 -9.0057498e+001	  2.0866041e+002	 -7.6201563e+001	
  1.5136719e+000	  8.3833222e-003	 -9.1624221e+001	  1.4302554e+002	 -7.7726576e+001	
  1.5380859e+000	  3.7757736e-003	 -9.2743353e+001	  5.3592530e+002	 -7.9312410e+001	
  1.5625000e+000	  7.3278116e-003	 -9.2213609e+001	  1.3180635e+003	 -8.0977485e+001	
  1.5869141e+000	  3.6120613e-003	 -9.3581760e+001	  2.1211790e+003	 -8.2676424e+001	
  1.6113281e+000	  7.7316480e-004	 -9.4363680e+001	  2.4377067e+003	 -8.4345707e+001	
  1.6357422e+000	  4.1536027e-003	 -9.5328164e+001	  2.0087448e+003	 -8.5935893e+001	
  1.6601563e+000	  4.5359423e-003	 -9.7257817e+001	  1.2183386e+003	 -8.7525938e+001	
  1.6845703e+000	  7.3464720e-003	 -9.9194942e+001	  7.4931836e+002	 -8.9617214e+001	
  1.7089844e+000	  1.2420016e-002	 -1.0096926e+002	  6.1936957e+002	 -9.1714703e+001	
  1.7333984e+000	  4.3940374e-003	 -1.0258530e+002	  5.8998747e+002	 -9.0536453e+001	
  1.7578125e+000	  6.2389228e-003	 -1.0398120e+002	  1.6124164e+003	 -9.2185006e+001	
  1.7822266e+000	  2.6322532e-003	 -1.0530840e+002	  3.0380968e+003	 -9.0291198e+001	
  1.8066406e+000	  1.3833211e-002	 -1.0669375e+002	  1.7630998e+004	 -9.2060143e+001	
  1.8310547e+000	  1.7438785e-002	 -1.0809449e+002	  3.8494012e+004	 -9.3706447e+001	
  1.8554688e+000	  2.4486556e-002	 -1.0952005e+002	  5.3359943e+004	 -9.5338423e+001	
  1.8798828e+000	  2.3803457e-002	 -1.1099751e+002	  5.1676729e+004	 -9.6966608e+001	
  1.9042969e+000	  7.0238927e-003	 -1.1254574e+002	  3.4773903e+004	 -9.8595072e+001	
  1.9287109e+000	  6.4218120e-003	 -1.1423286e+002	  1.4466246e+004	 -1.0023182e+002	
  1.9531250e+000	  5.9994235e-003	 -1.1264772e+002	  1.7794101e+003	 -1.0199070e+002	
  1.9775391e+000	  4.4593442e-003	 -1.1456416e+002	  1.5392581e+003	 -1.0018135e+002	
  2.0019531e+000	  6.0243466e-003	 -1.1665852e+002	  5.4840222e+002	 -1.0169002e+002	
  2.0263672e+000	  6.3270545e-003	 -1.1872204e+002	  1.2081716e+002	 -1.0107882e+002	
  2.0507813e+000	  7.2996116e-003	 -1.2057176e+002	  3.6092342e+002	 -9.9143608e+001	
  2.0751953e+000	  5.1721615e-003	 -1.2229391e+002	  9.0470061e+002	 -1.0107082e+002	
  2.0996094e+000	  4.2249700e-003	 -1.2403991e+002	  1.2871727e+003	 -1.0300698e+002	
  2.1240234e+000	  2.0770934e-003	 -1.2641761e+002	  1.5352901e+003	 -1.0472691e+002	
  2.1484375e+000	  4.7082042e-003	 -1.2335480e+002	  1.3833599e+003	 -1.0625369e+002	
  2.1728516e+000	  7.0210118e-003	 -1.2533410e+002	  8.3632718e+002	 -1.0764517e+002	
  2.1972656e+000	  4.9594157e-003	 -1.2726398e+002	  3.4881742e+002	 -1.0859532e+002	
  2.2216797e+000	  2.6411854e-003	 -1.2916849e+002	  3.1533472e+002	 -1.0948845e+002	
  2.2460938e+000	  2.7353244e-003	 -1.3085635e+002	  3.4812717e+002	 -1.1129749e+002	
  2.2705078e+000	  6.3707017e-003	 -1.3199203e+002	  3.0887722e+002	 -1.1318321e+002	
  2.2949219e+000	  2.7074578e-003	 -1.3211841e+002	  1.6101117e+002	 -1.1544376e+002	
  2.3193359e+000	  9.8817503e-003	 -1.3328321e+002	  3.2215513e+002	 -1.1840583e+002	
  2.3437500e+000	  1.2468440e-002	 -1.3472349e+002	  6.7856775e+002	 -1.2023970e+002	
  2.3681641e+000	  4.3512376e-003	 -1.3624505e+002	  9.0254201e+002	 -1.2199498e+002	
  2.3925781e+000	  2.3954422e-003	 -1.3784326e+002	  8.5444336e+002	 -1.2381725e+002	
  2.4169922e+000	  7.3791089e-003	 -1.3954459e+002	  5.8845993e+002	 -1.2578234e+002	
  2.4414063e+000	  8.9909891e-003	 -1.4144467e+002	  3.4053817e+002	 -1.2813599e+002	
  2.4658203e+000	  1.9040704e-003	 -1.4378665e+002	  3.1074952e+002	 -1.3062188e+002	
  2.4902344e+000	  7.5366337e-003	 -1.4594836e+002	  2.6961290e+002	 -1.3252914e+002	
  2.5146484e+000	  3.5139277e-003	 -1.4731623e+002	  1.3274455e+002	 -1.3351697e+002	
  2.5390625e+000	  7.6281962e-003	 -1.4711153e+002	  3.2240850e+002	 -1.3387325e+002	
  2.5634766e+000	  6.0388486e-003	 -1.4817884e+002	  6.6145312e+002	 -1.3538311e+002	
  2.5878906e+000	  9.3771045e-003	 -1.4952311e+002	  8.9256253e+002	 -1.3703421e+002	
  2.6123047e+000	  4.2145180e-003	 -1.5101153e+002	  9.0443543e+002	 -1.3875899e+002	
  2.6367188e+000	  3.9265624e-003	 -1.5320887e+002	  7.4367609e+002	 -1.4061650e+002	
  2.6611328e+000	  3.5472761e-003	 -1.5600895e+002	  5.5792059e+002	 -1.4261654e+002	
  2.6855469e+000	  3.7733588e-003	 -1.5772322e+002	  3.5459212e+002	 -1.4463078e+002	
  2.7099609e+000	  4.0776824e-003	 -1.5923734e+002	  1.0200281e+002	 -1.4734174e+002	
  2.7343750e+000	  5.4203862e-003	 -1.6053219e+002	  2.6672168e+002	 -1.4437291e+002	
  2.7587891e+000	  2.1539542e-003	 -1.5988773e+002	  2.9076289e+002	 -1.4634004e+002	
  2.7832031e+000	  8.0316835e-003	 -1.6088872e+002	  2.0860259e+002	 -1.4374081e+002	
  2.8076172e+000	  8.4261295e-003	 -1.6227452e+002	  9.3017495e+002	 -1.4604930e+002	
  2.8320313e+000	  1.2601182e-002	 -1.6372500e+002	  1.6671748e+003	 -1.4782674e+002	
  2.8564453e+000	  8.9074182e-003	 -1.6518550e+002	  1.8905173e+003	 -1.4950575e+002	
  2.8808594e+000	  3.2163341e-003	 -1.6651864e+002	  1.4189707e+003	 -1.5109268e+002	
  2.9052734e+000	  1.5735566e-003	 -1.6671831e+002	  6.5929657e+002	 -1.5268255e+002	
  2.9296875e+000	  6.8413025e-003	 -1.6742565e+002	  3.0551881e+002	 -1.5541042e+002	
  2.9541016e+000	  8.6241939e-003	 -1.6885295e+002	  4.7411924e+002	 -1.5778663e+002	
  2.9785156e+000	  1.0834454e-002	 -1.7038157e+002	  5.2696797e+002	 -1.5471820e+002	
  3.0029297e+000	  5.6910371e-003	 -1.7197634e+002	  9.6296291e+002	 -1.5687138e+002	
  3.0273438e+000	  3.7248833e-003	 -1.7371295e+002	  2.0347846e+003	 -1.5566435e+002	
  3.0517578e+000	  5.0455570e-003	 -1.7575405e+002	  1.1110397e+004	 -1.5724477e+002	
  3.0761719e+000	  5.6472091e-003	 -1.7816040e+002	  2.3643171e+004	 -1.5887015e+002	
  3.1005859e+000	  6.6109619e-003	 -1.8046568e+002	  3.2071212e+004	 -1.6049682e+002	
  3.1250000e+000	  1.4017288e-002	 -1.8265379e+002	  3.0351497e+004	 -1.6212355e+002	
  3.1494141e+000	  6.6818113e-003	 -1.8500229e+002	  1.9828096e+004	 -1.6375257e+002	
  3.1738281e+000	  1.1060565e-002	 -1.8740395e+002	  7.8199557e+003	 -1.6539581e+002	
  3.1982422e+000	  9.9105834e-003	 -1.8953336e+002	  6.9158031e+002	 -1.6736124e+002	
  3.2226563e+000	  1.4250780e-003	 -1.9147085e+002	  1.0391857e+003	 -1.6522128e+002	
  3.2470703e+000	  2.0781807e-003	 -1.9330024e+002	  4.2336947e+002	 -1.6648494e+002	
  3.2714844e+000	  7.7778128e-003	 -1.9505335e+002	  1.4803491e+002	 -1.6739139e+002	
  3.2958984e+000	  5.2743530e-003	 -1.9684996e+002	  4.3944380e+002	 -1.6445165e+002	
  3.3203125e+000	  5.0257144e-003	 -1.9450786e+002	  1.1096677e+003	 -1.6642091e+002	
  3.3447266e+000	  6.9902986e-003	 -1.9648643e+002	  1.7416700e+003	 -1.6822946e+002	
  3.3691406e+000	  2.2213032e-003	 -1.9799197e+002	  2.0522465e+003	 -1.6990376e+002	
  3.3935547e+000	  4.5626802e-003	 -1.9718192e+002	  1.7651618e+003	 -1.7149919e+002	
  3.4179688e+000	  1.8531428e-003	 -1.9836697e+002	  1.0102088e+003	 -1.7305196e+002	
  3.4423828e+000	  2.7772331e-003	 -1.9977320e+002	  3.1705920e+002	 -1.7440250e+002	
  3.4667969e+000	  4.2959279e-003	 -2.0127170e+002	  1.5588221e+002	 -1.7504472e+002	
  3.4912109e+000	  7.7574439e-003	 -2.0308928e+002	  2.3679825e+002	 -1.7709409e+002	
  3.5156250e+000	  3.1566557e-003	 -2.0578691e+002	  3.5012731e+002	 -1.7920367e+002	
  3.5400391e+000	  8.9383538e-003	 -2.0807427e+002	  4.3457989e+002	 -1.8124127e+002	
  3.5644531e+000	  1.0328002e-002	 -2.0991506e+002	  5.9614532e+002	 -1.8323554e+002	
  3.5888672e+000	  2.3901618e-003	 -2.0748385e+002	  8.4272470e+002	 -1.8511142e+002	
  3.6132813e+000	  1.0468313e-002	 -2.0990739e+002	  1.0352661e+003	 -1.8694624e+002	
  3.6376953e+000	  5.2188038e-003	 -2.1157356e+002	  1.0397708e+003	 -1.8879057e+002	
  3.6621094e+000	  1.3153617e-003	 -2.1322072e+002	  8.2872369e+002	 -1.9066362e+002	
  3.6865234e+000	  4.0839736e-003	 -2.1496369e+002	  5.0580971e+002	 -1.9262034e+002	
  3.7109375e+000	  5.2286776e-003	 -2.1795819e+002	  2.4608839e+002	 -1.9479549e+002	
  3.7353516e+000	  3.7293890e-003	 -2.2080057e+002	  1.2309550e+002	 -1.9690225e+002	
  3.7597656e+000	  1.1238453e-002	 -2.2270086e+002	  1.3591067e+002	 -1.9748263e+002	
  3.7841797e+000	  6.9876750e-003	 -2.2461746e+002	  4.0786096e+002	 -1.9884508e+002	
  3.8085938e+000	  5.1317713e-003	 -2.2657081e+002	  7.3385681e+002	 -2.0050514e+002	
  3.8330078e+000	  7.6416994e-003	 -2.2841932e+002	  9.4935487e+002	 -2.0218583e+002	
  3.8574219e+000	  5.1944066e-003	 -2.2999664e+002	  9.3910427e+002	 -2.0390020e+002	
  3.8818359e+000	  3.3789337e-003	 -2.3104913e+002	  7.2979309e+002	 -2.0572306e+002	
  3.9062500e+000	  3.7914407e-003	 -2.3205786e+002	  4.8563454e+002	 -2.0774808e+002	
  3.9306641e+000	  1.0473632e-003	 -2.3378804e+002	  3.1060070e+002	 -2.0991962e+002	
  3.9550781e+000	  3.2681876e-003	 -2.3584570e+002	  1.5487933e+002	 -2.1229710e+002	
  3.9794922e+000	  2.9093954e-003	 -2.3721872e+002	  1.1908278e+002	 -2.1542011e+002	
  4.0039063e+000	  1.2513472e-003	 -2.3815299e+002	  8.3417374e+001	 -2.1824917e+002	
  4.0283203e+000	  5.9487088e-003	 -2.3948634e+002	  3.4428947e+002	 -2.1562941e+002	
  4.0527344e+000	  7.4938627e-003	 -2.4101466e+002	  9.9085699e+002	 -2.1753582e+002	
  4.0771484e+000	  3.5377999e-003	 -2.4251575e+002	  1.6152557e+003	 -2.1927842e+002	
  4.1015625e+000	  1.7182537e-003	 -2.4333387e+002	  1.7949696e+003	 -2.2094532e+002	
  4.1259766e+000	  2.9618828e-003	 -2.4392543e+002	  1.3881538e+003	 -2.2253464e+002	
  4.1503906e+000	  5.4754007e-003	 -2.4542033e+002	  7.3479519e+002	 -2.2411552e+002	
  4.1748047e+000	  5.3681701e-003	 -2.4700053e+002	  3.0680334e+002	 -2.2630967e+002	
  4.1992188e+000	  1.6578011e-003	 -2.4844324e+002	  2.6107850e+002	 -2.2900878e+002	
  4.2236328e+000	  2.7815500e-003	 -2.4973368e+002	  3.7365951e+002	 -2.2630783e+002	
  4.2480469e+000	  3.2864020e-003	 -2.5116590e+002	  5.8031452e+002	 -2.2823827e+002	
  4.2724609e+000	  5.7037849e-003	 -2.5281692e+002	  1.9020925e+003	 -2.2711996e+002	
  4.2968750e+000	  6.1875554e-003	 -2.5461741e+002	  8.6775675e+003	 -2.2868969e+002	
  4.3212891e+000	  5.2832834e-003	 -2.5647309e+002	  1.7578572e+004	 -2.3030999e+002	
  4.3457031e+000	  8.7197829e-003	 -2.5825708e+002	  2.3131814e+004	 -2.3193489e+002	
  4.3701172e+000	  1.1168881e-002	 -2.5987320e+002	  2.1328931e+004	 -2.3356173e+002	
  4.3945313e+000	  3.9542038e-003	 -2.6115784e+002	  1.3540334e+004	 -2.3519377e+002	
  4.4189453e+000	  7.8604176e-003	 -2.6205785e+002	  5.1114919e+003	 -2.3685238e+002	
  4.4433594e+000	  5.6088207e-003	 -2.6338792e+002	  4.1592701e+002	 -2.3918579e+002	
  4.4677734e+000	  3.0543015e-003	 -2.6513727e+002	  7.4715188e+002	 -2.3650702e+002	
  4.4921875e+000	  4.8408999e-003	 -2.6693325e+002	  3.5681162e+002	 -2.3770980e+002	
  4.5166016e+000	  4.6679301e-003	 -2.6846946e+002	  2.0194323e+002	 -2.3947836e+002	
  4.5410156e+000	  4.8915625e-003	 -2.6974856e+002	  6.0604735e+002	 -2.4217890e+002	
  4.5654297e+000	  4.3181156e-003	 -2.7089596e+002	  1.2778908e+003	 -2.4412894e+002	
  4.5898438e+000	  4.0420882e-003	 -2.7195704e+002	  1.8833358e+003	 -2.4592828e+002	
  4.6142578e+000	  4.4378826e-003	 -2.7302324e+002	  2.1120831e+003	 -2.4761635e+002	
  4.6386719e+000	  4.7348019e-003	 -2.7431141e+002	  1.7432182e+003	 -2.4924693e+002	
  4.6630859e+000	  1.5870737e-003	 -2.7604226e+002	  9.7386101e+002	 -2.5087155e+002	
  4.6875000e+000	  2.8064067e-003	 -2.7855360e+002	  3.0851960e+002	 -2.5250413e+002	
  4.7119141e+000	  3.5151935e-003	 -2.8069358e+002	  7.5457240e+001	 -2.5368848e+002	
  4.7363281e+000	  3.3494625e-003	 -2.8252669e+002	  1.5694914e+002	 -2.5531669e+002	
  4.7607422e+000	  6.0225658e-003	 -2.8435865e+002	  2.6599579e+002	 -2.5731806e+002	
  4.7851563e+000	  9.2958330e-003	 -2.8636643e+002	  3.9027962e+002	 -2.5938199e+002	
  4.8095703e+000	  3.9782874e-003	 -2.8897486e+002	  6.2813228e+002	 -2.6126140e+002	
  4.8339844e+000	  9.3709718e-003	 -2.9150943e+002	  9.0884549e+002	 -2.6298483e+002	
  4.8583984e+000	  7.8186146e-003	 -2.9357140e+002	  1.0643671e+003	 -2.6469845e+002	
  4.8828125e+000	  2.3106654e-003	 -2.9562085e+002	  9.8065017e+002	 -2.6645490e+002	
  4.9072266e+000	  4.1404700e-003	 -2.9756435e+002	  6.9576544e+002	 -2.6827163e+002	
  4.9316406e+000	  5.7555928e-003	 -2.9896801e+002	  3.6237993e+002	 -2.7019227e+002	
  4.9560547e+000	  7.2177264e-003	 -2.9946376e+002	  1.3439939e+002	 -2.7231791e+002	
  4.9804688e+000	  5.4991777e-003	 -3.0041542e+002	  5.1501883e+001	 -2.7367866e+002	
  5.0048828e+000	  1.0122050e-002	 -3.0185164e+002	  1.9512118e+002	 -2.7466838e+002	
  5.0292969e+000	  2.7960989e-003	 -3.0344796e+002	  4.5967754e+002	 -2.7641742e+002	
  5.0537109e+000	  5.8302111e-003	 -3.0491626e+002	  7.3016917e+002	 -2.7816603e+002	
  5.0781250e+000	  1.4747456e-003	 -3.0437060e+002	  8.9617241e+002	 -2.7989213e+002	
  5.1025391e+000	  6.1579035e-003	 -3.0585202e+002	  8.9288589e+002	 -2.8162753e+002	
  5.1269531e+000	  8.5092785e-003	 -3.0739842e+002	  7.4906929e+002	 -2.8341126e+002	
  5.1513672e+000	  1.0302548e-002	 -3.0889050e+002	  5.4787265e+002	 -2.8523974e+002	
  5.1757813e+000	  7.4948408e-003	 -3.1037117e+002	  3.2429282e+002	 -2.8701451e+002	
  5.2001953e+000	  1.9434527e-003	 -3.1193903e+002	  8.7670642e+001	 -2.8834746e+002	
  5.2246094e+000	  9.6855984e-004	 -3.1411621e+002	  1.2025925e+002	 -2.8790744e+002	
  5.2490234e+000	  1.4349353e-003	 -3.1098258e+002	  9.4784148e+001	 -2.9004047e+002	
  5.2734375e+000	  4.6794562e-003	 -3.1268991e+002	  3.7087568e+002	 -2.8728679e+002	
  5.2978516e+000	  6.5486661e-003	 -3.1418169e+002	  1.0413885e+003	 -2.8911352e+002	
  5.3222656e+000	  4.5097837e-003	 -3.1564574e+002	  1.6389349e+003	 -2.9081368e+002	
  5.3466797e+000	  5.1932969e-003	 -3.1718692e+002	  1.7501960e+003	 -2.9246816e+002	
  5.3710938e+000	  4.4184696e-003	 -3.1882141e+002	  1.2899193e+003	 -2.9409037e+002	
  5.3955078e+000	  4.8625846e-003	 -3.2049471e+002	  6.4224238e+002	 -2.9581381e+002	
  5.4199219e+000	  1.7032473e-003	 -3.2217497e+002	  3.5186171e+002	 -2.9821307e+002	
  5.4443359e+000	  4.6067676e-003	 -3.2411379e+002	  3.3756620e+002	 -3.0048018e+002	
  5.4687500e+000	  2.5983270e-003	 -3.2601157e+002	  2.6278659e+002	 -2.9756314e+002	
  5.4931641e+000	  9.1527161e-003	 -3.2784021e+002	  3.6850958e+002	 -2.9968075e+002	
  5.5175781e+000	  9.8579039e-003	 -3.2972585e+002	  1.7278892e+003	 -2.9851926e+002	
  5.5419922e+000	  3.7328093e-003	 -3.3185200e+002	  7.2054188e+003	 -3.0011769e+002	
  5.5664063e+000	  6.0934921e-003	 -3.3420826e+002	  1.4126946e+004	 -3.0174140e+002	
  5.5908203e+000	  3.4948323e-003	 -3.3612380e+002	  1.8150226e+004	 -3.0336724e+002	
  5.6152344e+000	  3.6646132e-003	 -3.3768068e+002	  1.6359961e+004	 -3.0499492e+002	
  5.6396484e+000	  4.9700869e-003	 -3.3919893e+002	  1.0112027e+004	 -3.0662891e+002	
  5.6640625e+000	  4.2135194e-003	 -3.4080371e+002	  3.6431595e+003	 -3.0829668e+002	
  5.6884766e+000	  3.0368361e-003	 -3.4224064e+002	  2.7315080e+002	 -3.1107661e+002	
  5.7128906e+000	  2.8222298e-003	 -3.4287106e+002	  6.1708123e+002	 -3.1415728e+002	
  5.7373047e+000	  4.6773981e-003	 -3.4457947e+002	  3.1311064e+002	 -3.1525803e+002	
  5.7617188e+000	  4.6867092e-003	 -3.4691964e+002	  1.3842383e+002	 -3.1707447e+002	
  5.7861328e+000	  5.3185638e-003	 -3.4956330e+002	  5.3998107e+002	 -3.2019631e+002	
  5.8105469e+000	  5.7497945e-003	 -3.5166047e+002	  1.3112759e+003	 -3.2205410e+002	
  5.8349609e+000	  6.3977059e-003	 -3.5338757e+002	  2.0056337e+003	 -3.2376510e+002	
  5.8593750e+000	  5.3407868e-003	 -3.5493353e+002	  2.2213891e+003	 -3.2539563e+002	
  5.8837891e+000	  8.1949869e-003	 -3.5641814e+002	  1.7776256e+003	 -3.2698243e+002	
  5.9082031e+000	  6.9975705e-003	 -3.5793549e+002	  9.5497862e+002	 -3.2852797e+002	
  5.9326172e+000	  1.3939601e-003	 -3.5947157e+002	  2.9940033e+002	 -3.2983923e+002	
  5.9570313e+000	  4.0725413e-003	 -3.5864239e+002	  1.5707715e+002	 -3.3062882e+002	
  5.9814453e+000	  2.9995412e-003	 -3.5983567e+002	  2.2205320e+002	 -3.3268917e+002	
  6.0058594e+000	  3.4143860e-003	 -3.6057093e+002	  3.3345052e+002	 -3.3482279e+002	
  6.0302734e+000	  8.0166907e-004	 -3.6106772e+002	  4.5187140e+002	 -3.3687224e+002	
  6.0546875e+000	  7.6473973e-003	 -3.6262287e+002	  6.4320292e+002	 -3.3882342e+002	
  6.0791016e+000	  1.0219575e-002	 -3.6433601e+002	  8.6790168e+002	 -3.4065168e+002	
  6.1035156e+000	  4.4662290e-003	 -3.6617903e+002	  9.8474477e+002	 -3.4243673e+002	
  6.1279297e+000	  4.1887856e-003	 -3.6844996e+002	  8.8926776e+002	 -3.4422959e+002	
  6.1523438e+000	  4.8679401e-003	 -3.7094375e+002	  6.0289862e+002	 -3.4606978e+002	
  6.1767578e+000	  7.5683918e-004	 -3.7265851e+002	  2.7233757e+002	 -3.4810428e+002	
  6.2011719e+000	  3.0879996e-003	 -3.7421301e+002	  1.0500369e+002	 -3.5092275e+002	
  6.2255859e+000	  4.5484568e-003	 -3.7590400e+002	  4.4694220e+001	 -3.5351352e+002	
  6.2500000e+000	  7.7439314e-003	 -3.7757179e+002	  1.5790679e+002	 -3.5216999e+002	
  6.2744141e+000	  4.8029902e-003	 -3.7905644e+002	  4.5740188e+002	 -3.5401061e+002	
  6.2988281e+000	  2.4388257e-003	 -3.8039793e+002	  7.4021430e+002	 -3.5578698e+002	
  6.3232422e+000	  7.7435837e-003	 -3.8181003e+002	  8.9551219e+002	 -3.5753609e+002	
  6.3476563e+000	  9.7282620e-003	 -3.8334797e+002	  8.6226356e+002	 -3.5929465e+002	
  6.3720703e+000	  4.1661302e-003	 -3.8488361e+002	  6.7916221e+002	 -3.6113340e+002	
  6.3964844e+000	  2.8262501e-003	 -3.8617828e+002	  4.7192510e+002	 -3.6314243e+002	
  6.4208984e+000	  2.8886261e-003	 -3.8747783e+002	  3.2379194e+002	 -3.6529106e+002	
  6.4453125e+000	  1.0011140e-002	 -3.8901127e+002	  1.8807382e+002	 -3.6752391e+002	
  6.4697266e+000	  1.2941997e-002	 -3.9058919e+002	  8.3831265e+001	 -3.7033817e+002	
  6.4941406e+000	  8.1523624e-003	 -3.9212747e+002	  5.4345309e+001	 -3.6831095e+002	
  6.5185547e+000	  4.5893174e-003	 -3.9359973e+002	  4.0207935e+002	 -3.7116204e+002	
  6.5429688e+000	  1.5994893e-003	 -3.9503855e+002	  1.0204110e+003	 -3.7303974e+002	
  6.5673828e+000	  1.5169896e-003	 -3.9680461e+002	  1.5686306e+003	 -3.7478373e+002	
  6.5917969e+000	  1.5918777e-003	 -3.9397484e+002	  1.6652554e+003	 -3.7646292e+002	
  6.6162109e+000	  4.2725443e-004	 -3.9632699e+002	  1.2539605e+003	 -3.7810259e+002	
  6.6406250e+000	  3.6949941e-004	 -3.9883904e+002	  6.9475195e+002	 -3.7982010e+002	
  6.6650391e+000	  1.7593108e-003	 -4.0038533e+002	  3.9995749e+002	 -3.8196659e+002	
  6.6894531e+000	  3.3878632e-003	 -4.0167646e+002	  2.8064177e+002	 -3.8423324e+002	
  6.7138672e+000	  4.9763028e-003	 -4.0306032e+002	  2.5219428e+002	 -3.8162185e+002	
  6.7382813e+000	  7.8539737e-003	 -4.0461815e+002	  3.5540006e+002	 -3.8346414e+002	
  6.7626953e+000	  6.0129954e-003	 -4.0653113e+002	  1.5500533e+003	 -3.8258807e+002	
  6.7871094e+000	  2.9835532e-003	 -4.0340082e+002	  6.1796510e+003	 -3.8413235e+002	
  6.8115234e+000	  9.5686737e-003	 -4.0550361e+002	  1.1804079e+004	 -3.8574711e+002	
  6.8359375e+000	  1.0306021e-002	 -4.0724117e+002	  1.4829091e+004	 -3.8737134e+002	
  6.8603516e+000	  7.0250486e-003	 -4.0895823e+002	  1.3067473e+004	 -3.8899927e+002	
  6.8847656e+000	  4.4089445e-003	 -4.1075335e+002	  7.8613352e+003	 -3.9063335e+002	
  6.9091797e+000	  4.2429593e-003	 -4.1268089e+002	  2.7071808e+003	 -3.9229817e+002	
  6.9335938e+000	  5.2948664e-003	 -4.1466769e+002	  1.7137203e+002	 -3.9536431e+002	
  6.9580078e+000	  3.4855201e-003	 -4.1660739e+002	  4.4702582e+002	 -3.9818015e+002	
  6.9824219e+000	  1.9462417e-003	 -4.1847794e+002	  2.1808937e+002	 -3.9916667e+002	
  7.0068359e+000	  4.1265641e-003	 -4.2023856e+002	  1.2810840e+002	 -4.0153383e+002	
  7.0312500e+000	  6.1471528e-003	 -4.2187864e+002	  6.3146827e+002	 -4.0417918e+002	
  7.0556641e+000	  3.5380487e-003	 -4.2348293e+002	  1.4197675e+003	 -4.0600399e+002	
  7.0800781e+000	  2.0314229e-003	 -4.2528657e+002	  2.1067913e+003	 -4.0772258e+002	
  7.1044922e+000	  5.4678501e-004	 -4.2736758e+002	  2.2978848e+003	 -4.0938116e+002	
  7.1289063e+000	  5.5004047e-003	 -4.2917688e+002	  1.8374621e+003	 -4.1101230e+002	
  7.1533203e+000	  8.2805007e-003	 -4.3076312e+002	  1.0255943e+003	 -4.1263003e+002	
  7.1777344e+000	  6.9510047e-003	 -4.3227855e+002	  3.8049785e+002	 -4.1415070e+002	
  7.2021484e+000	  5.8905913e-003	 -4.3376580e+002	  1.8628203e+002	 -4.1528633e+002	
  7.2265625e+000	  2.8348840e-003	 -4.3515817e+002	  2.4874994e+002	 -4.1691743e+002	
  7.2509766e+000	  2.7236957e-003	 -4.3469830e+002	  2.9594424e+002	 -4.1886084e+002	
  7.2753906e+000	  4.2569751e-003	 -4.3581528e+002	  3.4293840e+002	 -4.2100690e+002	
  7.2998047e+000	  2.5802450e-003	 -4.3747433e+002	  5.4281774e+002	 -4.2302302e+002	
  7.3242188e+000	  2.9899622e-003	 -4.3917166e+002	  8.3603314e+002	 -4.2477723e+002	
  7.3486328e+000	  2.3266127e-003	 -4.4061478e+002	  1.0308131e+003	 -4.2646209e+002	
  7.3730469e+000	  2.0229390e-003	 -4.4062359e+002	  9.6906582e+002	 -4.2816092e+002	
  7.3974609e+000	  3.7137684e-003	 -4.4217426e+002	  6.6300476e+002	 -4.2991816e+002	
  7.4218750e+000	  3.0758675e-003	 -4.4421743e+002	  3.0084699e+002	 -4.3184583e+002	
  7.4462891e+000	  5.2789235e-003	 -4.4628406e+002	  9.5085720e+001	 -4.3424944e+002	
  7.4707031e+000	  7.2673997e-003	 -4.4803291e+002	  4.3963982e+001	 -4.3498683e+002	
  7.4951172e+000	  1.8830505e-003	 -4.4932117e+002	  2.4878041e+002	 -4.3626647e+002	
  7.5195313e+000	  3.7201231e-003	 -4.5044955e+002	  5.3044846e+002	 -4.3809990e+002	
  7.5439453e+000	  8.0791228e-003	 -4.5190686e+002	  7.8291930e+002	 -4.3991781e+002	
  7.5683594e+000	  8.9406031e-003	 -4.5364556e+002	  9.0719556e+002	 -4.4169342e+002	
  7.5927734e+000	  1.7222996e-003	 -4.5601890e+002	  8.5472246e+002	 -4.4345691e+002	
  7.6171875e+000	  6.8296002e-003	 -4.5901680e+002	  6.8385964e+002	 -4.4527136e+002	
  7.6416016e+000	  7.0974033e-003	 -4.6125774e+002	  5.0480924e+002	 -4.4717458e+002	
  7.6660156e+000	  1.1805259e-003	 -4.5819229e+002	  3.4595232e+002	 -4.4909782e+002	
  7.6904297e+000	  8.2614196e-003	 -4.6056423e+002	  1.6550591e+002	 -4.5102282e+002	
  7.7148438e+000	  9.7843424e-003	 -4.6234320e+002	  1.8777158e+001	 -4.5345750e+002	
  7.7392578e+000	  3.5340729e-003	 -4.6392574e+002	  1.0914244e+002	 -4.5330170e+002	
  7.7636719e+000	  2.7902009e-003	 -4.6511514e+002	  5.4216239e+002	 -4.5530779e+002	
  7.7880859e+000	  2.9732895e-003	 -4.6583360e+002	  1.2002582e+003	 -4.5707886e+002	
  7.8125000e+000	  9.6645455e-003	 -4.6690254e+002	  1.7110427e+003	 -4.5878948e+002	
  7.8369141e+000	  1.0011392e-002	 -4.6805131e+002	  1.7154885e+003	 -4.6046500e+002	
  7.8613281e+000	  8.6308449e-003	 -4.6902391e+002	  1.2097314e+003	 -4.6212509e+002	
  7.8857422e+000	  9.3462306e-003	 -4.7006703e+002	  5.8213288e+002	 -4.6391554e+002	
  7.9101563e+000	  5.4230754e-003	 -4.7131469e+002	  2.9785814e+002	 -4.6637646e+002	
  7.9345703e+000	  1.4030100e-003	 -4.7256172e+002	  2.6614342e+002	 -4.6884177e+002	
  7.9589844e+000	  1.6150647e-003	 -4.7377078e+002	  3.0317018e+002	 -4.7188139e+002	
  7.9833984e+000	  6.4866606e-003	 -4.7520392e+002	  2.4891876e+002	 -4.7374575e+002	
  8.0078125e+000	  9.8913606e-003	 -4.7677651e+002	  1.5360554e+003	 -4.7280876e+002	
  8.0322266e+000	  5.9177337e-003	 -4.7833364e+002	  5.5960054e+003	 -4.7440620e+002	
  8.0566406e+000	  2.3504771e-003	 -4.7980788e+002	  1.0301798e+004	 -4.7603190e+002	
  8.0810547e+000	  4.0939514e-003	 -4.8124322e+002	  1.2619408e+004	 -4.7765903e+002	
  8.1054688e+000	  6.2651417e-003	 -4.8286369e+002	  1.0876645e+004	 -4.7928729e+002	
  8.1298828e+000	  2.0617245e-003	 -4.8483712e+002	  6.3885733e+003	 -4.8092252e+002	
  8.1542969e+000	  4.3725054e-003	 -4.8691478e+002	  2.1197270e+003	 -4.8260412e+002	
  8.1787109e+000	  5.8986626e-003	 -4.8886674e+002	  2.0825284e+002	 -4.7964034e+002	
  8.2031250e+000	  5.4607570e-003	 -4.9083715e+002	  4.2180638e+002	 -4.8204279e+002	
  8.2275391e+000	  3.1564483e-003	 -4.9323242e+002	  2.4370813e+002	 -4.8319451e+002	
  8.2519531e+000	  6.9199989e-003	 -4.9609574e+002	  1.6360013e+002	 -4.8572813e+002	
  8.2763672e+000	  6.5218108e-003	 -4.9834828e+002	  6.7542235e+002	 -4.8824771e+002	
  8.3007813e+000	  8.5796927e-003	 -5.0048927e+002	  1.4838805e+003	 -4.9005559e+002	
  8.3251953e+000	  6.4408074e-003	 -5.0280097e+002	  2.1798872e+003	 -4.9175289e+002	
  8.3496094e+000	  5.0491449e-003	 -5.0508590e+002	  2.3247907e+003	 -4.9339817e+002	
  8.3740234e+000	  6.9046744e-003	 -5.0721912e+002	  1.7703828e+003	 -4.9502062e+002	
  8.3984375e+000	  4.3390901e-004	 -5.0541172e+002	  8.7341080e+002	 -4.9661675e+002	
  8.4228516e+000	  1.0074116e-002	 -5.0709765e+002	  2.1459862e+002	 -4.9789108e+002	
  8.4472656e+000	  1.1522180e-002	 -5.0857946e+002	  1.5910660e+002	 -4.9840967e+002	
  8.4716797e+000	  8.1082232e-003	 -5.0984386e+002	  2.4308998e+002	 -5.0057440e+002	
  8.4960938e+000	  7.7143608e-003	 -5.1062680e+002	  3.2810081e+002	 -5.0275483e+002	
  8.5205078e+000	  5.0984945e-003	 -5.1097708e+002	  4.1996199e+002	 -5.0494088e+002	
  8.5449219e+000	  5.8316099e-003	 -5.1175414e+002	  6.4001871e+002	 -5.0697169e+002	
  8.5693359e+000	  4.8520308e-003	 -5.1258257e+002	  9.1561589e+002	 -5.0877541e+002	
  8.5937500e+000	  2.9989749e-003	 -5.1322683e+002	  1.0561839e+003	 -5.1050220e+002	
  8.6181641e+000	  7.0377561e-003	 -5.1413074e+002	  9.3796937e+002	 -5.1223244e+002	
  8.6425781e+000	  8.6252841e-003	 -5.1536449e+002	  6.0712699e+002	 -5.1400756e+002	
  8.6669922e+000	  7.4052859e-003	 -5.1674230e+002	  2.4290274e+002	 -5.1590662e+002	
  8.6914063e+000	  5.5800030e-003	 -5.1814177e+002	  2.5014869e+001	 -5.1895482e+002	
  8.7158203e+000	  3.3871358e-004	 -5.1910928e+002	  6.9253601e+001	 -5.1713889e+002	
  8.7402344e+000	  4.2596215e-003	 -5.1883822e+002	  2.1279135e+002	 -5.1994671e+002	
  8.7646484e+000	  4.9251473e-003	 -5.2030091e+002	  4.7087676e+002	 -5.2203181e+002	
  8.7890625e+000	  1.9089244e-003	 -5.2267915e+002	  7.2708876e+002	 -5.2389688e+002	
  8.8134766e+000	  4.1380006e-003	 -5.1984973e+002	  8.5753653e+002	 -5.2567718e+002	
  8.8378906e+000	  4.0298509e-003	 -5.2174690e+002	  8.0504845e+002	 -5.2744998e+002	
  8.8623047e+000	  2.5990210e-003	 -5.2358197e+002	  6.3318397e+002	 -5.2930128e+002	
  8.8867188e+000	  4.8468894e-003	 -5.2538280e+002	  4.6580978e+002	 -5.3128583e+002	
  8.9111328e+000	  9.4522765e-003	 -5.2714018e+002	  3.3771321e+002	 -5.3332155e+002	
  8.9355469e+000	  6.4702177e-003	 -5.2891080e+002	  1.9992711e+002	 -5.3540581e+002	
  8.9599609e+000	  2.7394015e-003	 -5.3109282e+002	  8.8007186e+001	 -5.3766782e+002	
  8.9843750e+000	  5.6067729e-003	 -5.3386599e+002	  1.0556986e+002	 -5.3785021e+002	
  9.0087891e+000	  1.8578940e-003	 -5.3524968e+002	  5.3142968e+002	 -5.3938625e+002	
  9.0332031e+000	  5.7821388e-003	 -5.3632263e+002	  1.1520765e+003	 -5.4109956e+002	
  9.0576172e+000	  3.9767178e-003	 -5.3762144e+002	  1.6183674e+003	 -5.4279161e+002	
  9.0820313e+000	  9.4923375e-004	 -5.3934383e+002	  1.6067875e+003	 -5.4445515e+002	
  9.1064453e+000	  1.8822383e-003	 -5.3669499e+002	  1.1310396e+003	 -5.4610574e+002	
  9.1308594e+000	  3.9019717e-003	 -5.3831624e+002	  5.5280071e+002	 -5.4789053e+002	
  9.1552734e+000	  9.4752290e-003	 -5.3980288e+002	  2.8319799e+002	 -5.5032862e+002	
  9.1796875e+000	  1.0491015e-002	 -5.4130170e+002	  2.4384446e+002	 -5.5283936e+002	
  9.2041016e+000	  6.3121502e-003	 -5.4282600e+002	  2.8176732e+002	 -5.5585263e+002	
  9.2285156e+000	  1.8298011e-003	 -5.4431058e+002	  1.9205919e+002	 -5.5756149e+002	
  9.2529297e+000	  1.1722393e-003	 -5.4462069e+002	  1.4986371e+003	 -5.5680788e+002	
  9.2773438e+000	  2.2911990e-003	 -5.4525364e+002	  5.1144484e+003	 -5.5840335e+002	
  9.3017578e+000	  6.5134856e-003	 -5.4704084e+002	  9.1242418e+003	 -5.6002833e+002	
  9.3261719e+000	  5.7694930e-003	 -5.4902677e+002	  1.0897330e+004	 -5.6165525e+002	
  9.3505859e+000	  4.2936107e-003	 -5.5087270e+002	  9.1516245e+003	 -5.6328395e+002	
  9.3750000e+000	  5.7747790e-003	 -5.5204819e+002	  5.1964929e+003	 -5.6492219e+002	
  9.3994141e+000	  3.3089070e-003	 -5.5284503e+002	  1.6055019e+003	 -5.6662580e+002	
  9.4238281e+000	  1.3057074e-002	 -5.5425231e+002	  2.4331302e+002	 -5.6400659e+002	
  9.4482422e+000	  1.4704782e-002	 -5.5588286e+002	  4.0951412e+002	 -5.6604040e+002	
  9.4726563e+000	  7.2154478e-003	 -5.5765931e+002	  2.5133427e+002	 -5.6736673e+002	
  9.4970703e+000	  4.6041636e-003	 -5.5964543e+002	  2.3776470e+002	 -5.6990385e+002	
  9.5214844e+000	  5.9983223e-003	 -5.6171902e+002	  7.6062479e+002	 -5.7222386e+002	
  9.5458984e+000	  4.9720236e-003	 -5.6354445e+002	  1.5675181e+003	 -5.7403754e+002	
  9.5703125e+000	  3.1052648e-003	 -5.6501884e+002	  2.2473678e+003	 -5.7573432e+002	
  9.5947266e+000	  7.6136534e-004	 -5.6583437e+002	  2.3519648e+003	 -5.7737988e+002	
  9.6191406e+000	  2.3825398e-003	 -5.6684310e+002	  1.7571034e+003	 -5.7900489e+002	
  9.6435547e+000	  6.5655285e-003	 -5.6837950e+002	  8.4974879e+002	 -5.8060806e+002	
  9.6679688e+000	  9.1738406e-003	 -5.7006893e+002	  2.0458522e+002	 -5.8192658e+002	
  9.6923828e+000	  7.2038171e-003	 -5.7190890e+002	  1.3837426e+002	 -5.8249398e+002	
  9.7167969e+000	  1.5128953e-003	 -5.7442592e+002	  2.2759924e+002	 -5.8469357e+002	
  9.7412109e+000	  6.2780113e-003	 -5.7701564e+002	  3.2888580e+002	 -5.8687741e+002	
  9.7656250e+000	  8.2799560e-003	 -5.7876979e+002	  4.6175400e+002	 -5.8904214e+002	
  9.7900391e+000	  6.5591202e-003	 -5.8030192e+002	  7.2718888e+002	 -5.9101237e+002	
  9.8144531e+000	  5.0604376e-003	 -5.8177374e+002	  1.0206627e+003	 -5.9278745e+002	
  9.8388672e+000	  4.7705400e-003	 -5.8329043e+002	  1.1409875e+003	 -5.9450598e+002	
  9.8632813e+000	  5.4430692e-003	 -5.8490718e+002	  9.7852012e+002	 -5.9623975e+002	
  9.8876953e+000	  4.0896351e-003	 -5.8660153e+002	  6.1526602e+002	 -5.9804194e+002	
  9.9121094e+000	  1.9881224e-003	 -5.8827775e+002	  2.6250701e+002	 -6.0003248e+002	
  9.9365234e+000	  2.0625507e-003	 -5.8968924e+002	  7.8369305e+001	 -6.0234759e+002	
  9.9609375e+000	  1.1290603e-003	 -5.9025527e+002	  6.7068576e+001	 -6.0254802e+002	
  9.9853516e+000	  3.7418447e-003	 -5.9135090e+002	  2.7573941e+002	 -6.0424262e+002	
  1.0009766e+001	  5.1628617e-003	 -5.9282719e+002	  5.3088006e+002	 -6.0609950e+002	
  1.0034180e+001	  5.6521639e-004	 -5.9201865e+002	  7.5130059e+002	 -6.0791811e+002	
  1.0058594e+001	  5.9509623e-003	 -5.9344949e+002	  8.5700811e+002	 -6.0969975e+002	
  1.0083008e+001	  4.7546204e-003	 -5.9527794e+002	  8.1123537e+002	 -6.1148393e+002	
  1.0107422e+001	  4.3883477e-003	 -5.9727662e+002	  6.6060095e+002	 -6.1332998e+002	
  1.0131836e+001	  3.4928386e-003	 -5.9927725e+002	  4.8974058e+002	 -6.1526973e+002	
  1.0156250e+001	  1.2961408e-003	 -6.0100041e+002	  3.2537039e+002	 -6.1727626e+002	
  1.0180664e+001	  3.5634263e-003	 -6.0246544e+002	  1.6385682e+002	 -6.1945394e+002	
  1.0205078e+001	  6.6972847e-003	 -6.0382062e+002	  6.7761332e+001	 -6.2195050e+002	
  1.0229492e+001	  5.3532815e-003	 -6.0518347e+002	  1.2168874e+002	 -6.2173496e+002	
  1.0253906e+001	  4.9089418e-003	 -6.0677677e+002	  5.7502730e+002	 -6.2339651e+002	
  1.0278320e+001	  3.2274093e-003	 -6.0982920e+002	  1.1834224e+003	 -6.2511637e+002	
  1.0302734e+001	  6.2057184e-003	 -6.1178257e+002	  1.6028835e+003	 -6.2680873e+002	
  1.0327148e+001	  1.0136982e-002	 -6.1335641e+002	  1.5492388e+003	 -6.2847380e+002	
  1.0351563e+001	  6.9643346e-003	 -6.1490764e+002	  1.0739707e+003	 -6.3013513e+002	
  1.0375977e+001	  3.0067140e-003	 -6.1645718e+002	  5.4051495e+002	 -6.3196179e+002	
  1.0400391e+001	  4.0844808e-003	 -6.1797616e+002	  3.2399832e+002	 -6.3433409e+002	
  1.0424805e+001	  6.3175251e-003	 -6.1943541e+002	  2.6906488e+002	 -6.3663129e+002	
  1.0449219e+001	  4.8241998e-003	 -6.2088386e+002	  2.1268559e+002	 -6.3960924e+002	
  1.0473633e+001	  2.8018790e-003	 -6.2256609e+002	  1.2760314e+002	 -6.4094403e+002	
  1.0498047e+001	  1.3781446e-003	 -6.2473429e+002	  1.5051953e+003	 -6.4082417e+002	
  1.0522461e+001	  4.7740651e-003	 -6.2657553e+002	  4.7566364e+003	 -6.4241452e+002	
  1.0546875e+001	  8.7890226e-003	 -6.2804011e+002	  8.2377062e+003	 -6.4403641e+002	
  1.0571289e+001	  6.7254495e-003	 -6.2924507e+002	  9.6311248e+003	 -6.4566189e+002	
  1.0595703e+001	  5.8948921e-003	 -6.3019164e+002	  7.9286111e+003	 -6.4729077e+002	
  1.0620117e+001	  8.3258641e-003	 -6.3122089e+002	  4.4006048e+003	 -6.4893353e+002	
  1.0644531e+001	  6.1746319e-003	 -6.3254947e+002	  1.3126701e+003	 -6.5067052e+002	
  1.0668945e+001	  3.2189026e-003	 -6.3417962e+002	  2.7421015e+002	 -6.4795733e+002	
  1.0693359e+001	  9.6831980e-004	 -6.3611186e+002	  3.9301746e+002	 -6.4987230e+002	
  1.0717773e+001	  6.0894211e-003	 -6.3797448e+002	  2.7549711e+002	 -6.5120638e+002	
  1.0742188e+001	  7.5921378e-003	 -6.3956321e+002	  2.4128986e+002	 -6.5382723e+002	
  1.0766602e+001	  3.5571047e-003	 -6.4084272e+002	  7.9703119e+002	 -6.5624291e+002	
  1.0791016e+001	  5.1016840e-003	 -6.4108706e+002	  1.6586361e+003	 -6.5805118e+002	
  1.0815430e+001	  4.1363191e-003	 -6.4192999e+002	  2.3467692e+003	 -6.5974081e+002	
  1.0839844e+001	  3.1639194e-003	 -6.4350745e+002	  2.3953343e+003	 -6.6138671e+002	
  1.0864258e+001	  2.2018076e-003	 -6.4548828e+002	  1.7292319e+003	 -6.6301810e+002	
  1.0888672e+001	  5.8528427e-003	 -6.4770690e+002	  7.9693660e+002	 -6.6463108e+002	
  1.0913086e+001	  5.5284628e-003	 -6.4972348e+002	  1.8119488e+002	 -6.6590756e+002	
  1.0937500e+001	  5.2487093e-003	 -6.5156356e+002	  1.5149620e+002	 -6.6658627e+002	
  1.0961914e+001	  5.0395590e-003	 -6.5331348e+002	  2.5573101e+002	 -6.6874500e+002	
  1.0986328e+001	  3.4178385e-003	 -6.5488300e+002	  3.4597274e+002	 -6.7088298e+002	
  1.1010742e+001	  7.3792205e-004	 -6.5596687e+002	  4.6270641e+002	 -6.7304949e+002	
  1.1035156e+001	  1.4164742e-003	 -6.5724895e+002	  7.1158185e+002	 -6.7502041e+002	
  1.1059570e+001	  6.2892505e-003	 -6.5885954e+002	  9.7906992e+002	 -6.7679224e+002	
  1.1083984e+001	  1.2816988e-002	 -6.6049911e+002	  1.0763881e+003	 -6.7850976e+002	
  1.1108398e+001	  9.4104198e-003	 -6.6209308e+002	  9.1176939e+002	 -6.8024390e+002	
  1.1132813e+001	  2.2174411e-003	 -6.6364457e+002	  5.6625964e+002	 -6.8204395e+002	
  1.1157227e+001	  3.0956288e-003	 -6.6525143e+002	  2.3122214e+002	 -6.8402752e+002	
  1.1181641e+001	  6.0680869e-003	 -6.6707670e+002	  5.3409637e+001	 -6.8645703e+002	
  1.1206055e+001	  5.4920154e-003	 -6.6905840e+002	  6.8421771e+001	 -6.8615070e+002	
  1.1230469e+001	  5.3550796e-003	 -6.7103983e+002	  2.7793572e+002	 -6.8813114e+002	
  1.1254883e+001	  3.1825342e-003	 -6.7359168e+002	  5.3014005e+002	 -6.9003409e+002	
  1.1279297e+001	  1.8875448e-003	 -6.7658978e+002	  7.4320942e+002	 -6.9188015e+002	
  1.1303711e+001	  7.5017324e-003	 -6.7845706e+002	  8.4390299e+002	 -6.9368551e+002	
  1.1328125e+001	  1.0256386e-002	 -6.8017749e+002	  8.0010477e+002	 -6.9547957e+002	
  1.1352539e+001	  2.3629350e-003	 -6.7783499e+002	  6.4881008e+002	 -6.9730605e+002	
  1.1376953e+001	  1.0789149e-002	 -6.8012885e+002	  4.5857897e+002	 -6.9919967e+002	
  1.1401367e+001	  1.1857480e-002	 -6.8187527e+002	  2.6487333e+002	 -7.0119612e+002	
  1.1425781e+001	  2.4383682e-003	 -6.8391102e+002	  1.0595533e+002	 -7.0366291e+002	
  1.1450195e+001	  6.8134782e-003	 -6.8702173e+002	  7.4424458e+001	 -7.0656196e+002	
  1.1474609e+001	  6.9962945e-003	 -6.8919236e+002	  1.0608546e+002	 -7.0578142e+002	
  1.1499023e+001	  6.0007497e-003	 -6.9105336e+002	  5.7723108e+002	 -7.0743598e+002	
  1.1523438e+001	  6.9553858e-003	 -6.9295718e+002	  1.1805937e+003	 -7.0913770e+002	
  1.1547852e+001	  6.3779992e-003	 -6.9491632e+002	  1.5697972e+003	 -7.1081798e+002	
  1.1572266e+001	  6.4436759e-003	 -6.9678828e+002	  1.4884556e+003	 -7.1247819e+002	
  1.1596680e+001	  5.3570772e-003	 -6.9840127e+002	  1.0188709e+003	 -7.1415192e+002	
  1.1621094e+001	  1.5374332e-003	 -6.9883435e+002	  5.2497177e+002	 -7.1603543e+002	
  1.1645508e+001	  7.0168950e-003	 -6.9965180e+002	  3.4722807e+002	 -7.1840038e+002	
  1.1669922e+001	  5.3146465e-003	 -7.0114529e+002	  2.7339142e+002	 -7.2067440e+002	
  1.1694336e+001	  1.3242830e-003	 -7.0256753e+002	  2.2337933e+002	 -7.2368341e+002	
  1.1718750e+001	  2.7839740e-004	 -7.0332186e+002	  1.1912324e+002	 -7.2500130e+002	
  1.1743164e+001	  3.6811368e-003	 -7.0412561e+002	  1.4458114e+003	 -7.2481489e+002	
  1.1767578e+001	  5.2434675e-003	 -7.0566421e+002	  4.4448158e+003	 -7.2641242e+002	
  1.1791992e+001	  5.4809921e-003	 -7.0749802e+002	  7.5099572e+003	 -7.2803672e+002	
  1.1816406e+001	  2.6627291e-003	 -7.0977694e+002	  8.5763919e+003	 -7.2966292e+002	
  1.1840820e+001	  7.0539498e-003	 -7.1255049e+002	  6.8853053e+003	 -7.3129083e+002	
  1.1865234e+001	  6.6357801e-003	 -7.1471522e+002	  3.6977213e+003	 -7.3292897e+002	
  1.1889648e+001	  8.1878977e-003	 -7.1647749e+002	  1.0216544e+003	 -7.3465089e+002	
  1.1914063e+001	  5.5850841e-003	 -7.1789022e+002	  2.4043323e+002	 -7.3221020e+002	
  1.1938477e+001	  5.8609836e-003	 -7.1866130e+002	  3.3594544e+002	 -7.3392954e+002	
  1.1962891e+001	  9.2374096e-003	 -7.1947097e+002	  2.2865518e+002	 -7.3527942e+002	
  1.1987305e+001	  4.3427147e-003	 -7.2045765e+002	  2.5575245e+002	 -7.3813810e+002	
  1.2011719e+001	  5.9163622e-003	 -7.2070207e+002	  9.0566845e+002	 -7.4033591e+002	
  1.2036133e+001	  5.1598986e-003	 -7.2173106e+002	  1.8258051e+003	 -7.4208609e+002	
  1.2060547e+001	  5.9327199e-003	 -7.2333635e+002	  2.5111546e+003	 -7.4375071e+002	
  1.2084961e+001	  8.1602763e-003	 -7.2514187e+002	  2.4907514e+003	 -7.4538336e+002	
  1.2109375e+001	  1.1896587e-002	 -7.2698525e+002	  1.7420983e+003	 -7.4700303e+002	
  1.2133789e+001	  1.1868288e-002	 -7.2879716e+002	  7.7198768e+002	 -7.4858998e+002	
  1.2158203e+001	  3.0869965e-003	 -7.3089397e+002	  1.7933494e+002	 -7.4974304e+002	
  1.2182617e+001	  8.3322985e-003	 -7.2855246e+002	  1.6795526e+002	 -7.5061740e+002	
  1.2207031e+001	  1.1495032e-002	 -7.3024101e+002	  2.7150370e+002	 -7.5275641e+002	
  1.2231445e+001	  6.4955797e-003	 -7.3166935e+002	  3.5124068e+002	 -7.5483692e+002	
  1.2255859e+001	  5.9008510e-003	 -7.3288351e+002	  4.4578130e+002	 -7.5699340e+002	
  1.2280273e+001	  4.4030863e-003	 -7.3447931e+002	  6.8862154e+002	 -7.5899810e+002	
  1.2304688e+001	  5.8846998e-003	 -7.3642151e+002	  9.7249636e+002	 -7.6079356e+002	
  1.2329102e+001	  1.3806805e-002	 -7.3825184e+002	  1.0889197e+003	 -7.6252698e+002	
  1.2353516e+001	  9.0779082e-003	 -7.3997075e+002	  9.3206121e+002	 -7.6427160e+002	
  1.2377930e+001	  1.8958614e-003	 -7.4161842e+002	  5.8570382e+002	 -7.6607288e+002	
  1.2402344e+001	  2.8799890e-003	 -7.4318195e+002	  2.5092989e+002	 -7.6800545e+002	
  1.2426758e+001	  1.0002460e-002	 -7.4463302e+002	  7.1196393e+001	 -7.6989064e+002	
  1.2451172e+001	  9.3107804e-003	 -7.4588694e+002	  1.2015876e+002	 -7.7051628e+002	
  1.2475586e+001	  2.9304616e-003	 -7.4685980e+002	  3.3521091e+002	 -7.7229843e+002	
  1.2500000e+001	  7.8922715e-003	 -7.4801283e+002	  5.7829027e+002	 -7.7414781e+002	
  1.2524414e+001	  8.6732467e-003	 -7.4952270e+002	  7.6370743e+002	 -7.7596210e+002	
  1.2548828e+001	  7.7011590e-003	 -7.5125993e+002	  8.2292422e+002	 -7.7774625e+002	
  1.2573242e+001	  3.0675513e-003	 -7.5334542e+002	  7.4327266e+002	 -7.7954283e+002	
  1.2597656e+001	  1.3657240e-003	 -7.5613836e+002	  5.8977116e+002	 -7.8141950e+002	
  1.2622070e+001	  5.5398526e-003	 -7.5829350e+002	  4.4443686e+002	 -7.8340192e+002	
  1.2646484e+001	  8.6932385e-003	 -7.6002164e+002	  3.0825576e+002	 -7.8543672e+002	
  1.2670898e+001	  6.4830698e-003	 -7.6160015e+002	  1.6042293e+002	 -7.8765129e+002	
  1.2695313e+001	  6.8593669e-004	 -7.6304744e+002	  6.6889713e+001	 -7.9023754e+002	
  1.2719727e+001	  2.8432933e-003	 -7.6449256e+002	  1.2765912e+002	 -7.8963592e+002	
  1.2744141e+001	  2.7625413e-003	 -7.6615603e+002	  5.9985403e+002	 -7.9139708e+002	
  1.2768555e+001	  8.6860708e-003	 -7.6787084e+002	  1.1962953e+003	 -7.9312277e+002	
  1.2792969e+001	  8.9582014e-003	 -7.6956382e+002	  1.5624680e+003	 -7.9480719e+002	
  1.2817383e+001	  1.0335528e-003	 -7.7133441e+002	  1.4545561e+003	 -7.9645962e+002	
  1.2841797e+001	  7.9335795e-003	 -7.6968826e+002	  9.7649707e+002	 -7.9810469e+002	
  1.2866211e+001	  7.7149664e-003	 -7.7141039e+002	  4.7950427e+002	 -7.9989966e+002	
  1.2890625e+001	  1.3091632e-003	 -7.6969697e+002	  2.5267156e+002	 -8.0223515e+002	
  1.2915039e+001	  8.9980224e-003	 -7.7158504e+002	  1.6799867e+002	 -8.0475671e+002	
  1.2939453e+001	  8.8857955e-003	 -7.7341732e+002	  2.0106314e+002	 -8.0164611e+002	
  1.2963867e+001	  6.9085964e-003	 -7.7530834e+002	  9.8553398e+001	 -8.0214328e+002	
  1.2988281e+001	  9.0499266e-003	 -7.7717227e+002	  1.4982775e+003	 -8.0253992e+002	
  1.3012695e+001	  1.1511523e-002	 -7.7894732e+002	  4.2810469e+003	 -8.0413863e+002	
  1.3037109e+001	  1.1002445e-002	 -7.8067764e+002	  6.9850842e+003	 -8.0576044e+002	
  1.3061523e+001	  6.5048048e-003	 -7.8244033e+002	  7.7816190e+003	 -8.0738506e+002	
  1.3085938e+001	  3.7380927e-003	 -7.8423994e+002	  6.1142049e+003	 -8.0901330e+002	
  1.3110352e+001	  5.3742373e-003	 -7.8595122e+002	  3.2124109e+003	 -8.1065805e+002	
  1.3134766e+001	  7.2984777e-003	 -7.8753285e+002	  8.6194834e+002	 -8.1242706e+002	
  1.3159180e+001	  6.4070885e-003	 -7.8913254e+002	  2.5889934e+002	 -8.0988324e+002	
  1.3183594e+001	  2.2119996e-003	 -7.9096765e+002	  3.4010651e+002	 -8.1167771e+002	
  1.3208008e+001	  3.2496670e-003	 -7.9310740e+002	  2.5062517e+002	 -8.1331106e+002	
  1.3232422e+001	  6.5079200e-003	 -7.9525221e+002	  3.6794596e+002	 -8.1593838e+002	
  1.3256836e+001	  2.8672838e-003	 -7.9788758e+002	  1.0251201e+003	 -8.1803373e+002	
  1.3281250e+001	  4.8107294e-003	 -8.0058431e+002	  1.9425134e+003	 -8.1979630e+002	
  1.3305664e+001	  7.7742806e-003	 -8.0234846e+002	  2.6119008e+003	 -8.2146839e+002	
  1.3330078e+001	  4.5996270e-003	 -8.0378303e+002	  2.5521444e+003	 -8.2310475e+002	
  1.3354492e+001	  3.0126745e-003	 -8.0409050e+002	  1.7592072e+003	 -8.2472131e+002	
  1.3378906e+001	  4.3332076e-003	 -8.0474873e+002	  7.7104829e+002	 -8.2627945e+002	
  1.3403320e+001	  5.3459524e-003	 -8.0619154e+002	  2.0313370e+002	 -8.2733175e+002	
  1.3427734e+001	  5.1209064e-003	 -8.0766767e+002	  1.8435866e+002	 -8.2839437e+002	
  1.3452148e+001	  1.9941917e-003	 -8.0858912e+002	  2.4720315e+002	 -8.3060064e+002	
  1.3476563e+001	  3.6673026e-003	 -8.0910135e+002	  3.1187895e+002	 -8.3284594e+002	
  1.3500977e+001	  7.0681706e-003	 -8.1060334e+002	  4.6623757e+002	 -8.3503655e+002	
  1.3525391e+001	  6.3630503e-003	 -8.1236215e+002	  7.6503386e+002	 -8.3690938e+002	
  1.3549805e+001	  4.0891979e-003	 -8.1427843e+002	  1.0539854e+003	 -8.3861849e+002	
  1.3574219e+001	  3.7004130e-003	 -8.1628391e+002	  1.1348388e+003	 -8.4030859e+002	
  1.3598633e+001	  6.4822101e-003	 -8.1822541e+002	  9.2329408e+002	 -8.4202605e+002	
  1.3623047e+001	  9.0647624e-003	 -8.2007270e+002	  5.3134483e+002	 -8.4379231e+002	
  1.3647461e+001	  7.2333866e-003	 -8.2188138e+002	  1.7556243e+002	 -8.4562849e+002	
  1.3671875e+001	  3.3673709e-003	 -8.2368196e+002	  2.8868395e+001	 -8.4599841e+002	
  1.3696289e+001	  1.6666553e-003	 -8.2545083e+002	  1.4550464e+002	 -8.4780123e+002	
  1.3720703e+001	  4.3691894e-004	 -8.2670382e+002	  3.4408546e+002	 -8.4989731e+002	
  1.3745117e+001	  1.9587878e-003	 -8.2660382e+002	  5.5644814e+002	 -8.5182592e+002	
  1.3769531e+001	  2.4215497e-003	 -8.2862057e+002	  7.1664006e+002	 -8.5368873e+002	
  1.3793945e+001	  8.6879987e-004	 -8.3065037e+002	  7.8991665e+002	 -8.5551619e+002	
  1.3818359e+001	  3.6757893e-003	 -8.3229827e+002	  7.6846405e+002	 -8.5733384e+002	
  1.3842773e+001	  2.3369201e-003	 -8.3366166e+002	  6.7136954e+002	 -8.5916925e+002	
  1.3867188e+001	  4.1134373e-003	 -8.3495580e+002	  5.2151479e+002	 -8.6103718e+002	
  1.3891602e+001	  2.5907766e-003	 -8.3332328e+002	  3.3038549e+002	 -8.6296683e+002	
  1.3916016e+001	  5.2396075e-003	 -8.3487786e+002	  1.4552495e+002	 -8.6514865e+002	
  1.3940430e+001	  7.8713619e-003	 -8.3653829e+002	  4.9170679e+001	 -8.6746743e+002	
  1.3964844e+001	  4.4195801e-003	 -8.3826916e+002	  1.9108072e+002	 -8.6739350e+002	
  1.3989258e+001	  4.2562689e-003	 -8.3994972e+002	  6.8146090e+002	 -8.6909697e+002	
  1.4013672e+001	  1.9161887e-003	 -8.4132875e+002	  1.2570057e+003	 -8.7081109e+002	
  1.4038086e+001	  5.0375778e-003	 -8.4252207e+002	  1.5751365e+003	 -8.7250085e+002	
  1.4062500e+001	  6.9167592e-003	 -8.4392553e+002	  1.4243112e+003	 -8.7417573e+002	
  1.4086914e+001	  4.3986848e-003	 -8.4553786e+002	  9.3205001e+002	 -8.7588671e+002	
  1.4111328e+001	  1.2736766e-003	 -8.4750819e+002	  4.7242321e+002	 -8.7787211e+002	
  1.4135742e+001	  1.0493502e-003	 -8.4992368e+002	  3.4493456e+002	 -8.8027258e+002	
  1.4160156e+001	  4.6373910e-003	 -8.5183602e+002	  2.7867959e+002	 -8.8251959e+002	
  1.4184570e+001	  8.1974993e-003	 -8.5347802e+002	  2.3099980e+002	 -8.8524322e+002	
  1.4208984e+001	  8.0409392e-003	 -8.5511352e+002	  1.7046413e+002	 -8.8594683e+002	
  1.4233398e+001	  4.7753676e-003	 -8.5691050e+002	  1.4869443e+003	 -8.8655718e+002	
  1.4257813e+001	  2.1980989e-003	 -8.5910216e+002	  4.0654930e+003	 -8.8813477e+002	
  1.4282227e+001	  5.7396137e-003	 -8.6138921e+002	  6.4823122e+003	 -8.8975245e+002	
  1.4306641e+001	  9.2071056e-003	 -8.6330205e+002	  7.0894597e+003	 -8.9137642e+002	
  1.4331055e+001	  7.7443063e-003	 -8.6496453e+002	  5.4699051e+003	 -8.9300475e+002	
  1.4355469e+001	  1.8781304e-003	 -8.6607962e+002	  2.7998496e+003	 -8.9464764e+002	
  1.4379883e+001	  6.6013456e-003	 -8.6647607e+002	  6.7687192e+002	 -8.9641152e+002	
  1.4404297e+001	  7.5482838e-003	 -8.6840904e+002	  2.8833057e+002	 -8.9416349e+002	
  1.4428711e+001	  3.5102728e-003	 -8.6558707e+002	  3.7618479e+002	 -8.9578976e+002	
  1.4453125e+001	  1.1489242e-002	 -8.6743833e+002	  2.9396915e+002	 -8.9731701e+002	
  1.4477539e+001	  1.2201566e-002	 -8.6910670e+002	  3.6069730e+002	 -8.9984485e+002	
  1.4501953e+001	  4.3562694e-003	 -8.7068256e+002	  1.0217128e+003	 -9.0203321e+002	
  1.4526367e+001	  4.8211661e-003	 -8.7129277e+002	  1.9871582e+003	 -9.0379558e+002	
  1.4550781e+001	  6.6791546e-003	 -8.7087282e+002	  2.6611952e+003	 -9.0546305e+002	
  1.4575195e+001	  3.2386632e-003	 -8.7134506e+002	  2.5392805e+003	 -9.0710393e+002	
  1.4599609e+001	  5.2403979e-003	 -8.7173915e+002	  1.6690187e+003	 -9.0874143e+002	
  1.4624023e+001	  8.2935648e-003	 -8.7310988e+002	  6.5043889e+002	 -9.1037088e+002	
  1.4648438e+001	  5.1220010e-003	 -8.7456737e+002	  8.8570526e+001	 -9.1143278e+002	
  1.4672852e+001	  7.9770131e-004	 -8.7586956e+002	  1.2497371e+002	 -9.1231476e+002	
  1.4697266e+001	  3.9268536e-003	 -8.7598292e+002	  2.5410303e+002	 -9.1465757e+002	
  1.4721680e+001	  1.9357562e-003	 -8.7752212e+002	  3.5067156e+002	 -9.1675239e+002	
  1.4746094e+001	  2.5787951e-003	 -8.8007335e+002	  4.8330174e+002	 -9.1890260e+002	
  1.4770508e+001	  3.2288427e-003	 -8.8161056e+002	  7.7142302e+002	 -9.2083543e+002	
  1.4794922e+001	  7.6230755e-003	 -8.8296633e+002	  1.0631478e+003	 -9.2257630e+002	
  1.4819336e+001	  1.0746081e-002	 -8.8423858e+002	  1.1343900e+003	 -9.2426949e+002	
  1.4843750e+001	  5.7437341e-003	 -8.8526039e+002	  8.9667412e+002	 -9.2597610e+002	
  1.4868164e+001	  7.9255167e-003	 -8.8558594e+002	  4.7828616e+002	 -9.2774631e+002	
  1.4892578e+001	  6.5420382e-003	 -8.8652690e+002	  1.2264029e+002	 -9.2984421e+002	
  1.4916992e+001	  4.4960120e-003	 -8.8797077e+002	  5.1265320e+001	 -9.2740806e+002	
  1.4941406e+001	  6.7421927e-003	 -8.8957036e+002	  5.5354864e+001	 -9.2547869e+002	
  1.4965820e+001	  1.2325612e-002	 -8.9120209e+002	  2.7319731e+002	 -9.2778551e+002	
  1.4990234e+001	  7.1287067e-003	 -8.9274259e+002	  5.4069857e+002	 -9.2968144e+002	
  1.5014648e+001	  4.6169083e-003	 -8.9377841e+002	  7.8160941e+002	 -9.3150068e+002	
  1.5039063e+001	  6.0391000e-003	 -8.9441641e+002	  9.1698750e+002	 -9.3326992e+002	
  1.5063477e+001	  2.1441082e-003	 -8.9581785e+002	  8.9225921e+002	 -9.3502042e+002	
  1.5087891e+001	  4.7237885e-003	 -8.9731253e+002	  7.2344972e+002	 -9.3679233e+002	
  1.5112305e+001	  6.3686152e-003	 -8.9837942e+002	  4.7932670e+002	 -9.3862547e+002	
  1.5136719e+001	  5.7393431e-003	 -8.9871508e+002	  2.2609715e+002	 -9.4060713e+002	
  1.5161133e+001	  9.2131418e-003	 -8.9990471e+002	  7.1201677e+001	 -9.4371968e+002	
  1.5185547e+001	  8.1395330e-003	 -9.0146583e+002	  9.3869980e+001	 -9.4654274e+002	
  1.5209961e+001	  1.9761898e-003	 -9.0378633e+002	  1.1805179e+002	 -9.4496725e+002	
  1.5234375e+001	  7.5390259e-003	 -9.0653360e+002	  6.1527341e+002	 -9.4683731e+002	
  1.5258789e+001	  4.6486701e-003	 -9.0824936e+002	  1.1981773e+003	 -9.4855592e+002	
  1.5283203e+001	  3.0065040e-003	 -9.0983796e+002	  1.5236466e+003	 -9.5023832e+002	
  1.5307617e+001	  8.3197938e-004	 -9.0796919e+002	  1.3861154e+003	 -9.5190399e+002	
  1.5332031e+001	  4.6511683e-003	 -9.0954741e+002	  9.1601855e+002	 -9.5360470e+002	
  1.5356445e+001	  7.5882802e-003	 -9.1098660e+002	  4.7328111e+002	 -9.5556719e+002	
  1.5380859e+001	  3.7467622e-003	 -9.1229251e+002	  3.3433014e+002	 -9.5794250e+002	
  1.5405273e+001	  3.8537854e-003	 -9.1354650e+002	  2.5620585e+002	 -9.6023252e+002	
  1.5429688e+001	  4.0476857e-003	 -9.1512770e+002	  2.1552815e+002	 -9.6302713e+002	
  1.5454102e+001	  4.8742347e-003	 -9.1703710e+002	  1.5071083e+002	 -9.6356593e+002	
  1.5478516e+001	  6.6657341e-003	 -9.1900476e+002	  1.4356547e+003	 -9.6426254e+002	
  1.5502930e+001	  2.2784238e-003	 -9.2098234e+002	  3.8384997e+003	 -9.6585313e+002	
  1.5527344e+001	  2.4183349e-003	 -9.2342318e+002	  6.0025526e+003	 -9.6747516e+002	
  1.5551758e+001	  2.9701525e-003	 -9.2143051e+002	  6.4356730e+003	 -9.6910203e+002	
  1.5576172e+001	  1.6192796e-003	 -9.2422669e+002	  4.8502111e+003	 -9.7073540e+002	
  1.5600586e+001	  4.6695130e-003	 -9.2629914e+002	  2.4018819e+003	 -9.7239786e+002	
  1.5625000e+001	  6.8762976e-003	 -9.2807010e+002	  5.6371191e+002	 -9.7432357e+002	
  1.5649414e+001	  7.3318870e-003	 -9.2976446e+002	  3.3662329e+002	 -9.7154005e+002	
  1.5673828e+001	  6.0463007e-003	 -9.3152207e+002	  3.8340005e+002	 -9.7310240e+002	
  1.5698242e+001	  4.2783852e-003	 -9.3349062e+002	  2.8950880e+002	 -9.7463007e+002	
  1.5722656e+001	  5.1834959e-003	 -9.3557468e+002	  3.2652261e+002	 -9.7765768e+002	
  1.5747070e+001	  1.0402810e-002	 -9.3748206e+002	  1.1406669e+003	 -9.7981497e+002	
  1.5771484e+001	  9.5168418e-003	 -9.3923488e+002	  2.2067265e+003	 -9.8153721e+002	
  1.5795898e+001	  5.1557172e-003	 -9.4089561e+002	  2.8847435e+003	 -9.8319168e+002	
  1.5820313e+001	  1.8172817e-003	 -9.4222360e+002	  2.6856350e+003	 -9.8482957e+002	
  1.5844727e+001	  3.0062741e-003	 -9.4162886e+002	  1.7189259e+003	 -9.8646987e+002	
  1.5869141e+001	  8.0547289e-003	 -9.4315984e+002	  6.3637270e+002	 -9.8811630e+002	
  1.5893555e+001	  5.7531975e-003	 -9.4483376e+002	  4.7339286e+001	 -9.8900437e+002	
  1.5917969e+001	  4.7085664e-003	 -9.4335804e+002	  1.0583616e+002	 -9.8966585e+002	
  1.5942383e+001	  9.5996666e-003	 -9.4503018e+002	  2.1360757e+002	 -9.9232060e+002	
  1.5966797e+001	  4.8049384e-003	 -9.4663079e+002	  3.2021935e+002	 -9.9448810e+002	
  1.5991211e+001	  1.2797321e-003	 -9.4814479e+002	  4.7626441e+002	 -9.9664722e+002	
  1.6015625e+001	  4.8356830e-003	 -9.4971275e+002	  7.8694609e+002	 -9.9856415e+002	
  1.6040039e+001	  8.6445078e-003	 -9.5161488e+002	  1.0987801e+003	 -1.0003025e+003	
  1.6064453e+001	  3.5962695e-003	 -9.5373454e+002	  1.1874358e+003	 -1.0019994e+003	
  1.6088867e+001	  9.2218821e-003	 -9.5556409e+002	  9.6070810e+002	 -1.0037090e+003	
  1.6113281e+001	  1.1261539e-002	 -9.5713527e+002	  5.4176554e+002	 -1.0054686e+003	
  1.6137695e+001	  1.1507053e-002	 -9.5854466e+002	  1.6717273e+002	 -1.0073973e+003	
  1.6162109e+001	  7.9421098e-003	 -9.5978835e+002	  1.6438556e+001	 -1.0048944e+003	
  1.6186523e+001	  5.2645279e-003	 -9.6032396e+002	  8.1165868e+001	 -1.0033091e+003	
  1.6210938e+001	  6.4992016e-003	 -9.6070100e+002	  2.9775610e+002	 -1.0054735e+003	
  1.6235352e+001	  2.6422990e-003	 -9.6247081e+002	  5.6084242e+002	 -1.0073590e+003	
  1.6259766e+001	  4.1068215e-003	 -9.6461702e+002	  7.8031517e+002	 -1.0091678e+003	
  1.6284180e+001	  7.6425925e-003	 -9.6627255e+002	  8.7891860e+002	 -1.0109394e+003	
  1.6308594e+001	  6.0031481e-003	 -9.6762059e+002	  8.2497859e+002	 -1.0127134e+003	
  1.6333008e+001	  5.9311647e-003	 -9.6889653e+002	  6.5825114e+002	 -1.0145369e+003	
  1.6357422e+001	  6.4807037e-003	 -9.7023408e+002	  4.5114649e+002	 -1.0164471e+003	
  1.6381836e+001	  1.3003354e-003	 -9.7150327e+002	  2.4836871e+002	 -1.0185013e+003	
  1.6406250e+001	  5.2298301e-003	 -9.7074753e+002	  1.0792318e+002	 -1.0210910e+003	
  1.6430664e+001	  4.6407368e-003	 -9.7267295e+002	  6.7416832e+001	 -1.0236304e+003	
  1.6455078e+001	  3.2719484e-003	 -9.6999839e+002	  1.6537140e+002	 -1.0230077e+003	
  1.6479492e+001	  7.3104460e-003	 -9.7185746e+002	  6.5151123e+002	 -1.0246498e+003	
  1.6503906e+001	  4.3783225e-003	 -9.7379480e+002	  1.1998751e+003	 -1.0263381e+003	
  1.6528320e+001	  6.8749937e-004	 -9.7630550e+002	  1.4820477e+003	 -1.0280121e+003	
  1.6552734e+001	  3.4297590e-003	 -9.7860711e+002	  1.3193550e+003	 -1.0296797e+003	
  1.6577148e+001	  8.0580466e-003	 -9.8036183e+002	  8.5875535e+002	 -1.0313987e+003	
  1.6601563e+001	  9.8403637e-003	 -9.8191228e+002	  4.5650710e+002	 -1.0334031e+003	
  1.6625977e+001	  5.8100169e-003	 -9.8330174e+002	  3.4628713e+002	 -1.0357157e+003	
  1.6650391e+001	  3.8566454e-003	 -9.8449415e+002	  2.5720036e+002	 -1.0378771e+003	
  1.6674805e+001	  6.1776146e-003	 -9.8563821e+002	  1.5893983e+002	 -1.0405322e+003	
  1.6699219e+001	  4.5938361e-003	 -9.8702638e+002	  2.1286333e+002	 -1.0406773e+003	
  1.6723633e+001	  2.1443703e-003	 -9.8881584e+002	  1.5286670e+003	 -1.0419507e+003	
  1.6748047e+001	  8.0710199e-004	 -9.9112416e+002	  3.7649190e+003	 -1.0435646e+003	
  1.6772461e+001	  5.1026661e-003	 -9.9320836e+002	  5.6674606e+003	 -1.0451913e+003	
  1.6796875e+001	  7.7693578e-003	 -9.9495729e+002	  5.9146899e+003	 -1.0468193e+003	
  1.6821289e+001	  3.2864352e-003	 -9.9656925e+002	  4.3521312e+003	 -1.0484531e+003	
  1.6845703e+001	  1.5799433e-003	 -9.9807014e+002	  2.1025795e+003	 -1.0501180e+003	
  1.6870117e+001	  1.4047483e-003	 -9.9951765e+002	  4.8326385e+002	 -1.0520736e+003	
  1.6894531e+001	  6.4460786e-003	 -1.0009958e+003	  3.0797296e+002	 -1.0491968e+003	
  1.6918945e+001	  6.6870426e-003	 -1.0024342e+003	  3.5597910e+002	 -1.0507368e+003	
  1.6943359e+001	  4.3091268e-003	 -1.0037140e+003	  2.7251426e+002	 -1.0523461e+003	
  1.6967773e+001	  3.8217925e-003	 -1.0049032e+003	  3.6639383e+002	 -1.0554875e+003	
  1.6992188e+001	  3.9790117e-003	 -1.0062546e+003	  1.2548660e+003	 -1.0575561e+003	
  1.7016602e+001	  7.3010163e-003	 -1.0077485e+003	  2.3645847e+003	 -1.0592603e+003	
  1.7041016e+001	  7.6387687e-003	 -1.0092608e+003	  3.0264873e+003	 -1.0609038e+003	
  1.7065430e+001	  2.3034365e-003	 -1.0090665e+003	  2.7614596e+003	 -1.0625294e+003	
  1.7089844e+001	  8.8864478e-003	 -1.0095252e+003	  1.7330145e+003	 -1.0641466e+003	
  1.7114258e+001	  7.3974562e-003	 -1.0111916e+003	  6.3578592e+002	 -1.0657171e+003	
  1.7138672e+001	  2.9914973e-003	 -1.0133869e+003	  1.0423487e+002	 -1.0663930e+003	
  1.7163086e+001	  5.9803519e-003	 -1.0157405e+003	  1.4037219e+002	 -1.0676646e+003	
  1.7187500e+001	  7.8759508e-003	 -1.0174825e+003	  2.4769188e+002	 -1.0700989e+003	
  1.7211914e+001	  7.6521791e-003	 -1.0191361e+003	  3.4607114e+002	 -1.0722324e+003	
  1.7236328e+001	  9.3400068e-004	 -1.0211353e+003	  4.9526538e+002	 -1.0743695e+003	
  1.7260742e+001	  6.2352840e-003	 -1.0184087e+003	  7.8906524e+002	 -1.0762856e+003	
  1.7285156e+001	  5.0000867e-003	 -1.0207119e+003	  1.0715387e+003	 -1.0780323e+003	
  1.7309570e+001	  4.4596017e-003	 -1.0227561e+003	  1.1291163e+003	 -1.0797391e+003	
  1.7333984e+001	  9.8643740e-003	 -1.0245950e+003	  8.8811300e+002	 -1.0814627e+003	
  1.7358398e+001	  8.1366749e-003	 -1.0262573e+003	  4.8202828e+002	 -1.0832567e+003	
  1.7382813e+001	  5.5588660e-003	 -1.0278719e+003	  1.4411568e+002	 -1.0853390e+003	
  1.7407227e+001	  8.4546555e-003	 -1.0295429e+003	  3.0945986e+001	 -1.0824135e+003	
  1.7431641e+001	  1.4006393e-002	 -1.0312657e+003	  8.3532203e+001	 -1.0811482e+003	
  1.7456055e+001	  1.3478628e-002	 -1.0329720e+003	  3.0347875e+002	 -1.0831892e+003	
  1.7480469e+001	  6.0350736e-003	 -1.0345991e+003	  5.5061755e+002	 -1.0850570e+003	
  1.7504883e+001	  1.8033586e-003	 -1.0360833e+003	  7.4874946e+002	 -1.0868653e+003	
  1.7529297e+001	  4.5821942e-003	 -1.0372997e+003	  8.3197708e+002	 -1.0886375e+003	
  1.7553711e+001	  1.2733744e-003	 -1.0375931e+003	  7.7498043e+002	 -1.0904108e+003	
  1.7578125e+001	  3.9844533e-003	 -1.0383803e+003	  6.1923791e+002	 -1.0922326e+003	
  1.7602539e+001	  3.0040535e-003	 -1.0402886e+003	  4.3223083e+002	 -1.0941276e+003	
  1.7626953e+001	  4.6625439e-003	 -1.0421637e+003	  2.4224743e+002	 -1.0960924e+003	
  1.7651367e+001	  8.0201379e-003	 -1.0438773e+003	  7.3843495e+001	 -1.0983759e+003	
  1.7675781e+001	  7.9393135e-003	 -1.0455038e+003	  1.3855697e+001	 -1.0962160e+003	
  1.7700195e+001	  4.8334864e-003	 -1.0470768e+003	  2.0250565e+002	 -1.0941835e+003	
  1.7724609e+001	  6.8675617e-004	 -1.0486982e+003	  6.7485822e+002	 -1.0960327e+003	
  1.7749023e+001	  3.7294758e-003	 -1.0468281e+003	  1.2018451e+003	 -1.0977601e+003	
  1.7773438e+001	  4.0860517e-003	 -1.0482625e+003	  1.4586152e+003	 -1.0994452e+003	
  1.7797852e+001	  5.3311285e-003	 -1.0495805e+003	  1.2809997e+003	 -1.1011140e+003	
  1.7822266e+001	  7.4453351e-003	 -1.0505661e+003	  8.2450263e+002	 -1.1028284e+003	
  1.7846680e+001	  4.4742498e-003	 -1.0512820e+003	  4.2989515e+002	 -1.1048282e+003	
  1.7871094e+001	  9.6041954e-003	 -1.0525133e+003	  3.1704696e+002	 -1.1071846e+003	
  1.7895508e+001	  1.1321256e-002	 -1.0540481e+003	  2.4358832e+002	 -1.1094405e+003	
  1.7919922e+001	  7.3953716e-003	 -1.0556976e+003	  1.7923158e+002	 -1.1119972e+003	
  1.7944336e+001	  4.6484369e-003	 -1.0573478e+003	  2.4204396e+002	 -1.1121419e+003	
  1.7968750e+001	  2.8351186e-003	 -1.0588681e+003	  1.5340056e+003	 -1.1133934e+003	
  1.7993164e+001	  5.1275363e-003	 -1.0602869e+003	  3.6381831e+003	 -1.1150030e+003	
  1.8017578e+001	  3.0549036e-003	 -1.0619679e+003	  5.3376137e+003	 -1.1166304e+003	
  1.8041992e+001	  1.0147674e-003	 -1.0649445e+003	  5.4424398e+003	 -1.1182602e+003	
  1.8066406e+001	  3.6163718e-003	 -1.0674213e+003	  3.8991097e+003	 -1.1198969e+003	
  1.8090820e+001	  7.2787105e-003	 -1.0692813e+003	  1.8008985e+003	 -1.1215681e+003	
  1.8115234e+001	  9.5707028e-003	 -1.0711249e+003	  3.4981725e+002	 -1.1236203e+003	
  1.8139648e+001	  5.7658465e-003	 -1.0731197e+003	  3.1165418e+002	 -1.1208387e+003	
  1.8164063e+001	  3.9171517e-003	 -1.0750896e+003	  3.2632425e+002	 -1.1223270e+003	
  1.8188477e+001	  3.3677428e-003	 -1.0766777e+003	  2.2816377e+002	 -1.1240014e+003	
  1.8212891e+001	  1.2591949e-002	 -1.0780947e+003	  4.1977273e+002	 -1.1271081e+003	
  1.8237305e+001	  1.9412546e-002	 -1.0795031e+003	  1.3489746e+003	 -1.1290450e+003	
  1.8261719e+001	  1.2586699e-002	 -1.0809128e+003	  2.4716119e+003	 -1.1307244e+003	
  1.8286133e+001	  7.8650102e-003	 -1.0823130e+003	  3.1079018e+003	 -1.1323584e+003	
  1.8310547e+001	  4.1620446e-003	 -1.0837475e+003	  2.7867378e+003	 -1.1339786e+003	
  1.8334961e+001	  5.0994385e-003	 -1.0853269e+003	  1.7089305e+003	 -1.1355860e+003	
  1.8359375e+001	  4.7586565e-003	 -1.0870838e+003	  5.9914650e+002	 -1.1371049e+003	
  1.8383789e+001	  4.0211546e-003	 -1.0888720e+003	  1.3745455e+002	 -1.1374662e+003	
  1.8408203e+001	  2.1422380e-003	 -1.0905858e+003	  1.8150423e+002	 -1.1389529e+003	
  1.8432617e+001	  5.9282762e-003	 -1.0922145e+003	  2.4580945e+002	 -1.1414198e+003	
  1.8457031e+001	  8.1200551e-003	 -1.0937677e+003	  3.2929645e+002	 -1.1436791e+003	
  1.8481445e+001	  6.5213982e-003	 -1.0952655e+003	  5.0096428e+002	 -1.1458486e+003	
  1.8505859e+001	  4.3361224e-003	 -1.0968029e+003	  8.1217281e+002	 -1.1477350e+003	
  1.8530273e+001	  2.6373171e-003	 -1.0985561e+003	  1.0887716e+003	 -1.1494683e+003	
  1.8554688e+001	  4.7674101e-003	 -1.1002425e+003	  1.1249869e+003	 -1.1511764e+003	
  1.8579102e+001	  7.5430082e-003	 -1.1014248e+003	  8.6241522e+002	 -1.1529109e+003	
  1.8603516e+001	  5.4263817e-003	 -1.1018994e+003	  4.4646513e+002	 -1.1547280e+003	
  1.8627930e+001	  8.1733549e-003	 -1.1030105e+003	  1.1365874e+002	 -1.1569413e+003	
  1.8652344e+001	  1.4017266e-002	 -1.1044637e+003	  4.6862057e+001	 -1.1545143e+003	
  1.8676758e+001	  1.2552628e-002	 -1.1059921e+003	  8.7544509e+001	 -1.1524203e+003	
  1.8701172e+001	  5.3468025e-003	 -1.1074642e+003	  3.1996355e+002	 -1.1546504e+003	
  1.8725586e+001	  2.6905634e-003	 -1.1084900e+003	  5.8930132e+002	 -1.1565374e+003	
  1.8750000e+001	  5.3512780e-003	 -1.1089151e+003	  8.0183061e+002	 -1.1583418e+003	
  1.8774414e+001	  4.0628016e-003	 -1.1100553e+003	  8.8204628e+002	 -1.1601101e+003	
  1.8798828e+001	  3.2990840e-003	 -1.1112790e+003	  8.0672414e+002	 -1.1618878e+003	
  1.8823242e+001	  4.4204254e-003	 -1.1125101e+003	  6.2526220e+002	 -1.1637284e+003	
  1.8847656e+001	  5.1406124e-003	 -1.1139423e+003	  4.1520069e+002	 -1.1656759e+003	
  1.8872070e+001	  4.0437739e-003	 -1.1155077e+003	  2.2032478e+002	 -1.1677943e+003	
  1.8896484e+001	  3.7753147e-003	 -1.1169973e+003	  9.1486679e+001	 -1.1704948e+003	
  1.8920898e+001	  2.4178853e-003	 -1.1182220e+003	  3.5388875e+001	 -1.1735974e+003	
  1.8945313e+001	  5.1804872e-003	 -1.1193172e+003	  2.2242142e+002	 -1.1718177e+003	
  1.8969727e+001	  6.4332170e-003	 -1.1204700e+003	  7.0403201e+002	 -1.1736891e+003	
  1.8994141e+001	  1.4156977e-003	 -1.1213460e+003	  1.1991729e+003	 -1.1754356e+003	
  1.9018555e+001	  4.8976001e-003	 -1.1215652e+003	  1.4079487e+003	 -1.1771396e+003	
  1.9042969e+001	  3.1619551e-003	 -1.1221017e+003	  1.2052101e+003	 -1.1788336e+003	
  1.9067383e+001	  1.8514091e-003	 -1.1228542e+003	  7.6238041e+002	 -1.1805950e+003	
  1.9091797e+001	  6.1792795e-003	 -1.1239311e+003	  4.0671204e+002	 -1.1826741e+003	
  1.9116211e+001	  6.3150079e-003	 -1.1251107e+003	  3.0720369e+002	 -1.1850476e+003	
  1.9140625e+001	  4.4731269e-003	 -1.1260927e+003	  2.3565457e+002	 -1.1874369e+003	
  1.9165039e+001	  6.2554554e-003	 -1.1268937e+003	  2.2438114e+002	 -1.1899564e+003	
  1.9189453e+001	  4.7890837e-003	 -1.1280057e+003	  2.3055284e+002	 -1.1900076e+003	
  1.9213867e+001	  4.1682188e-003	 -1.1293624e+003	  1.5084550e+003	 -1.1911330e+003	
  1.9238281e+001	  6.9385118e-003	 -1.1308393e+003	  3.5041339e+003	 -1.1927301e+003	
  1.9262695e+001	  8.3724074e-003	 -1.1324319e+003	  5.0266929e+003	 -1.1943535e+003	
  1.9287109e+001	  3.6197432e-003	 -1.1348487e+003	  5.0194002e+003	 -1.1959832e+003	
  1.9311523e+001	  6.3648590e-003	 -1.1318874e+003	  3.5258399e+003	 -1.1976253e+003	
  1.9335938e+001	  1.1889335e-002	 -1.1335689e+003	  1.6023797e+003	 -1.1993211e+003	
  1.9360352e+001	  8.5457125e-003	 -1.1351171e+003	  3.4747022e+002	 -1.2015107e+003	
  1.9384766e+001	  8.8004525e-004	 -1.1364291e+003	  3.1783121e+002	 -1.2046386e+003	
  1.9409180e+001	  3.0505849e-003	 -1.1371957e+003	  3.3364473e+002	 -1.2061620e+003	
  1.9433594e+001	  3.2555519e-003	 -1.1384741e+003	  2.4010480e+002	 -1.2079564e+003	
  1.9458008e+001	  7.1965798e-003	 -1.1401604e+003	  4.8153419e+002	 -1.2110861e+003	
  1.9482422e+001	  6.8397794e-003	 -1.1419031e+003	  1.4896915e+003	 -1.2130170e+003	
  1.9506836e+001	  2.6218468e-003	 -1.1436373e+003	  2.6635600e+003	 -1.2147046e+003	
  1.9531250e+001	  2.2811300e-003	 -1.1454565e+003	  3.2773793e+003	 -1.2163478e+003	
  1.9555664e+001	  3.9900530e-003	 -1.1441188e+003	  2.8729686e+003	 -1.2179802e+003	
  1.9580078e+001	  2.1548491e-003	 -1.1464668e+003	  1.7193165e+003	 -1.2196113e+003	
  1.9604492e+001	  3.3237980e-003	 -1.1488549e+003	  5.9144508e+002	 -1.2212098e+003	
  1.9628906e+001	  4.0080268e-003	 -1.1507844e+003	  9.7617631e+001	 -1.2219252e+003	
  1.9653320e+001	  2.9884481e-003	 -1.1526249e+003	  1.6683540e+002	 -1.2233885e+003	
  1.9677734e+001	  2.1761171e-003	 -1.1545448e+003	  3.0103823e+002	 -1.2255922e+003	
  1.9702148e+001	  3.8431162e-003	 -1.1564300e+003	  3.8300393e+002	 -1.2276822e+003	
  1.9726563e+001	  5.1260330e-003	 -1.1580964e+003	  5.4235603e+002	 -1.2298334e+003	
  1.9750977e+001	  1.8259386e-003	 -1.1596296e+003	  8.6759798e+002	 -1.2317328e+003	
  1.9775391e+001	  3.7866932e-003	 -1.1612685e+003	  1.1578273e+003	 -1.2334613e+003	
  1.9799805e+001	  4.1906427e-003	 -1.1630371e+003	  1.1889155e+003	 -1.2351510e+003	
  1.9824219e+001	  7.9868653e-003	 -1.1647524e+003	  9.1103046e+002	 -1.2368472e+003	
  1.9848633e+001	  7.3041236e-003	 -1.1663122e+003	  4.8551687e+002	 -1.2385652e+003	
  1.9873047e+001	  5.0196682e-003	 -1.1676177e+003	  1.4294978e+002	 -1.2402509e+003	
  1.9897461e+001	  5.4596362e-003	 -1.1685078e+003	  4.9548949e+001	 -1.2407378e+003	
  1.9921875e+001	  4.9989669e-003	 -1.1694512e+003	  1.5159407e+002	 -1.2428180e+003	
  1.9946289e+001	  5.9948956e-003	 -1.1707165e+003	  3.4950100e+002	 -1.2449091e+003	
  1.9970703e+001	  4.3677726e-003	 -1.1720491e+003	  5.8489302e+002	 -1.2468233e+003	
  1.9995117e+001	  1.3493457e-003	 -1.1732772e+003	  7.8176311e+002	 -1.2486523e+003	
  2.0019531e+001	  2.4159550e-003	 -1.1744686e+003	  8.6439406e+002	 -1.2504364e+003	
  2.0043945e+001	  5.6318036e-003	 -1.1758453e+003	  8.0008269e+002	 -1.2522202e+003	
  2.0068359e+001	  3.9539606e-003	 -1.1773767e+003	  6.2871294e+002	 -1.2540521e+003	
  2.0092773e+001	  7.7881991e-004	 -1.1789455e+003	  4.2235751e+002	 -1.2559667e+003	
  2.0117188e+001	  1.8125235e-003	 -1.1804506e+003	  2.2603901e+002	 -1.2580004e+003	
  2.0141602e+001	  3.6425107e-003	 -1.1817439e+003	  8.1183552e+001	 -1.2603791e+003	
  2.0166016e+001	  1.1078102e-003	 -1.1808850e+003	  2.1728369e+001	 -1.2607788e+003	
  2.0190430e+001	  5.0870428e-003	 -1.1814624e+003	  2.8968447e+002	 -1.2622600e+003	
  2.0214844e+001	  3.6682772e-003	 -1.1827292e+003	  7.7643919e+002	 -1.2640449e+003	
  2.0239258e+001	  7.3169978e-003	 -1.1842905e+003	  1.2579658e+003	 -1.2657680e+003	
  2.0263672e+001	  7.0540197e-003	 -1.1860625e+003	  1.4416632e+003	 -1.2674600e+003	
  2.0288086e+001	  8.1063297e-003	 -1.1879729e+003	  1.2186795e+003	 -1.2691479e+003	
  2.0312500e+001	  1.0633489e-002	 -1.1899499e+003	  7.7315237e+002	 -1.2709118e+003	
  2.0336914e+001	  5.7541368e-003	 -1.1919473e+003	  4.2892892e+002	 -1.2729869e+003	
  2.0361328e+001	  3.3388382e-003	 -1.1938935e+003	  3.2689906e+002	 -1.2753019e+003	
  2.0385742e+001	  5.5235212e-003	 -1.1956458e+003	  2.3490439e+002	 -1.2776365e+003	
  2.0410156e+001	  3.6049993e-003	 -1.1968919e+003	  1.8598121e+002	 -1.2801516e+003	
  2.0434570e+001	  5.3259966e-003	 -1.1966015e+003	  2.7520824e+002	 -1.2800061e+003	
  2.0458984e+001	  5.4324566e-003	 -1.1974017e+003	  1.5745098e+003	 -1.2813707e+003	
  2.0483398e+001	  5.3126367e-003	 -1.1983522e+003	  3.4778993e+003	 -1.2829927e+003	
  2.0507813e+001	  5.3578941e-003	 -1.1995250e+003	  4.8383762e+003	 -1.2846259e+003	
  2.0532227e+001	  3.3722988e-003	 -1.2010133e+003	  4.7078294e+003	 -1.2862615e+003	
  2.0556641e+001	  3.3111276e-003	 -1.2027508e+003	  3.2201081e+003	 -1.2879092e+003	
  2.0581055e+001	  6.0997735e-003	 -1.2046488e+003	  1.4141666e+003	 -1.2896188e+003	
  2.0605469e+001	  5.1534100e-003	 -1.2066772e+003	  3.1014656e+002	 -1.2919437e+003	
  2.0629883e+001	  3.0597920e-003	 -1.2040552e+003	  3.4232143e+002	 -1.2948465e+003	
  2.0654297e+001	  6.4333008e-003	 -1.2066077e+003	  3.7700417e+002	 -1.2963279e+003	
  2.0678711e+001	  5.6085251e-003	 -1.2084553e+003	  2.7369767e+002	 -1.2981156e+003	
  2.0703125e+001	  2.9839943e-003	 -1.2101629e+003	  5.0471004e+002	 -1.2950977e+003	
  2.0727539e+001	  6.5673323e-004	 -1.2114195e+003	  1.6011179e+003	 -1.2970327e+003	
  2.0751953e+001	  2.8643078e-003	 -1.2105379e+003	  2.8259002e+003	 -1.2987127e+003	
  2.0776367e+001	  2.9247725e-003	 -1.2118819e+003	  3.4045947e+003	 -1.3003508e+003	
  2.0800781e+001	  6.5916771e-003	 -1.2133173e+003	  2.9015603e+003	 -1.3019793e+003	
  2.0825195e+001	  8.3150444e-003	 -1.2148834e+003	  1.6542990e+003	 -1.3036037e+003	
  2.0849609e+001	  3.7929403e-003	 -1.2167365e+003	  4.8541086e+002	 -1.3051564e+003	
  2.0874023e+001	  3.0219009e-003	 -1.2192311e+003	  1.2266524e+002	 -1.3048911e+003	
  2.0898438e+001	  6.3413556e-003	 -1.2213262e+003	  1.9317712e+002	 -1.3068521e+003	
  2.0922852e+001	  4.7532780e-003	 -1.2226925e+003	  2.7911788e+002	 -1.3093177e+003	
  2.0947266e+001	  2.4584004e-003	 -1.2235061e+003	  3.5581393e+002	 -1.3115498e+003	
  2.0971680e+001	  6.7576383e-003	 -1.2246380e+003	  5.3441146e+002	 -1.3137867e+003	
  2.0996094e+001	  9.4677339e-003	 -1.2260830e+003	  8.8567087e+002	 -1.3157206e+003	
  2.1020508e+001	  6.4672033e-003	 -1.2276253e+003	  1.1796171e+003	 -1.3174785e+003	
  2.1044922e+001	  1.1336470e-003	 -1.2292264e+003	  1.1821250e+003	 -1.3192039e+003	
  2.1069336e+001	  4.7903313e-003	 -1.2275481e+003	  8.5958707e+002	 -1.3209601e+003	
  2.1093750e+001	  5.2360573e-003	 -1.2290627e+003	  4.0642396e+002	 -1.3228368e+003	
  2.1118164e+001	  5.2329622e-003	 -1.2304874e+003	  9.6645990e+001	 -1.3254166e+003	
  2.1142578e+001	  5.7207458e-003	 -1.2318076e+003	  6.8491876e+001	 -1.3227528e+003	
  2.1166992e+001	  5.4490482e-003	 -1.2331003e+003	  1.0929095e+002	 -1.3202159e+003	
  2.1191406e+001	  6.1251114e-003	 -1.2344957e+003	  3.2033940e+002	 -1.3225396e+003	
  2.1215820e+001	  4.6329823e-003	 -1.2359558e+003	  5.5720887e+002	 -1.3244754e+003	
  2.1240234e+001	  2.2309893e-003	 -1.2370647e+003	  7.4656001e+002	 -1.3262961e+003	
  2.1264648e+001	  1.8893750e-003	 -1.2378542e+003	  8.1938085e+002	 -1.3280587e+003	
  2.1289063e+001	  6.3153810e-003	 -1.2394196e+003	  7.4484070e+002	 -1.3298210e+003	
  2.1313477e+001	  1.1121567e-002	 -1.2412098e+003	  5.6259613e+002	 -1.3316465e+003	
  2.1337891e+001	  8.3152271e-003	 -1.2430250e+003	  3.4900438e+002	 -1.3335884e+003	
  2.1362305e+001	  5.8178816e-003	 -1.2447295e+003	  1.5536138e+002	 -1.3357468e+003	
  2.1386719e+001	  3.0774262e-003	 -1.2450442e+003	  5.7513647e+001	 -1.3327066e+003	
  2.1411133e+001	  7.2400953e-003	 -1.2460378e+003	  3.4720113e+001	 -1.3299584e+003	
  2.1435547e+001	  7.0116918e-003	 -1.2478530e+003	  2.6320492e+002	 -1.3273213e+003	
  2.1459961e+001	  2.0780766e-003	 -1.2497651e+003	  7.4094291e+002	 -1.3291826e+003	
  2.1484375e+001	  2.5161898e-003	 -1.2516250e+003	  1.1942843e+003	 -1.3309142e+003	
  2.1508789e+001	  4.9366480e-003	 -1.2533730e+003	  1.3466670e+003	 -1.3325999e+003	
  2.1533203e+001	  4.4047343e-003	 -1.2551890e+003	  1.1183048e+003	 -1.3342680e+003	
  2.1557617e+001	  5.4128444e-004	 -1.2573003e+003	  6.9804361e+002	 -1.3359871e+003	
  2.1582031e+001	  3.6383363e-003	 -1.2593641e+003	  3.6817070e+002	 -1.3379868e+003	
  2.1606445e+001	  9.1731499e-003	 -1.2612817e+003	  2.5316293e+002	 -1.3403362e+003	
  2.1630859e+001	  9.1304057e-003	 -1.2632994e+003	  1.8596970e+002	 -1.3428302e+003	
  2.1655273e+001	  5.7725346e-003	 -1.2655935e+003	  1.8490019e+002	 -1.3452270e+003	
  2.1679688e+001	  1.0710471e-002	 -1.2677223e+003	  3.3052055e+002	 -1.3452959e+003	
  2.1704102e+001	  8.7288974e-003	 -1.2694857e+003	  1.5688795e+003	 -1.3465810e+003	
  2.1728516e+001	  5.0184261e-003	 -1.2710515e+003	  3.3282334e+003	 -1.3481726e+003	
  2.1752930e+001	  6.2135106e-003	 -1.2725233e+003	  4.5149698e+003	 -1.3497931e+003	
  2.1777344e+001	  4.8162691e-003	 -1.2738988e+003	  4.2937067e+003	 -1.3514227e+003	
  2.1801758e+001	  1.4645735e-003	 -1.2745139e+003	  2.8592224e+003	 -1.3530679e+003	
  2.1826172e+001	  5.0361809e-003	 -1.2752374e+003	  1.2028404e+003	 -1.3547768e+003	
  2.1850586e+001	  5.8346519e-003	 -1.2771421e+003	  2.3285098e+002	 -1.3571544e+003	
  2.1875000e+001	  2.7766108e-003	 -1.2797928e+003	  2.6571751e+002	 -1.3600850e+003	
  2.1899414e+001	  6.7541517e-003	 -1.2821663e+003	  2.6772178e+002	 -1.3614949e+003	
  2.1923828e+001	  6.2163737e-003	 -1.2842045e+003	  1.6743104e+002	 -1.3635809e+003	
  2.1948242e+001	  2.6195915e-003	 -1.2862178e+003	  6.3021495e+002	 -1.3667097e+003	
  2.1972656e+001	  3.8214101e-003	 -1.2883047e+003	  1.8074887e+003	 -1.3684971e+003	
  2.1997070e+001	  2.3332876e-003	 -1.2904721e+003	  3.0583809e+003	 -1.3701569e+003	
  2.2021484e+001	  1.1968568e-003	 -1.2926273e+003	  3.5930453e+003	 -1.3717913e+003	
  2.2045898e+001	  2.5505426e-003	 -1.2946936e+003	  3.0025946e+003	 -1.3734195e+003	
  2.2070313e+001	  5.4486532e-003	 -1.2968207e+003	  1.6874315e+003	 -1.3750435e+003	
  2.2094727e+001	  1.3770630e-003	 -1.2990891e+003	  5.0588159e+002	 -1.3765948e+003	
  2.2119141e+001	  5.4214261e-003	 -1.3008872e+003	  1.1163696e+002	 -1.3766680e+003	
  2.2143555e+001	  2.6682631e-003	 -1.3023296e+003	  1.7804124e+002	 -1.3785666e+003	
  2.2167969e+001	  7.8857142e-003	 -1.3038846e+003	  2.7021207e+002	 -1.3809632e+003	
  2.2192383e+001	  9.1653964e-003	 -1.3056016e+003	  3.4760459e+002	 -1.3832254e+003	
  2.2216797e+001	  8.2367314e-003	 -1.3073578e+003	  5.6900048e+002	 -1.3854052e+003	
  2.2241211e+001	  1.0048518e-002	 -1.3090393e+003	  9.4256679e+002	 -1.3872376e+003	
  2.2265625e+001	  8.8823398e-003	 -1.3106123e+003	  1.2270201e+003	 -1.3889298e+003	
  2.2290039e+001	  9.3216752e-003	 -1.3120903e+003	  1.2056363e+003	 -1.3906047e+003	
  2.2314453e+001	  2.1049230e-003	 -1.3133629e+003	  8.6463220e+002	 -1.3923069e+003	
  2.2338867e+001	  6.3848601e-003	 -1.3133818e+003	  4.1024487e+002	 -1.3940878e+003	
  2.2363281e+001	  4.5594984e-003	 -1.3151847e+003	  9.5237785e+001	 -1.3961574e+003	
  2.2387695e+001	  4.7758269e-003	 -1.3176110e+003	  1.5424197e+001	 -1.3964003e+003	
  2.2412109e+001	  8.9956406e-003	 -1.3194504e+003	  1.6733179e+002	 -1.3984518e+003	
  2.2436523e+001	  5.1776310e-003	 -1.3210875e+003	  3.8789221e+002	 -1.4003852e+003	
  2.2460938e+001	  1.1720396e-003	 -1.3225361e+003	  6.0226418e+002	 -1.4022535e+003	
  2.2485352e+001	  9.0506894e-004	 -1.3237074e+003	  7.5924319e+002	 -1.4040706e+003	
  2.2509766e+001	  2.7491683e-003	 -1.3250115e+003	  8.0757599e+002	 -1.4058474e+003	
  2.2534180e+001	  5.7868308e-003	 -1.3265041e+003	  7.2583000e+002	 -1.4076244e+003	
  2.2558594e+001	  5.8576004e-003	 -1.3279169e+003	  5.4905767e+002	 -1.4094535e+003	
  2.2583008e+001	  2.6693157e-003	 -1.3291636e+003	  3.3743327e+002	 -1.4113796e+003	
  2.2607422e+001	  3.3624675e-003	 -1.3304858e+003	  1.3869272e+002	 -1.4135441e+003	
  2.2631836e+001	  6.5844552e-003	 -1.3320267e+003	  5.7353676e+001	 -1.4106802e+003	
  2.2656250e+001	  7.7960925e-003	 -1.3337087e+003	  3.2429580e+001	 -1.4082490e+003	
  2.2680664e+001	  2.5548808e-003	 -1.3354488e+003	  3.1102396e+002	 -1.4113866e+003	
  2.2705078e+001	  3.8674521e-003	 -1.3349497e+003	  7.9852652e+002	 -1.4132118e+003	
  2.2729492e+001	  3.4237832e-003	 -1.3361176e+003	  1.2260162e+003	 -1.4149347e+003	
  2.2753906e+001	  3.2097323e-003	 -1.3379198e+003	  1.3363787e+003	 -1.4166180e+003	
  2.2778320e+001	  4.3987100e-003	 -1.3396700e+003	  1.0806206e+003	 -1.4182903e+003	
  2.2802734e+001	  2.9024216e-003	 -1.3411947e+003	  6.5977783e+002	 -1.4200337e+003	
  2.2827148e+001	  1.9975251e-003	 -1.3422050e+003	  3.5127460e+002	 -1.4221047e+003	
  2.2851563e+001	  2.2271828e-003	 -1.3437270e+003	  2.5688593e+002	 -1.4244704e+003	
  2.2875977e+001	  2.9746537e-003	 -1.3459130e+003	  1.8245069e+002	 -1.4269380e+003	
  2.2900391e+001	  6.5288954e-003	 -1.3482602e+003	  1.5260128e+002	 -1.4293575e+003	
  2.2924805e+001	  5.4238797e-003	 -1.3503988e+003	  3.3903386e+002	 -1.4290868e+003	
  2.2949219e+001	  1.0252319e-002	 -1.3523438e+003	  1.5948910e+003	 -1.4305484e+003	
  2.2973633e+001	  7.5398136e-003	 -1.3541334e+003	  3.2750210e+003	 -1.4321714e+003	
  2.2998047e+001	  2.2796060e-003	 -1.3556399e+003	  4.3326838e+003	 -1.4338025e+003	
  2.3022461e+001	  4.9780645e-003	 -1.3563637e+003	  4.0292174e+003	 -1.4354367e+003	
  2.3046875e+001	  3.7673147e-003	 -1.3569922e+003	  2.6227397e+003	 -1.4370854e+003	
  2.3071289e+001	  4.0050410e-003	 -1.3573647e+003	  1.0721682e+003	 -1.4388032e+003	
  2.3095703e+001	  5.0918916e-003	 -1.3584906e+003	  2.0691726e+002	 -1.4412620e+003	
  2.3120117e+001	  1.0196816e-002	 -1.3599201e+003	  2.4628497e+002	 -1.4440811e+003	
  2.3144531e+001	  3.5657647e-003	 -1.3611591e+003	  2.3802712e+002	 -1.4454718e+003	
  2.3168945e+001	  6.3402567e-003	 -1.3616781e+003	  1.3677027e+002	 -1.4479077e+003	
  2.3193359e+001	  5.6833277e-003	 -1.3627922e+003	  7.4750678e+002	 -1.4507928e+003	
  2.3217773e+001	  1.3591352e-003	 -1.3644327e+003	  2.0220225e+003	 -1.4525208e+003	
  2.3242188e+001	  1.7702232e-003	 -1.3613951e+003	  3.3129258e+003	 -1.4541678e+003	
  2.3266602e+001	  1.1696631e-003	 -1.3642360e+003	  3.7866402e+003	 -1.4557979e+003	
  2.3291016e+001	  6.0937865e-003	 -1.3660626e+003	  3.0681517e+003	 -1.4574231e+003	
  2.3315430e+001	  9.4814513e-003	 -1.3678427e+003	  1.6491562e+003	 -1.4590379e+003	
  2.3339844e+001	  5.5172355e-003	 -1.3696350e+003	  4.5072482e+002	 -1.4605252e+003	
  2.3364258e+001	  2.5394051e-003	 -1.3714436e+003	  1.4274571e+002	 -1.4605591e+003	
  2.3388672e+001	  8.9685671e-004	 -1.3731415e+003	  1.9872999e+002	 -1.4626619e+003	
  2.3413086e+001	  4.8339128e-003	 -1.3746134e+003	  2.9416637e+002	 -1.4650227e+003	
  2.3437500e+001	  6.0874072e-003	 -1.3758680e+003	  3.6532542e+002	 -1.4672476e+003	
  2.3461914e+001	  1.6955822e-003	 -1.3766616e+003	  5.8044313e+002	 -1.4694060e+003	
  2.3486328e+001	  5.3838067e-003	 -1.3774559e+003	  9.4674986e+002	 -1.4712369e+003	
  2.3510742e+001	  6.9750682e-003	 -1.3787947e+003	  1.2164864e+003	 -1.4729377e+003	
  2.3535156e+001	  5.4945782e-003	 -1.3803146e+003	  1.1713303e+003	 -1.4746261e+003	
  2.3559570e+001	  6.5252712e-003	 -1.3818678e+003	  8.0831587e+002	 -1.4763386e+003	
  2.3583984e+001	  9.0543810e-003	 -1.3834326e+003	  3.4408368e+002	 -1.4780894e+003	
  2.3608398e+001	  8.0219410e-003	 -1.3850543e+003	  3.0587089e+001	 -1.4791881e+003	
  2.3632813e+001	  4.7665926e-003	 -1.3867612e+003	  1.1609523e+002	 -1.4795425e+003	
  2.3657227e+001	  3.7209902e-003	 -1.3884543e+003	  2.2958785e+002	 -1.4820351e+003	
  2.3681641e+001	  7.1202557e-003	 -1.3898961e+003	  4.0677313e+002	 -1.4842480e+003	
  2.3706055e+001	  3.8450531e-003	 -1.3910517e+003	  5.9693778e+002	 -1.4862651e+003	
  2.3730469e+001	  9.6748997e-003	 -1.3924202e+003	  7.4744313e+002	 -1.4881558e+003	
  2.3754883e+001	  7.7110163e-003	 -1.3941754e+003	  7.9421127e+002	 -1.4899655e+003	
  2.3779297e+001	  5.6804424e-003	 -1.3962767e+003	  7.1151791e+002	 -1.4917566e+003	
  2.3803711e+001	  8.7497495e-003	 -1.3982249e+003	  5.3719994e+002	 -1.4935900e+003	
  2.3828125e+001	  3.8680216e-003	 -1.3998802e+003	  3.3036501e+002	 -1.4955091e+003	
  2.3852539e+001	  7.9059114e-003	 -1.4015385e+003	  1.3322135e+002	 -1.4976440e+003	
  2.3876953e+001	  7.6115306e-003	 -1.4035766e+003	  5.0948452e+001	 -1.4949906e+003	
  2.3901367e+001	  7.7269259e-003	 -1.4062849e+003	  6.2364703e+001	 -1.4923129e+003	
  2.3925781e+001	  1.1604076e-002	 -1.4084854e+003	  3.1304293e+002	 -1.4952691e+003	
  2.3950195e+001	  1.1261925e-002	 -1.4105301e+003	  7.7495956e+002	 -1.4971567e+003	
  2.3974609e+001	  2.7895092e-003	 -1.4134405e+003	  1.1819916e+003	 -1.4988942e+003	
  2.3999023e+001	  1.0176017e-002	 -1.4159946e+003	  1.2872482e+003	 -1.5005802e+003	
  2.4023438e+001	  1.2832597e-002	 -1.4177843e+003	  1.0421228e+003	 -1.5022535e+003	
  2.4047852e+001	  6.5497179e-003	 -1.4193330e+003	  6.3358776e+002	 -1.5040077e+003	
  2.4072266e+001	  3.9622970e-003	 -1.4201199e+003	  3.2965048e+002	 -1.5061298e+003	
  2.4096680e+001	  6.3889551e-003	 -1.4205207e+003	  2.4357232e+002	 -1.5085943e+003	
  2.4121094e+001	  3.0011530e-003	 -1.4221377e+003	  1.9253196e+002	 -1.5111450e+003	
  2.4145508e+001	  2.8613483e-003	 -1.4244054e+003	  1.7229005e+002	 -1.5134566e+003	
  2.4169922e+001	  2.3454067e-003	 -1.4267724e+003	  3.3518459e+002	 -1.5131016e+003	
  2.4194336e+001	  3.3096989e-003	 -1.4285750e+003	  1.5650825e+003	 -1.5145491e+003	
  2.4218750e+001	  5.4452834e-003	 -1.4301011e+003	  3.1496254e+003	 -1.5161661e+003	
  2.4243164e+001	  3.6477598e-003	 -1.4311571e+003	  4.0922013e+003	 -1.5177903e+003	
  2.4267578e+001	  3.3990185e-003	 -1.4314100e+003	  3.7440038e+003	 -1.5194160e+003	
  2.4291992e+001	  6.4822478e-003	 -1.4326599e+003	  2.3963304e+003	 -1.5210540e+003	
  2.4316406e+001	  5.3737336e-003	 -1.4343477e+003	  9.4755538e+002	 -1.5227600e+003	
  2.4340820e+001	  2.8867284e-003	 -1.4364991e+003	  1.6297883e+002	 -1.5254662e+003	
  2.4365234e+001	  4.3048211e-003	 -1.4389475e+003	  2.8761529e+002	 -1.5282284e+003	
  2.4389648e+001	  9.2743425e-003	 -1.4410000e+003	  2.9386105e+002	 -1.5297452e+003	
  2.4414063e+001	  8.9948122e-003	 -1.4429081e+003	  2.4615427e+002	 -1.5321673e+003	
  2.4438477e+001	  3.7306064e-003	 -1.4448874e+003	  9.0855689e+002	 -1.5347507e+003	
  2.4462891e+001	  3.7206013e-003	 -1.4468920e+003	  2.2544411e+003	 -1.5365174e+003	
  2.4487305e+001	  3.7285008e-003	 -1.4487299e+003	  3.5695082e+003	 -1.5381749e+003	
  2.4511719e+001	  7.0774301e-003	 -1.4505112e+003	  3.9837253e+003	 -1.5398092e+003	
  2.4536133e+001	  3.5670752e-003	 -1.4524840e+003	  3.1645709e+003	 -1.5414395e+003	
  2.4560547e+001	  5.2017410e-003	 -1.4545190e+003	  1.6796577e+003	 -1.5430704e+003	
  2.4584961e+001	  5.4107070e-003	 -1.4560940e+003	  4.7170598e+002	 -1.5446599e+003	
  2.4609375e+001	  4.0458614e-003	 -1.4571243e+003	  7.2745337e+001	 -1.5449801e+003	
  2.4633789e+001	  7.4456078e-003	 -1.4582097e+003	  1.4589996e+002	 -1.5470635e+003	
  2.4658203e+001	  4.7316375e-003	 -1.4596536e+003	  2.7444572e+002	 -1.5493066e+003	
  2.4682617e+001	  1.5661698e-003	 -1.4613808e+003	  3.9300681e+002	 -1.5514595e+003	
  2.4707031e+001	  3.3913840e-003	 -1.4631229e+003	  6.7208264e+002	 -1.5534771e+003	
  2.4731445e+001	  3.5554937e-003	 -1.4644545e+003	  1.0751715e+003	 -1.5552459e+003	
  2.4755859e+001	  6.7759157e-003	 -1.4658273e+003	  1.3491698e+003	 -1.5569363e+003	
  2.4780273e+001	  9.5406328e-003	 -1.4672698e+003	  1.2821803e+003	 -1.5586253e+003	
  2.4804688e+001	  4.6258626e-003	 -1.4686627e+003	  8.9474254e+002	 -1.5603318e+003	
  2.4829102e+001	  2.4028757e-003	 -1.4699461e+003	  4.1961610e+002	 -1.5620473e+003	
  2.4853516e+001	  2.9619195e-003	 -1.4715132e+003	  1.0532178e+002	 -1.5635039e+003	
  2.4877930e+001	  5.4001156e-003	 -1.4734392e+003	  9.7982673e+001	 -1.5642637e+003	
  2.4902344e+001	  8.9615389e-003	 -1.4753125e+003	  2.2579138e+002	 -1.5664108e+003	
  2.4926758e+001	  6.9619432e-003	 -1.4770915e+003	  4.2138928e+002	 -1.5684558e+003	
  2.4951172e+001	  2.5473771e-003	 -1.4787831e+003	  6.3434260e+002	 -1.5703631e+003	
  2.4975586e+001	  1.9025565e-003	 -1.4800221e+003	  8.0782896e+002	 -1.5721770e+003	
  2.5000000e+001	  3.1428721e-003	 -1.4796901e+003	  8.7616537e+002	 -1.5739379e+003	
