  0.0000000e+000	  6.0751355e+005	  3.0835474e+002	  1.0120158e-001	
  2.0000000e-002	  6.0337051e+005	  3.0835777e+002	 -2.5507651e-001	
  4.4000000e-002	  6.0374119e+005	  3.0836140e+002	  3.7994793e-003	
  6.1000000e-002	  6.0703227e+005	  3.0836397e+002	 -1.7066097e-001	
  8.1000000e-002	  6.0321076e+005	  3.0836699e+002	 -8.9751687e-002	
  1.0000000e-001	  6.0760366e+005	  3.0836986e+002	 -2.4849979e-003	
  1.2100000e-001	  6.0828153e+005	  3.0837302e+002	  4.3075281e-003	
  1.4100000e-001	  6.1030083e+005	  3.0837604e+002	 -2.7003641e-001	
  1.6100000e-001	  6.0766305e+005	  3.0837904e+002	  2.3064868e-002	
  1.8300000e-001	  6.1227712e+005	  3.0838235e+002	 -1.5366718e-002	
  2.0000000e-001	  6.1527944e+005	  3.0838490e+002	  1.4883676e-001	
  2.2100000e-001	  6.1211328e+005	  3.0838805e+002	 -7.8969537e-002	
  2.4100000e-001	  6.1209280e+005	  3.0839105e+002	 -1.6478472e-001	
  2.6100000e-001	  6.0955537e+005	  3.0839405e+002	  5.7802528e-002	
  2.8000000e-001	  6.1025782e+005	  3.0839689e+002	  1.0389818e-001	
  3.0400000e-001	  6.0135121e+005	  3.0840048e+002	  2.2149783e-001	
  3.2000000e-001	  6.0682338e+005	  3.0840286e+002	  1.4995885e-001	
  3.4100000e-001	  6.0542462e+005	  3.0840600e+002	  2.4366745e-001	
  3.6000000e-001	  6.0314728e+005	  3.0840883e+002	 -2.1373407e-002	
  3.8400000e-001	  6.0438220e+005	  3.0841240e+002	  3.6022395e-001	
  4.0000000e-001	  6.0097848e+005	  3.0841478e+002	 -3.7639491e-002	
  4.2100000e-001	  5.9855163e+005	  3.0841790e+002	  1.9948306e-001	
  4.4000000e-001	  5.9817890e+005	  3.0842072e+002	  2.0973922e-001	
  4.6100000e-001	  6.0012243e+005	  3.0842384e+002	  1.1371149e-003	
  4.8000000e-001	  5.9816457e+005	  3.0842665e+002	 -3.0265313e-002	
  5.0100000e-001	  7.1701434e+004	  3.0842976e+002	  1.5024821e-001	
  5.2300000e-001	  7.1310272e+004	  3.0843302e+002	  2.6584710e-001	
  5.4100000e-001	  7.1576507e+004	  3.0843568e+002	  3.5994878e-002	
  5.6000000e-001	  7.0974405e+004	  3.0843848e+002	  3.2183617e-001	
  5.8100000e-001	  7.1615419e+004	  3.0844158e+002	  2.6291632e-001	
  6.0000000e-001	  7.1232449e+004	  3.0844438e+002	  2.2546553e-001	
  6.2400000e-001	  7.1228353e+004	  3.0844791e+002	  2.0563180e-001	
  6.4100000e-001	  7.1607227e+004	  3.0845041e+002	  1.6337997e-001	
  6.6100000e-001	  7.1416766e+004	  3.0845335e+002	 -4.6211818e-003	
  6.8100000e-001	  7.1326655e+004	  3.0845628e+002	  2.7539629e-002	
  7.0400000e-001	  7.1396286e+004	  3.0845966e+002	 -4.1066931e-002	
  7.2100000e-001	  7.1564220e+004	  3.0846215e+002	  1.3065807e-001	
  7.4100000e-001	  7.1852984e+004	  3.0846507e+002	  1.2349154e-001	
  7.6100000e-001	  7.1498685e+004	  3.0846800e+002	 -1.0261769e-001	
  7.8300000e-001	  7.1775161e+004	  3.0847121e+002	 -6.7310271e-002	
  8.0100000e-001	  7.1390142e+004	  3.0847384e+002	 -9.3507952e-002	
  8.2100000e-001	  7.1328704e+004	  3.0847676e+002	 -2.2610272e-002	
  8.4100000e-001	  7.1420862e+004	  3.0847967e+002	  3.9087370e-003	
  8.6000000e-001	  7.1695290e+004	  3.0848243e+002	  1.2386085e-001	
  8.8800000e-001	  7.1691194e+004	  3.0848651e+002	 -1.1815836e-001	
  9.0100000e-001	  7.1525308e+004	  3.0848839e+002	 -2.4262915e-001	
  9.2100000e-001	  7.1486397e+004	  3.0849130e+002	 -9.5502100e-002	
  9.4100000e-001	  7.1693242e+004	  3.0849420e+002	 -1.4082442e-001	
  9.6100000e-001	  7.1300032e+004	  3.0849709e+002	 -1.3979395e-001	
  9.8100000e-001	  7.0960069e+004	  3.0849999e+002	 -2.6827046e-002	
  1.0010000e+000	  7.1400382e+004	  3.0850288e+002	 -2.1047043e-001	
  1.0210000e+000	  7.1332799e+004	  3.0850577e+002	 -1.8722326e-001	
  1.0410000e+000	  7.1785401e+004	  3.0850865e+002	 -2.7616680e-001	
  1.0640000e+000	  7.1289792e+004	  3.0851197e+002	 -5.3853969e-002	
  1.0810000e+000	  6.0469144e+005	  3.0851442e+002	 -2.4875503e-001	
  1.1000000e+000	  6.0480204e+005	  3.0851715e+002	 -2.1627652e-001	
  1.1210000e+000	  6.0139831e+005	  3.0852017e+002	 -1.3064340e-001	
  1.1410000e+000	  6.0467096e+005	  3.0852304e+002	 -1.7228572e-001	
  1.1640000e+000	  6.0365517e+005	  3.0852634e+002	 -1.8309898e-001	
  1.1810000e+000	  6.0428595e+005	  3.0852878e+002	 -1.6916422e-001	
  1.2010000e+000	  6.0386407e+005	  3.0853164e+002	 -4.7893160e-002	
  1.2210000e+000	  6.0564989e+005	  3.0853450e+002	 -1.4489016e-001	
  1.2430000e+000	  6.0896965e+005	  3.0853765e+002	  8.2997181e-002	
  1.2610000e+000	  5.9883016e+005	  3.0854022e+002	 -2.5612894e-002	
  1.2810000e+000	  6.0927275e+005	  3.0854307e+002	 -1.1917656e-001	
  1.3040000e+000	  6.0965367e+005	  3.0854635e+002	 -9.4748777e-002	
  1.3210000e+000	  6.0986666e+005	  3.0854877e+002	  4.5574455e-002	
  1.3430000e+000	  6.1118965e+005	  3.0855190e+002	 -9.1193485e-002	
  1.3610000e+000	  6.1204570e+005	  3.0855446e+002	  5.0355928e-002	
  1.3840000e+000	  6.0971921e+005	  3.0855772e+002	 -1.3508885e-001	
  1.4010000e+000	  6.0681928e+005	  3.0856013e+002	  2.0285135e-001	
  1.4250000e+000	  6.1301234e+005	  3.0856353e+002	 -2.1086766e-001	
  1.4410000e+000	  6.1301439e+005	  3.0856580e+002	  7.8985722e-002	
  1.4610000e+000	  6.0662473e+005	  3.0856863e+002	 -1.0589755e-002	
  1.4840000e+000	  6.1120194e+005	  3.0857187e+002	 -5.2314405e-002	
  1.5010000e+000	  6.1190439e+005	  3.0857427e+002	  7.4720622e-002	
  1.5210000e+000	  6.0866246e+005	  3.0857709e+002	  1.4179166e-001	
  1.5410000e+000	  6.0805421e+005	  3.0857991e+002	  1.9413738e-001	
  1.5610000e+000	  6.1340146e+005	  3.0858273e+002	  3.3999218e-001	
  1.5810000e+000	  6.1202932e+005	  3.0858554e+002	  1.5976166e-001	
  1.6010000e+000	  6.0803373e+005	  3.0858835e+002	  3.4121865e-001	
  1.6210000e+000	  6.1185319e+005	  3.0859116e+002	  6.0780872e-002	
  1.6430000e+000	  6.1349976e+005	  3.0859424e+002	  2.2750624e-001	
  1.6610000e+000	  6.0762209e+005	  3.0859676e+002	  2.8796111e-001	
  1.6810000e+000	  7.1457725e+004	  3.0859956e+002	  2.4449276e-001	
  1.7010000e+000	  7.1390143e+004	  3.0860236e+002	  2.1141859e-001	
  1.7220000e+000	  7.1580604e+004	  3.0860529e+002	  1.0885844e-001	
  1.7410000e+000	  7.1680954e+004	  3.0860794e+002	  3.0569320e-001	
  1.7610000e+000	  7.1531453e+004	  3.0861073e+002	  1.2715476e-001	
  1.7810000e+000	  7.1513020e+004	  3.0861352e+002	  1.5385842e-001	
  1.8010000e+000	  7.1285696e+004	  3.0861630e+002	  1.1278263e-001	
  1.8240000e+000	  7.0847431e+004	  3.0861950e+002	  8.3228167e-002	
  1.8410000e+000	  7.1054276e+004	  3.0862186e+002	  5.8347356e-002	
  1.8610000e+000	  7.1740345e+004	  3.0862463e+002	 -1.5819808e-002	
  1.8810000e+000	  7.1496637e+004	  3.0862740e+002	  6.4073921e-002	
  1.9010000e+000	  7.1932854e+004	  3.0863017e+002	  5.5184368e-002	
  1.9210000e+000	  7.1551932e+004	  3.0863294e+002	  2.2587525e-001	
  1.9410000e+000	  7.1601083e+004	  3.0863570e+002	  2.6773270e-002	
  1.9610000e+000	  7.1670715e+004	  3.0863846e+002	  8.4106093e-003	
  1.9800000e+000	  7.1609275e+004	  3.0864109e+002	  1.2381149e-001	
  2.0010000e+000	  7.1312320e+004	  3.0864398e+002	 -1.1311859e-001	
  2.0210000e+000	  7.1314367e+004	  3.0864673e+002	  9.4788459e-002	
  2.0410000e+000	  7.1218114e+004	  3.0864948e+002	 -7.7451719e-002	
  2.0610000e+000	  7.1551932e+004	  3.0865223e+002	 -2.1507481e-001	
  2.0810000e+000	  7.1592892e+004	  3.0865498e+002	 -5.7594787e-002	
  2.1010000e+000	  7.1486398e+004	  3.0865772e+002	 -1.1162249e-001	
  2.1210000e+000	  7.1572412e+004	  3.0866046e+002	 -8.1790472e-002	
  2.1410000e+000	  7.1177154e+004	  3.0866320e+002	 -3.2331602e-001	
  2.1610000e+000	  7.1639995e+004	  3.0866593e+002	 -4.4582534e-002	
  2.1820000e+000	  7.1349184e+004	  3.0866880e+002	 -8.6867641e-002	
  2.2010000e+000	  7.1646139e+004	  3.0867139e+002	 -3.6026469e-001	
  2.2240000e+000	  7.1619515e+004	  3.0867453e+002	 -2.5611907e-001	
  2.2410000e+000	  7.1508925e+004	  3.0867685e+002	 -1.9685014e-001	
  2.2620000e+000	  6.0790266e+005	  3.0867970e+002	 -3.3485070e-001	
  2.2810000e+000	  6.0845971e+005	  3.0868229e+002	 -1.4436494e-001	
  2.3010000e+000	  6.0723707e+005	  3.0868500e+002	 -1.9965017e-001	
  2.3210000e+000	  6.1240819e+005	  3.0868772e+002	 -2.6719721e-001	
  2.3410000e+000	  6.0966391e+005	  3.0869043e+002	 -2.0233822e-001	
  2.3610000e+000	  6.0943454e+005	  3.0869314e+002	 -1.3640287e-001	
  2.3810000e+000	  6.0932600e+005	  3.0869584e+002	  2.7830461e-002	
  2.4010000e+000	  6.0873209e+005	  3.0869854e+002	  2.7862629e-003	
  2.4210000e+000	  6.0954104e+005	  3.0870125e+002	 -1.7145021e-001	
  2.4410000e+000	  6.0837574e+005	  3.0870394e+002	 -1.8838534e-001	
  2.4610000e+000	  6.0919698e+005	  3.0870664e+002	 -9.1983978e-002	
  2.4810000e+000	  6.0608202e+005	  3.0870933e+002	  3.7506496e-002	
  2.5010000e+000	  6.0356097e+005	  3.0871202e+002	 -7.9880166e-003	
  2.5210000e+000	  6.0284418e+005	  3.0871471e+002	  1.2233275e-002	
  2.5410000e+000	  6.0368999e+005	  3.0871739e+002	 -1.0151701e-001	
  2.5610000e+000	  5.9861717e+005	  3.0872008e+002	  2.6997500e-002	
  2.5810000e+000	  6.0404019e+005	  3.0872276e+002	 -9.7274663e-002	
  2.6000000e+000	  6.0412416e+005	  3.0872530e+002	 -2.5550346e-002	
  2.6270000e+000	  6.0479794e+005	  3.0872891e+002	 -4.8956204e-002	
  2.6410000e+000	  6.0195536e+005	  3.0873078e+002	 -6.8844190e-002	
  2.6610000e+000	  6.0299368e+005	  3.0873345e+002	  2.0487042e-001	
  2.6830000e+000	  6.0327015e+005	  3.0873638e+002	 -5.0335703e-002	
  2.7010000e+000	  6.0144951e+005	  3.0873878e+002	  2.4693716e-001	
  2.7220000e+000	  5.9962887e+005	  3.0874157e+002	  8.2744365e-002	
  2.7410000e+000	  6.0128363e+005	  3.0874410e+002	  5.0305573e-002	
  2.7610000e+000	  5.9877691e+005	  3.0874676e+002	  9.1772996e-002	
  2.7810000e+000	  5.9656715e+005	  3.0874941e+002	  2.5215976e-002	
  2.8010000e+000	  5.9662245e+005	  3.0875206e+002	  2.1227409e-001	
  2.8240000e+000	  5.9895099e+005	  3.0875511e+002	  3.1353002e-001	
  2.8410000e+000	  7.2010677e+004	  3.0875736e+002	  2.1793503e-001	
  2.8610000e+000	  7.1310272e+004	  3.0876000e+002	  1.7454429e-001	
  2.8810000e+000	  7.1689146e+004	  3.0876264e+002	  3.1148414e-001	
  2.9040000e+000	  7.1842744e+004	  3.0876567e+002	  1.5121839e-002	
  2.9220000e+000	  7.1742393e+004	  3.0876805e+002	  2.3117440e-001	
  2.9410000e+000	  7.1412670e+004	  3.0877055e+002	  6.5187450e-002	
  2.9620000e+000	  7.1762873e+004	  3.0877331e+002	  1.7969512e-001	
  2.9810000e+000	  7.1701434e+004	  3.0877581e+002	 -1.8596092e-003	
  3.0010000e+000	  7.1549884e+004	  3.0877843e+002	  1.0805930e-001	
  3.0210000e+000	  7.0927302e+004	  3.0878105e+002	  4.8897986e-002	
  3.0410000e+000	  7.1371711e+004	  3.0878367e+002	  7.5304352e-002	
  3.0610000e+000	  7.1187394e+004	  3.0878629e+002	 -5.5315593e-002	
  3.0810000e+000	  7.1472061e+004	  3.0878891e+002	 -8.5212447e-002	
  3.1010000e+000	  7.1412670e+004	  3.0879152e+002	  1.2397050e-001	
  3.1210000e+000	  7.1283648e+004	  3.0879413e+002	 -4.0613704e-002	
  3.1410000e+000	  7.1566268e+004	  3.0879674e+002	 -1.6342062e-001	
  3.1610000e+000	  7.1609276e+004	  3.0879934e+002	 -1.3054197e-001	
  3.1820000e+000	  7.1979957e+004	  3.0880208e+002	 -2.4825590e-001	
  3.2010000e+000	  7.1848887e+004	  3.0880455e+002	 -1.3282550e-001	
  3.2220000e+000	  7.1257025e+004	  3.0880727e+002	 -1.2277222e-001	
  3.2410000e+000	  7.1263168e+004	  3.0880974e+002	 -1.6142369e-001	
  3.2620000e+000	  7.1449533e+004	  3.0881246e+002	 -2.2382296e-001	
  3.2810000e+000	  7.1740345e+004	  3.0881492e+002	 -2.2851013e-001	
  3.3050000e+000	  7.1080900e+004	  3.0881802e+002	 -1.6546207e-002	
  3.3210000e+000	  7.1447486e+004	  3.0882009e+002	 -9.1079724e-002	
  3.3420000e+000	  7.1625659e+004	  3.0882280e+002	 -2.8886878e-001	
  3.3610000e+000	  7.1390143e+004	  3.0882525e+002	  1.3539971e-002	
  3.3810000e+000	  7.1257025e+004	  3.0882783e+002	 -1.4564764e-001	
  3.4040000e+000	  7.1377855e+004	  3.0883079e+002	 -4.4562390e-001	
  3.4220000e+000	  7.1496637e+004	  3.0883310e+002	 -1.5787295e-001	
  3.4410000e+000	  6.0531608e+005	  3.0883555e+002	 -2.3330611e-001	
  3.4620000e+000	  6.0573386e+005	  3.0883824e+002	 -2.8901609e-001	
  3.4810000e+000	  6.0371252e+005	  3.0884068e+002	 -2.4820036e-001	
  3.5010000e+000	  6.0734152e+005	  3.0884324e+002	 -1.4032105e-001	
  3.5210000e+000	  6.0662473e+005	  3.0884580e+002	 -5.2401553e-002	
  3.5410000e+000	  6.0404633e+005	  3.0884835e+002	 -9.1988333e-002	
  3.5610000e+000	  6.0780231e+005	  3.0885091e+002	 -1.4406229e-001	
  3.5810000e+000	  6.1036022e+005	  3.0885346e+002	 -1.0558840e-002	
  3.6010000e+000	  6.0713262e+005	  3.0885601e+002	 -1.8578027e-001	
  3.6210000e+000	  6.0726779e+005	  3.0885856e+002	 -6.1327510e-002	
  3.6410000e+000	  6.1373528e+005	  3.0886110e+002	  4.4746053e-002	
  3.6610000e+000	  6.0824057e+005	  3.0886364e+002	 -2.0667330e-001	
  3.6820000e+000	  6.1129614e+005	  3.0886631e+002	  1.7410401e-002	
  3.7010000e+000	  6.1325605e+005	  3.0886872e+002	  2.2172272e-002	
  3.7210000e+000	  6.1095413e+005	  3.0887125e+002	  7.8872104e-002	
  3.7440000e+000	  6.0973354e+005	  3.0887416e+002	 -5.4082277e-002	
  3.7620000e+000	  6.1403428e+005	  3.0887644e+002	 -5.5632552e-003	
  3.7810000e+000	  6.1076572e+005	  3.0887884e+002	  3.4628501e-002	
  3.8010000e+000	  6.0782484e+005	  3.0888136e+002	  1.4276544e-001	
  3.8240000e+000	  6.0060984e+005	  3.0888426e+002	  1.8852286e-001	
  3.8410000e+000	  5.9942407e+005	  3.0888641e+002	  1.3793925e-002	
  3.8610000e+000	  5.9568653e+005	  3.0888892e+002	  1.2656971e-001	
  3.8820000e+000	  5.9766896e+005	  3.0889156e+002	  1.0061178e-001	
  3.9010000e+000	  5.9651800e+005	  3.0889395e+002	  7.1211083e-002	
  3.9220000e+000	  5.9816252e+005	  3.0889658e+002	  2.6585879e-001	
  3.9410000e+000	  5.9667570e+005	  3.0889896e+002	  5.3682750e-002	
  3.9650000e+000	  5.9382287e+005	  3.0890197e+002	  2.5925839e-001	
  3.9810000e+000	  5.9467893e+005	  3.0890397e+002	  5.2822167e-002	
  4.0020000e+000	  5.9397442e+005	  3.0890660e+002	  1.3418529e-001	
  4.0210000e+000	  7.1558076e+004	  3.0890897e+002	  1.7473997e-001	
  4.0420000e+000	  7.1590843e+004	  3.0891159e+002	  2.0506233e-001	
  4.0610000e+000	  7.1564220e+004	  3.0891395e+002	  2.1407923e-001	
  4.0850000e+000	  7.1467966e+004	  3.0891694e+002	  1.5454011e-001	
  4.1010000e+000	  7.1349183e+004	  3.0891893e+002	  2.8865676e-001	
  4.1240000e+000	  7.1519165e+004	  3.0892179e+002	 -8.4511174e-002	
  4.1410000e+000	  7.1355327e+004	  3.0892390e+002	  1.0610941e-001	
  4.1610000e+000	  7.1680954e+004	  3.0892638e+002	  4.4576359e-002	
  4.1820000e+000	  7.1723962e+004	  3.0892898e+002	  1.2388902e-002	
  4.2040000e+000	  7.1529405e+004	  3.0893170e+002	 -3.0487729e-002	
  4.2220000e+000	  7.1580604e+004	  3.0893393e+002	 -1.1248449e-002	
  4.2410000e+000	  7.1652283e+004	  3.0893627e+002	  2.3479883e-002	
  4.2620000e+000	  7.0722505e+004	  3.0893886e+002	 -2.1759737e-001	
  4.2810000e+000	  7.1293888e+004	  3.0894120e+002	 -5.9737330e-002	
  4.3020000e+000	  7.1639995e+004	  3.0894379e+002	 -4.5611111e-002	
  4.3210000e+000	  7.1363519e+004	  3.0894613e+002	 -1.0954511e-001	
  4.3420000e+000	  7.1142339e+004	  3.0894871e+002	  6.5279102e-002	
  4.3610000e+000	  7.1302080e+004	  3.0895104e+002	  2.1087457e-002	
  4.3840000e+000	  7.1562172e+004	  3.0895386e+002	 -1.7089919e-001	
  4.4010000e+000	  7.1529404e+004	  3.0895594e+002	 -1.0396899e-001	
  4.4210000e+000	  7.1220161e+004	  3.0895839e+002	 -1.5300239e-001	
  4.4440000e+000	  7.1406526e+004	  3.0896120e+002	 -1.4665776e-001	
  4.4620000e+000	  7.1447486e+004	  3.0896340e+002	 -2.3790773e-001	
  4.4810000e+000	  7.1203778e+004	  3.0896572e+002	 -1.0773700e-001	
  4.5020000e+000	  7.1766969e+004	  3.0896828e+002	 -2.4741613e-001	
  4.5210000e+000	  7.0714312e+004	  3.0897059e+002	 -3.1369570e-001	
  4.5410000e+000	  7.1377855e+004	  3.0897303e+002	 -1.8274847e-001	
  4.5610000e+000	  7.1361471e+004	  3.0897546e+002	 -2.5863280e-001	
  4.5850000e+000	  7.1852984e+004	  3.0897837e+002	 -1.2228054e-001	
  4.6010000e+000	  6.0346471e+005	  3.0898031e+002	 -3.8384967e-001	
  4.6210000e+000	  6.0479589e+005	  3.0898274e+002	 -2.9792166e-001	
  4.6410000e+000	  6.0677833e+005	  3.0898516e+002	 -2.8213590e-001	
  4.6610000e+000	  6.0524030e+005	  3.0898758e+002	 -2.3244203e-001	
  4.6840000e+000	  6.0262709e+005	  3.0899036e+002	 -2.6922760e-001	
  4.7010000e+000	  6.0069791e+005	  3.0899241e+002	 -2.0735410e-001	
  4.7220000e+000	  5.9975174e+005	  3.0899494e+002	 -2.5794956e-001	
  4.7410000e+000	  5.9697879e+005	  3.0899723e+002	 -1.0759481e-001	
  4.7620000e+000	  5.9750308e+005	  3.0899976e+002	 -2.3577059e-001	
  4.7810000e+000	  5.9965344e+005	  3.0900204e+002	 -2.1083051e-001	
  4.8050000e+000	  5.9525850e+005	  3.0900492e+002	 -6.8933426e-003	
  4.8210000e+000	  6.0045625e+005	  3.0900684e+002	 -1.4730406e-001	
  4.8420000e+000	  6.0145975e+005	  3.0900936e+002	 -4.0617632e-002	
  4.8610000e+000	  6.0581783e+005	  3.0901163e+002	 -7.0997932e-002	
  4.8820000e+000	  6.0626224e+005	  3.0901415e+002	  1.1493418e-001	
  4.9010000e+000	  6.0674351e+005	  3.0901642e+002	  3.3700172e-001	
  4.9220000e+000	  6.0581168e+005	  3.0901892e+002	 -2.3278094e-002	
  4.9410000e+000	  6.0475493e+005	  3.0902119e+002	  1.3427834e-001	
  4.9640000e+000	  6.0402995e+005	  3.0902393e+002	 -5.4965748e-002	
  4.9810000e+000	  6.0276431e+005	  3.0902595e+002	  9.9274580e-002	
  5.0010000e+000	  6.0242639e+005	  3.0902833e+002	  1.8571642e-001	
  5.0210000e+000	  6.0153962e+005	  3.0903071e+002	  1.7698529e-001	
  5.0420000e+000	  6.0199632e+005	  3.0903320e+002	  1.3112048e-001	
  5.0610000e+000	  6.0294043e+005	  3.0903545e+002	  2.4158769e-001	
  5.0850000e+000	  5.9925614e+005	  3.0903829e+002	  2.2526034e-001	
  5.1010000e+000	  5.9969031e+005	  3.0904019e+002	  8.4950763e-002	
  5.1210000e+000	  5.9851682e+005	  3.0904255e+002	  2.2723754e-001	
  5.1410000e+000	  5.9794953e+005	  3.0904491e+002	  1.6176546e-001	
  5.1620000e+000	  5.9865608e+005	  3.0904739e+002	  3.9637414e-001	
  5.1820000e+000	  5.9771811e+005	  3.0904974e+002	  3.8468193e-001	
  5.2010000e+000	  7.1549884e+004	  3.0905198e+002	  2.3544351e-001	
  5.2240000e+000	  7.1556028e+004	  3.0905469e+002	  1.7099051e-001	
  5.2410000e+000	  7.1302080e+004	  3.0905668e+002	  2.2435208e-001	
  5.2620000e+000	  7.1060420e+004	  3.0905915e+002	  7.4996494e-002	
  5.2820000e+000	  7.1662522e+004	  3.0906149e+002	  7.7557649e-002	
  5.3020000e+000	  7.1791545e+004	  3.0906384e+002	  1.9208492e-001	
  5.3240000e+000	  7.2010677e+004	  3.0906641e+002	  1.1462746e-001	
  5.3420000e+000	  7.1361471e+004	  3.0906851e+002	 -1.9498112e-002	
  5.3610000e+000	  7.1601084e+004	  3.0907073e+002	 -8.3097511e-002	
  5.3820000e+000	  7.1701434e+004	  3.0907318e+002	  1.1560477e-001	
  5.4010000e+000	  7.1551932e+004	  3.0907540e+002	  2.4322760e-002	
  5.4220000e+000	  7.1486397e+004	  3.0907784e+002	  1.2330165e-001	
  5.4410000e+000	  7.1844792e+004	  3.0908005e+002	 -7.1705084e-002	
  5.4620000e+000	  7.1879607e+004	  3.0908249e+002	  3.1467619e-002	
  5.4840000e+000	  7.1615419e+004	  3.0908504e+002	  1.7570456e-001	
  5.5020000e+000	  7.1572412e+004	  3.0908713e+002	  9.9950643e-002	
  5.5210000e+000	  7.1607227e+004	  3.0908933e+002	 -5.1164860e-002	
  5.5410000e+000	  7.1173058e+004	  3.0909165e+002	 -8.2410212e-002	
  5.5650000e+000	  7.1472061e+004	  3.0909442e+002	  1.9081932e-001	
  5.5820000e+000	  7.1822264e+004	  3.0909638e+002	  1.3095854e-001	
  5.6010000e+000	  7.1738297e+004	  3.0909858e+002	 -2.7252189e-001	
  5.6220000e+000	  7.1359423e+004	  3.0910100e+002	 -3.1468107e-001	
  5.6410000e+000	  7.1087043e+004	  3.0910319e+002	 -1.3758708e-001	
  5.6620000e+000	  7.1535549e+004	  3.0910560e+002	 -2.1877333e-002	
  5.6820000e+000	  7.1523260e+004	  3.0910790e+002	 -1.8323416e-001	
  5.7010000e+000	  7.1117763e+004	  3.0911008e+002	 -1.6642233e-001	
  5.7220000e+000	  7.1480253e+004	  3.0911249e+002	 -1.4853535e-001	
  5.7410000e+000	  7.1523260e+004	  3.0911467e+002	 -3.0595251e-001	
  5.7650000e+000	  7.0990789e+004	  3.0911741e+002	 -7.2349286e-002	
  5.7820000e+000	  6.0171165e+005	  3.0911936e+002	 -4.3289097e-001	
  5.8020000e+000	  6.0318209e+005	  3.0912164e+002	 -2.6546429e-001	
  5.8270000e+000	  5.9641356e+005	  3.0912449e+002	 -3.1264873e-001	
  5.8420000e+000	  6.0004051e+005	  3.0912620e+002	 -2.9058537e-001	
  5.8610000e+000	  5.9890389e+005	  3.0912837e+002	 -2.0586324e-001	
  5.8820000e+000	  5.9966573e+005	  3.0913075e+002	 -2.3062923e-001	
  5.9010000e+000	  6.0145156e+005	  3.0913291e+002	 -1.3939461e-001	
  5.9220000e+000	  6.0346471e+005	  3.0913530e+002	 -6.6087361e-002	
  5.9440000e+000	  5.9955719e+005	  3.0913779e+002	 -9.0261686e-002	
  5.9620000e+000	  6.0086174e+005	  3.0913983e+002	 -3.0646257e-001	
  5.9810000e+000	  5.9879125e+005	  3.0914198e+002	 -1.7575690e-001	
  6.0020000e+000	  6.0114641e+005	  3.0914436e+002	 -6.5187950e-002	
  6.0210000e+000	  6.0061394e+005	  3.0914650e+002	 -1.1091057e-002	
  6.0440000e+000	  6.0657558e+005	  3.0914910e+002	 -2.3292835e-001	
  6.0610000e+000	  6.0535908e+005	  3.0915102e+002	  7.1946227e-002	
  6.0820000e+000	  6.0589155e+005	  3.0915338e+002	  3.6661981e-002	
  6.1010000e+000	  6.0507032e+005	  3.0915552e+002	  2.0277505e-001	
  6.1240000e+000	  6.0272949e+005	  3.0915810e+002	  3.3614472e-001	
  6.1410000e+000	  5.9974150e+005	  3.0916001e+002	  1.0292944e-001	
  6.1620000e+000	  5.9747031e+005	  3.0916237e+002	  2.1602658e-001	
  6.1820000e+000	  5.9786147e+005	  3.0916461e+002	  2.7727374e-001	
  6.2020000e+000	  6.0219702e+005	  3.0916685e+002	  1.3352549e-001	
  6.2220000e+000	  5.9756247e+005	  3.0916908e+002	  2.5500789e-001	
  6.2410000e+000	  5.9738839e+005	  3.0917121e+002	  1.7942316e-001	
  6.2620000e+000	  5.9687230e+005	  3.0917355e+002	  2.0925743e-001	
  6.2820000e+000	  5.9710167e+005	  3.0917578e+002	  3.7151559e-001	
  6.3020000e+000	  5.9413621e+005	  3.0917801e+002	  3.9637023e-001	
  6.3210000e+000	  6.0127953e+005	  3.0918012e+002	  3.3281709e-001	
  6.3420000e+000	  6.0238543e+005	  3.0918245e+002	  2.8988229e-001	
  6.3650000e+000	  7.2256433e+004	  3.0918501e+002	  2.9125928e-001	
  6.3820000e+000	  7.2059828e+004	  3.0918689e+002	  3.4237677e-001	
  6.4020000e+000	  7.2061876e+004	  3.0918911e+002	  2.0043448e-001	
  6.4220000e+000	  7.1259073e+004	  3.0919132e+002	  2.4487354e-001	
  6.4440000e+000	  7.1605179e+004	  3.0919376e+002	  1.2300821e-001	
  6.4620000e+000	  7.1713722e+004	  3.0919574e+002	  1.2806168e-001	
  6.4810000e+000	  7.1199681e+004	  3.0919784e+002	  3.1694468e-001	
  6.5020000e+000	  7.1373759e+004	  3.0920016e+002	  1.8571563e-001	
  6.5220000e+000	  7.1099331e+004	  3.0920236e+002	  1.5732802e-001	
  6.5420000e+000	  7.1297984e+004	  3.0920456e+002	  1.7715643e-001	
  6.5610000e+000	  7.1541692e+004	  3.0920665e+002	  1.3339075e-002	
  6.5820000e+000	  7.1345087e+004	  3.0920895e+002	  1.4480078e-001	
  6.6010000e+000	  7.1519165e+004	  3.0921104e+002	  1.2607745e-001	
  6.6250000e+000	  7.1510973e+004	  3.0921367e+002	  7.3458839e-002	
  6.6410000e+000	  7.1822264e+004	  3.0921542e+002	  1.9487994e-001	
  6.6620000e+000	  7.1535549e+004	  3.0921771e+002	 -1.7306142e-003	
  6.6840000e+000	  7.1093187e+004	  3.0922012e+002	  6.8799269e-002	
  6.7020000e+000	  7.1551932e+004	  3.0922208e+002	  8.3076281e-002	
  6.7220000e+000	  7.1404479e+004	  3.0922426e+002	  8.0114519e-003	
  6.7420000e+000	  7.1543741e+004	  3.0922644e+002	 -6.4703075e-002	
  6.7620000e+000	  7.1404478e+004	  3.0922862e+002	 -8.2685356e-002	
  6.7820000e+000	  7.1195586e+004	  3.0923079e+002	 -2.7872744e-001	
  6.8020000e+000	  7.1633851e+004	  3.0923296e+002	 -1.7486598e-001	
  6.8220000e+000	  7.1855032e+004	  3.0923513e+002	 -2.5847378e-002	
  6.8420000e+000	  7.1594939e+004	  3.0923730e+002	 -2.5560655e-001	
  6.8620000e+000	  7.1029700e+004	  3.0923946e+002	 -2.9159558e-003	
  6.8820000e+000	  7.1742393e+004	  3.0924163e+002	 -1.0552386e-001	
  6.9050000e+000	  7.1271361e+004	  3.0924411e+002	 -2.2840796e-001	
  6.9220000e+000	  7.1814072e+004	  3.0924594e+002	 -2.6098288e-001	
  6.9420000e+000	  7.1816120e+004	  3.0924810e+002	 -2.1089041e-001	
  6.9620000e+000	  6.0937105e+005	  3.0925025e+002	 -1.1504978e-001	
  6.9810000e+000	  6.0413645e+005	  3.0925230e+002	 -5.7555238e-002	
  7.0050000e+000	  6.0181610e+005	  3.0925488e+002	 -1.5917139e-001	
  7.0220000e+000	  6.0277659e+005	  3.0925670e+002	 -4.5946499e-002	
  7.0420000e+000	  5.9807036e+005	  3.0925885e+002	 -2.2747679e-001	
  7.0610000e+000	  5.9109088e+005	  3.0926088e+002	 -2.1380523e-002	
  7.0820000e+000	  5.8805784e+005	  3.0926313e+002	 -5.2646992e-002	
  7.1040000e+000	  5.9042325e+005	  3.0926548e+002	 -6.9675242e-002	
  7.1220000e+000	  5.8952624e+005	  3.0926741e+002	 -2.5862895e-001	
  7.1420000e+000	  5.9280708e+005	  3.0926954e+002	  9.4788562e-002	
  7.1620000e+000	  5.9532813e+005	  3.0927167e+002	 -2.0538964e-002	
  7.1820000e+000	  5.8863742e+005	  3.0927380e+002	  4.4187961e-002	
  7.2020000e+000	  5.7926796e+005	  3.0927593e+002	 -2.8684336e-002	
  7.2220000e+000	  5.7307286e+005	  3.0927806e+002	 -4.8280418e-002	
  7.2450000e+000	  5.6811882e+005	  3.0928050e+002	 -9.3584743e-002	
  7.2630000e+000	  5.6608723e+005	  3.0928241e+002	  1.6315676e-001	
  7.2820000e+000	  5.7799822e+005	  3.0928442e+002	  1.3190027e-001	
  7.3020000e+000	  5.8663655e+005	  3.0928654e+002	  1.5157401e-001	
  7.3210000e+000	  5.8913917e+005	  3.0928854e+002	 -4.1259436e-002	
  7.3420000e+000	  5.9546739e+005	  3.0929076e+002	  1.8651057e-001	
  7.3620000e+000	  5.9936058e+005	  3.0929287e+002	  8.3807754e-002	
  7.3820000e+000	  5.9682520e+005	  3.0929498e+002	  2.4597274e-001	
  7.4010000e+000	  5.9290538e+005	  3.0929698e+002	  2.1139073e-001	
  7.4250000e+000	  5.9559027e+005	  3.0929951e+002	  1.9202648e-001	
  7.4410000e+000	  6.0030470e+005	  3.0930119e+002	  2.7309122e-001	
  7.4620000e+000	  5.9553293e+005	  3.0930339e+002	  2.3318428e-001	
  7.4820000e+000	  5.9668593e+005	  3.0930549e+002	 -3.0419258e-002	
  7.5020000e+000	  5.9668389e+005	  3.0930759e+002	  4.4985323e-001	
  7.5210000e+000	  5.9066900e+005	  3.0930957e+002	  1.7528514e-001	
  7.5420000e+000	  7.1328704e+004	  3.0931177e+002	  2.5359812e-001	
  7.5620000e+000	  7.1250881e+004	  3.0931386e+002	  2.3611326e-001	
  7.5820000e+000	  7.1459773e+004	  3.0931595e+002	  9.6473101e-002	
  7.6020000e+000	  7.1721913e+004	  3.0931803e+002	  1.6739225e-001	
  7.6220000e+000	  7.1363520e+004	  3.0932011e+002	  1.8910478e-002	
  7.6440000e+000	  7.1504829e+004	  3.0932240e+002	  1.3268707e-001	
  7.6620000e+000	  7.1771065e+004	  3.0932427e+002	  1.5978548e-001	
  7.6820000e+000	  7.0939590e+004	  3.0932635e+002	  7.0054318e-002	
  7.7020000e+000	  7.1623611e+004	  3.0932842e+002	 -5.3287279e-002	
  7.7220000e+000	  7.1052228e+004	  3.0933049e+002	 -2.9522936e-002	
  7.7420000e+000	  7.0998981e+004	  3.0933256e+002	  7.6415790e-002	
  7.7620000e+000	  7.1400382e+004	  3.0933463e+002	  1.6090670e-001	
  7.7820000e+000	  7.1314368e+004	  3.0933670e+002	 -1.3025536e-002	
  7.8020000e+000	  7.1400383e+004	  3.0933876e+002	  2.6471689e-001	
  7.8220000e+000	  7.1732154e+004	  3.0934082e+002	  1.0167568e-001	
  7.8450000e+000	  7.1639995e+004	  3.0934319e+002	 -1.3391524e-001	
  7.8610000e+000	  7.1961526e+004	  3.0934483e+002	  9.9128822e-002	
  7.8820000e+000	  7.1938998e+004	  3.0934699e+002	 -4.0502330e-002	
  7.9020000e+000	  7.2037301e+004	  3.0934904e+002	 -5.1631685e-002	
  7.9220000e+000	  7.1281601e+004	  3.0935109e+002	 -1.8284672e-001	
  7.9440000e+000	  7.1101379e+004	  3.0935335e+002	 -4.2100880e-002	
  7.9620000e+000	  7.1488445e+004	  3.0935519e+002	 -1.4727018e-001	
  7.9810000e+000	  7.1322560e+004	  3.0935713e+002	 -1.2559937e-001	
  8.0050000e+000	  7.1171010e+004	  3.0935958e+002	 -1.7225814e-001	
  8.0220000e+000	  7.1248832e+004	  3.0936132e+002	 -2.3482161e-001	
  8.0420000e+000	  7.1705530e+004	  3.0936335e+002	 -1.6852527e-001	
  8.0650000e+000	  7.1447486e+004	  3.0936570e+002	 -2.2327195e-001	
  8.0820000e+000	  7.1752633e+004	  3.0936742e+002	 -1.5181554e-001	
  8.1020000e+000	  7.1304128e+004	  3.0936946e+002	 -1.2896251e-002	
  8.1220000e+000	  5.9428776e+005	  3.0937149e+002	 -2.1899288e-001	
  8.1410000e+000	  5.9538138e+005	  3.0937341e+002	 -8.3708546e-002	
  8.1620000e+000	  5.9445979e+005	  3.0937554e+002	 -7.3905782e-002	
  8.1820000e+000	  6.0233833e+005	  3.0937756e+002	 -3.0108919e-001	
  8.2050000e+000	  5.9878510e+005	  3.0937989e+002	 -1.6668550e-001	
  8.2230000e+000	  5.9714878e+005	  3.0938170e+002	 -4.3146536e-001	
  8.2420000e+000	  5.9376553e+005	  3.0938362e+002	 -5.3522354e-002	
  8.2630000e+000	  5.9150253e+005	  3.0938574e+002	 -1.7398752e-001	
  8.2820000e+000	  5.8791858e+005	  3.0938765e+002	 -6.2262473e-002	
  8.3020000e+000	  5.8679015e+005	  3.0938966e+002	 -5.1671493e-002	
  8.3220000e+000	  5.8759091e+005	  3.0939167e+002	 -6.2674655e-003	
  8.3420000e+000	  5.8675534e+005	  3.0939368e+002	  6.8535063e-002	
  8.3650000e+000	  5.8764825e+005	  3.0939598e+002	  1.4855983e-002	
  8.3820000e+000	  5.9074887e+005	  3.0939768e+002	 -6.8832336e-002	
  8.4020000e+000	  5.9163564e+005	  3.0939968e+002	  2.2836020e-002	
  8.4220000e+000	  5.9199199e+005	  3.0940168e+002	 -6.1926749e-003	
  8.4440000e+000	  5.8993378e+005	  3.0940388e+002	  1.8336415e-001	
  8.4620000e+000	  5.9412802e+005	  3.0940567e+002	 -4.4861912e-002	
  8.4850000e+000	  5.9330883e+005	  3.0940796e+002	  2.4703996e-001	
  8.5020000e+000	  5.9259000e+005	  3.0940966e+002	  1.2591907e-001	
  8.5220000e+000	  5.9158240e+005	  3.0941164e+002	  8.6806517e-002	
  8.5420000e+000	  5.9354026e+005	  3.0941363e+002	 -1.9639739e-003	
  8.5610000e+000	  5.8972694e+005	  3.0941552e+002	  1.7139510e-001	
  8.5850000e+000	  5.9197356e+005	  3.0941789e+002	  7.1915487e-002	
  8.6020000e+000	  5.9031470e+005	  3.0941958e+002	  2.3167052e-001	
  8.6220000e+000	  5.8968598e+005	  3.0942156e+002	  2.6801855e-001	
  8.6410000e+000	  5.8592181e+005	  3.0942343e+002	  2.2028492e-001	
  8.6620000e+000	  5.8713421e+005	  3.0942551e+002	  2.7377736e-001	
  8.6850000e+000	  5.8478314e+005	  3.0942777e+002	  3.0757417e-001	
  8.7020000e+000	  5.8434078e+005	  3.0942945e+002	  2.1060659e-001	
  8.7220000e+000	  7.1304128e+004	  3.0943142e+002	 -8.0371744e-003	
  8.7420000e+000	  7.1535549e+004	  3.0943338e+002	  4.0050179e-002	
  8.7620000e+000	  7.1431102e+004	  3.0943535e+002	  1.4391409e-001	
  8.7820000e+000	  7.1498685e+004	  3.0943731e+002	  2.0843197e-001	
  8.8030000e+000	  7.1351231e+004	  3.0943937e+002	  1.2372968e-001	
  8.8220000e+000	  7.1967670e+004	  3.0944123e+002	  1.3160640e-001	
  8.8420000e+000	  7.1443389e+004	  3.0944318e+002	  1.3609897e-001	
  8.8620000e+000	  7.1357375e+004	  3.0944514e+002	  7.1090238e-002	
  8.8860000e+000	  7.1779257e+004	  3.0944748e+002	 -2.2482111e-002	
  8.9020000e+000	  7.1347135e+004	  3.0944904e+002	 -1.1298055e-001	
  8.9220000e+000	  7.1005125e+004	  3.0945098e+002	 -4.9894464e-002	
  8.9420000e+000	  7.1639995e+004	  3.0945293e+002	 -1.3961097e-001	
  8.9620000e+000	  7.1445438e+004	  3.0945487e+002	  5.6928103e-002	
  8.9820000e+000	  7.1611323e+004	  3.0945682e+002	 -5.2054068e-003	
  9.0020000e+000	  7.1308224e+004	  3.0945876e+002	 -1.6468602e-001	
  9.0220000e+000	  7.1373759e+004	  3.0946069e+002	  1.5613536e-001	
  9.0420000e+000	  7.0835143e+004	  3.0946263e+002	  3.1845295e-002	
  9.0610000e+000	  7.1535548e+004	  3.0946447e+002	 -1.6554722e-001	
  9.0820000e+000	  7.1257025e+004	  3.0946649e+002	 -8.0543513e-002	
  9.1020000e+000	  7.1175106e+004	  3.0946842e+002	 -8.8651180e-002	
  9.1220000e+000	  7.1484349e+004	  3.0947035e+002	 -1.5467599e-001	
  9.1450000e+000	  7.1164866e+004	  3.0947257e+002	  1.3317411e-001	
  9.1620000e+000	  7.1345088e+004	  3.0947420e+002	 -2.1631161e-003	
  9.1820000e+000	  7.1388095e+004	  3.0947612e+002	 -3.6594821e-001	
  9.2020000e+000	  7.1535549e+004	  3.0947804e+002	 -2.6729592e-001	
  9.2230000e+000	  7.1324608e+004	  3.0948006e+002	 -1.7686772e-001	
  9.2420000e+000	  7.1637947e+004	  3.0948188e+002	 -3.2988215e-001	
  9.2630000e+000	  7.1187394e+004	  3.0948389e+002	 -2.4422965e-001	
  9.2820000e+000	  7.1220161e+004	  3.0948570e+002	 -1.9670057e-001	
  9.3030000e+000	  5.9883630e+005	  3.0948771e+002	  8.0659463e-002	
  9.3220000e+000	  5.9989305e+005	  3.0948952e+002	 -1.1925680e-001	
  9.3430000e+000	  5.9536295e+005	  3.0949152e+002	 -3.7051009e-001	
  9.3620000e+000	  5.9901038e+005	  3.0949333e+002	 -2.4351021e-001	
  9.3860000e+000	  5.9580121e+005	  3.0949561e+002	 -2.1251262e-001	
  9.4020000e+000	  5.9632344e+005	  3.0949713e+002	 -2.3589643e-001	
  9.4220000e+000	  5.9371228e+005	  3.0949903e+002	 -9.3450849e-003	
  9.4420000e+000	  5.9363037e+005	  3.0950093e+002	 -2.5610172e-001	
  9.4620000e+000	  5.9338051e+005	  3.0950282e+002	 -5.9760813e-003	
  9.4820000e+000	  5.9047445e+005	  3.0950471e+002	 -5.7156742e-002	
  9.5020000e+000	  5.8934602e+005	  3.0950660e+002	 -1.6580495e-001	
  9.5220000e+000	  5.8853502e+005	  3.0950849e+002	 -5.4890386e-002	
  9.5420000e+000	  5.9366723e+005	  3.0951038e+002	  1.3897960e-001	
  9.5620000e+000	  5.8854731e+005	  3.0951226e+002	  5.5741400e-002	
  9.5820000e+000	  5.8979862e+005	  3.0951414e+002	  2.6571654e-002	
  9.6020000e+000	  5.8876439e+005	  3.0951602e+002	  9.6398471e-003	
  9.6220000e+000	  5.8524803e+005	  3.0951790e+002	 -9.4351925e-002	
  9.6490000e+000	  5.8431006e+005	  3.0952044e+002	  1.5073518e-001	
  9.6620000e+000	  5.8342534e+005	  3.0952165e+002	  1.0452923e-001	
  9.6820000e+000	  5.8333932e+005	  3.0952353e+002	  1.6179195e-001	
  9.7020000e+000	  5.8201019e+005	  3.0952540e+002	  4.4228733e-002	
  9.7230000e+000	  5.8073431e+005	  3.0952736e+002	  1.2100155e-001	
  9.7460000e+000	  5.7945228e+005	  3.0952951e+002	  2.2152108e-001	
  9.7630000e+000	  5.7887065e+005	  3.0953109e+002	 -7.7407254e-002	
  9.7820000e+000	  5.7828289e+005	  3.0953286e+002	  6.4210035e-002	
  9.8030000e+000	  5.8143676e+005	  3.0953481e+002	  3.2836948e-001	
  9.8220000e+000	  5.8024484e+005	  3.0953658e+002	  2.2036468e-001	
  9.8430000e+000	  5.8145724e+005	  3.0953853e+002	  2.9719494e-001	
  9.8620000e+000	  5.8388613e+005	  3.0954029e+002	  2.7144431e-001	
  9.8830000e+000	  7.1871415e+004	  3.0954224e+002	  1.9684780e-001	
  9.9020000e+000	  7.1377855e+004	  3.0954400e+002	  1.8441223e-001	
  9.9220000e+000	  7.1367615e+004	  3.0954585e+002	  2.9628663e-001	
  9.9450000e+000	  7.1685050e+004	  3.0954797e+002	  2.7412013e-001	
  9.9620000e+000	  7.1459774e+004	  3.0954954e+002	  1.3766762e-001	
  9.9820000e+000	  7.1525309e+004	  3.0955138e+002	  9.6334762e-002	
  1.0002000e+001	  7.1721913e+004	  3.0955323e+002	  3.7449101e-002	
  1.0025000e+001	  7.1660475e+004	  3.0955534e+002	  1.1590386e-001	
  1.0042000e+001	  7.1644091e+004	  3.0955690e+002	  7.9216880e-002	
  1.0062000e+001	  7.1330752e+004	  3.0955874e+002	  1.9738095e-001	
  1.0082000e+001	  7.1754681e+004	  3.0956057e+002	 -2.0065959e-003	
  1.0102000e+001	  7.1396287e+004	  3.0956241e+002	  1.1691718e-001	
  1.0125000e+001	  7.1805880e+004	  3.0956451e+002	  2.0579169e-001	
  1.0142000e+001	  7.1543741e+004	  3.0956607e+002	 -7.7713018e-002	
  1.0166000e+001	  7.1185345e+004	  3.0956826e+002	  3.6643995e-002	
  1.0183000e+001	  7.1498685e+004	  3.0956981e+002	  1.6246136e-002	
  1.0202000e+001	  7.1564220e+004	  3.0957154e+002	 -1.2349830e-001	
  1.0223000e+001	  7.1173058e+004	  3.0957345e+002	  1.4774915e-002	
  1.0242000e+001	  7.1592892e+004	  3.0957518e+002	 -8.0668490e-002	
  1.0263000e+001	  7.1437246e+004	  3.0957709e+002	 -7.7357522e-002	
  1.0287000e+001	  7.1408575e+004	  3.0957927e+002	 -2.4670452e-001	
  1.0303000e+001	  7.1558076e+004	  3.0958072e+002	 -1.8113881e-001	
  1.0325000e+001	  7.1029700e+004	  3.0958271e+002	 -1.1983591e-001	
  1.0343000e+001	  7.1197633e+004	  3.0958434e+002	 -5.8247853e-002	
  1.0362000e+001	  7.1846840e+004	  3.0958606e+002	 -1.7410538e-001	
  1.0383000e+001	  7.1244737e+004	  3.0958795e+002	 -2.9099237e-001	
  1.0402000e+001	  7.1869367e+004	  3.0958967e+002	 -1.0008700e-001	
  1.0423000e+001	  7.1850936e+004	  3.0959156e+002	 -2.4292188e-001	
  1.0442000e+001	  7.1093187e+004	  3.0959327e+002	 -2.0095034e-001	
  1.0463000e+001	  7.1672762e+004	  3.0959516e+002	 -1.9695157e-001	
  1.0482000e+001	  5.8910845e+005	  3.0959686e+002	 -1.5817410e-001	
  1.0506000e+001	  5.8427115e+005	  3.0959902e+002	 -1.3524050e-001	
  1.0522000e+001	  5.8361580e+005	  3.0960045e+002	 -3.1435053e-001	
  1.0542000e+001	  5.8394962e+005	  3.0960224e+002	 -5.0078348e-002	
  1.0562000e+001	  5.8478109e+005	  3.0960403e+002	 -6.1015451e-002	
  1.0582000e+001	  5.8220884e+005	  3.0960582e+002	 -3.3115112e-001	
  1.0602000e+001	  5.8145314e+005	  3.0960760e+002	 -7.7560761e-002	
  1.0622000e+001	  5.8447595e+005	  3.0960939e+002	  6.8706531e-002	
  1.0649000e+001	  5.8390456e+005	  3.0961179e+002	 -8.5537993e-002	
  1.0662000e+001	  5.8817458e+005	  3.0961295e+002	 -2.1747321e-001	
  1.0683000e+001	  5.8457425e+005	  3.0961481e+002	 -5.9519694e-002	
  1.0702000e+001	  5.8567401e+005	  3.0961650e+002	 -6.0741821e-002	
  1.0723000e+001	  5.8064829e+005	  3.0961836e+002	  6.5427783e-002	
  1.0742000e+001	  5.8242593e+005	  3.0962005e+002	  3.6144527e-002	
  1.0763000e+001	  5.8278637e+005	  3.0962191e+002	  1.9143461e-002	
  1.0782000e+001	  5.8509034e+005	  3.0962359e+002	  6.2075643e-002	
  1.0803000e+001	  5.7884198e+005	  3.0962544e+002	 -1.3110898e-001	
  1.0822000e+001	  5.8360556e+005	  3.0962712e+002	  9.4800899e-002	
  1.0846000e+001	  5.8214741e+005	  3.0962924e+002	 -4.4272793e-002	
  1.0862000e+001	  5.8247508e+005	  3.0963064e+002	 -5.1874745e-002	
  1.0883000e+001	  5.8364242e+005	  3.0963249e+002	 -8.8028353e-002	
  1.0902000e+001	  5.8767897e+005	  3.0963416e+002	  1.2426345e-001	
  1.0923000e+001	  5.8352774e+005	  3.0963601e+002	  1.3244055e-001	
  1.0942000e+001	  5.8884222e+005	  3.0963767e+002	  5.1976874e-002	
  1.0966000e+001	  5.8718336e+005	  3.0963977e+002	  9.3295897e-002	
  1.0982000e+001	  5.8876030e+005	  3.0964118e+002	  1.6606064e-001	
  1.1003000e+001	  5.8378988e+005	  3.0964301e+002	  3.3099758e-001	
  1.1022000e+001	  5.8573340e+005	  3.0964467e+002	  2.4015445e-001	
  1.1042000e+001	  5.8585423e+005	  3.0964642e+002	  2.9032399e-001	
  1.1065000e+001	  7.1562172e+004	  3.0964842e+002	  1.5906722e-001	
  1.1083000e+001	  7.1818168e+004	  3.0964999e+002	  1.2913544e-001	
  1.1102000e+001	  7.1418814e+004	  3.0965164e+002	  3.7015190e-001	
  1.1122000e+001	  7.1613371e+004	  3.0965338e+002	  1.4240191e-001	
  1.1145000e+001	  7.1476157e+004	  3.0965537e+002	  3.2821132e-001	
  1.1162000e+001	  7.1021508e+004	  3.0965685e+002	  2.0388388e-001	
  1.1183000e+001	  7.1566268e+004	  3.0965867e+002	 -1.8204271e-002	
  1.1202000e+001	  7.1777209e+004	  3.0966031e+002	  8.1836397e-002	
  1.1226000e+001	  7.1496637e+004	  3.0966239e+002	  1.6772066e-001	
  1.1243000e+001	  7.1388095e+004	  3.0966385e+002	  4.4791245e-002	
  1.1263000e+001	  7.1353279e+004	  3.0966558e+002	 -9.4327989e-002	
  1.1282000e+001	  7.1678906e+004	  3.0966722e+002	  9.3107952e-002	
  1.1303000e+001	  7.1363519e+004	  3.0966902e+002	 -6.4644445e-002	
  1.1322000e+001	  7.0861767e+004	  3.0967066e+002	  7.7698148e-003	
  1.1346000e+001	  7.1396287e+004	  3.0967272e+002	 -8.2779650e-002	
  1.1362000e+001	  7.1289792e+004	  3.0967409e+002	 -2.6483388e-002	
  1.1383000e+001	  7.1449534e+004	  3.0967589e+002	 -8.7321615e-002	
  1.1402000e+001	  7.1306175e+004	  3.0967752e+002	  6.2403595e-003	
  1.1425000e+001	  7.1316416e+004	  3.0967949e+002	 -1.8421899e-001	
  1.1442000e+001	  7.1123907e+004	  3.0968094e+002	 -7.7600873e-002	
  1.1463000e+001	  7.1553980e+004	  3.0968273e+002	 -2.4834330e-001	
  1.1482000e+001	  7.1037892e+004	  3.0968435e+002	 -2.0574341e-001	
  1.1503000e+001	  7.1525309e+004	  3.0968614e+002	 -2.1919459e-001	
  1.1522000e+001	  7.1201730e+004	  3.0968776e+002	 -1.1219659e-001	
  1.1542000e+001	  7.1836600e+004	  3.0968946e+002	 -2.0407526e-001	
  1.1565000e+001	  7.1263168e+004	  3.0969141e+002	  4.7155166e-002	
  1.1582000e+001	  7.0990789e+004	  3.0969285e+002	 -1.3337859e-001	
  1.1602000e+001	  7.1306176e+004	  3.0969455e+002	  6.5535833e-003	
  1.1622000e+001	  7.1123907e+004	  3.0969624e+002	 -1.6300411e-001	
  1.1646000e+001	  5.8889956e+005	  3.0969827e+002	 -1.8274178e-001	
  1.1663000e+001	  5.8689050e+005	  3.0969971e+002	 -9.6949666e-002	
  1.1683000e+001	  5.9270673e+005	  3.0970139e+002	 -1.9142680e-001	
  1.1702000e+001	  5.8771583e+005	  3.0970300e+002	 -2.2247422e-001	
  1.1723000e+001	  5.8540368e+005	  3.0970477e+002	 -2.3368390e-001	
  1.1742000e+001	  5.8231329e+005	  3.0970636e+002	 -1.7214836e-001	
  1.1763000e+001	  5.8811723e+005	  3.0970813e+002	 -1.4706250e-001	
  1.1782000e+001	  5.8558390e+005	  3.0970972e+002	  2.4527504e-002	
  1.1806000e+001	  5.9110522e+005	  3.0971174e+002	 -2.6457209e-001	
  1.1822000e+001	  5.8985596e+005	  3.0971308e+002	 -2.6865379e-002	
  1.1846000e+001	  5.8797388e+005	  3.0971509e+002	 -2.0201496e-002	
  1.1862000e+001	  5.8841419e+005	  3.0971642e+002	  1.0861875e-001	
  1.1883000e+001	  5.9347677e+005	  3.0971818e+002	 -1.8073440e-001	
  1.1902000e+001	  5.8610613e+005	  3.0971976e+002	 -1.0619210e-001	
  1.1923000e+001	  5.8670414e+005	  3.0972151e+002	  1.7168904e-001	
  1.1942000e+001	  5.8699904e+005	  3.0972310e+002	 -6.1944045e-002	
  1.1966000e+001	  5.9053589e+005	  3.0972509e+002	  2.7204176e-002	
  1.1982000e+001	  5.8442270e+005	  3.0972642e+002	  9.6379409e-002	
  1.2003000e+001	  5.8772812e+005	  3.0972816e+002	 -9.9814916e-004	
  1.2022000e+001	  5.8744140e+005	  3.0972974e+002	  4.1743015e-002	
  1.2043000e+001	  5.8892618e+005	  3.0973148e+002	 -3.9737628e-003	
  1.2062000e+001	  5.8721613e+005	  3.0973305e+002	 -6.9599268e-002	
  1.2086000e+001	  5.8892413e+005	  3.0973504e+002	 -2.3357915e-002	
  1.2102000e+001	  5.8765235e+005	  3.0973636e+002	  2.1732045e-001	
  1.2123000e+001	  5.8864356e+005	  3.0973809e+002	 -3.2225271e-002	
  1.2142000e+001	  5.8892004e+005	  3.0973965e+002	  1.4302501e-001	
  1.2162000e+001	  5.9341942e+005	  3.0974130e+002	  1.9654406e-001	
  1.2183000e+001	  5.8990921e+005	  3.0974303e+002	  2.1926787e-001	
  1.2205000e+001	  5.8954057e+005	  3.0974484e+002	  1.8716894e-001	
  1.2223000e+001	  5.9319824e+005	  3.0974631e+002	  2.9329155e-001	
  1.2242000e+001	  7.1230401e+004	  3.0974787e+002	  1.1466386e-001	
  1.2263000e+001	  7.1347135e+004	  3.0974959e+002	  1.3466388e-002	
  1.2283000e+001	  7.1343039e+004	  3.0975123e+002	  3.3787004e-001	
  1.2303000e+001	  7.1687098e+004	  3.0975286e+002	  4.2421128e-001	
  1.2325000e+001	  7.1304128e+004	  3.0975466e+002	  1.5856376e-001	
  1.2343000e+001	  7.1433150e+004	  3.0975612e+002	  8.5626648e-002	
  1.2363000e+001	  7.1173058e+004	  3.0975775e+002	  9.2501903e-002	
  1.2383000e+001	  7.1013316e+004	  3.0975938e+002	  3.6779169e-001	
  1.2402000e+001	  7.1484350e+004	  3.0976093e+002	  1.1257379e-001	
  1.2423000e+001	  7.1287744e+004	  3.0976263e+002	  1.1743526e-001	
  1.2445000e+001	  7.1312320e+004	  3.0976442e+002	  1.1320820e-001	
  1.2463000e+001	  7.1584700e+004	  3.0976588e+002	  6.8403144e-002	
  1.2482000e+001	  7.1726010e+004	  3.0976741e+002	  2.5152025e-003	
  1.2503000e+001	  7.1502781e+004	  3.0976911e+002	 -6.9743833e-002	
  1.2522000e+001	  7.1515069e+004	  3.0977065e+002	  8.1272436e-002	
  1.2543000e+001	  7.1097283e+004	  3.0977234e+002	  7.1620203e-002	
  1.2562000e+001	  7.0884294e+004	  3.0977387e+002	 -8.5087591e-002	
  1.2583000e+001	  7.1486397e+004	  3.0977557e+002	 -2.0918944e-001	
  1.2603000e+001	  7.1742393e+004	  3.0977718e+002	  2.5060939e-002	
  1.2623000e+001	  7.1590844e+004	  3.0977878e+002	 -1.3190526e-001	
  1.2646000e+001	  7.1091139e+004	  3.0978063e+002	  2.8134073e-002	
  1.2662000e+001	  7.1457725e+004	  3.0978191e+002	 -1.2553827e-001	
  1.2683000e+001	  7.1447486e+004	  3.0978360e+002	 -6.7882880e-003	
  1.2702000e+001	  7.0663114e+004	  3.0978512e+002	 -1.2841389e-001	
  1.2723000e+001	  7.1191490e+004	  3.0978680e+002	 -2.9370104e-001	
  1.2745000e+001	  7.1351231e+004	  3.0978855e+002	 -2.0073721e-001	
  1.2763000e+001	  7.1375807e+004	  3.0978999e+002	 -3.1384641e-001	
  1.2783000e+001	  7.1424958e+004	  3.0979158e+002	 -1.5453809e-001	
  1.2803000e+001	  7.1439294e+004	  3.0979318e+002	 -2.1997401e-001	
  1.2823000e+001	  5.8607131e+005	  3.0979477e+002	 -1.0019034e-001	
  1.2843000e+001	  5.8857393e+005	  3.0979636e+002	 -8.1089145e-002	
  1.2862000e+001	  5.8717107e+005	  3.0979787e+002	 -2.0522276e-001	
  1.2886000e+001	  5.8648705e+005	  3.0979977e+002	 -8.4220368e-002	
  1.2903000e+001	  5.8386360e+005	  3.0980111e+002	 -1.3435304e-001	
  1.2923000e+001	  5.8551222e+005	  3.0980270e+002	 -6.3102136e-002	
  1.2942000e+001	  5.8659559e+005	  3.0980420e+002	 -1.0761818e-001	
  1.2963000e+001	  5.8606927e+005	  3.0980586e+002	 -1.0590953e-001	
  1.2982000e+001	  5.8033905e+005	  3.0980736e+002	 -1.4016856e-002	
  1.3006000e+001	  5.8799026e+005	  3.0980925e+002	 -2.3434995e-001	
  1.3022000e+001	  5.8526646e+005	  3.0981051e+002	 -4.4935495e-003	
  1.3043000e+001	  5.8381855e+005	  3.0981216e+002	 -1.1145038e-001	
  1.3066000e+001	  5.8327993e+005	  3.0981397e+002	  2.1808265e-002	
  1.3083000e+001	  5.8474423e+005	  3.0981530e+002	 -5.2427166e-002	
  1.3102000e+001	  5.8198152e+005	  3.0981679e+002	  5.3000467e-002	
  1.3123000e+001	  5.8098621e+005	  3.0981844e+002	 -3.5053648e-002	
  1.3146000e+001	  5.8170709e+005	  3.0982024e+002	  1.0833423e-001	
  1.3163000e+001	  5.7898739e+005	  3.0982156e+002	  5.7933130e-002	
  1.3183000e+001	  5.7905702e+005	  3.0982313e+002	 -2.6760091e-002	
  1.3203000e+001	  5.7602398e+005	  3.0982469e+002	  9.9915540e-002	
  1.3223000e+001	  5.7910208e+005	  3.0982624e+002	 -1.2616743e-002	
  1.3243000e+001	  5.8015883e+005	  3.0982780e+002	  1.4210963e-002	
  1.3263000e+001	  5.7789173e+005	  3.0982936e+002	  3.9339195e-002	
  1.3287000e+001	  5.8066263e+005	  3.0983122e+002	  2.1054935e-001	
  1.3303000e+001	  5.7887680e+005	  3.0983246e+002	  1.5222669e-001	
  1.3322000e+001	  5.7818254e+005	  3.0983394e+002	  1.8444672e-001	
  1.3343000e+001	  5.7750466e+005	  3.0983556e+002	  2.4341940e-001	
  1.3366000e+001	  5.7821530e+005	  3.0983734e+002	  1.6649526e-001	
  1.3383000e+001	  5.8041482e+005	  3.0983866e+002	  2.3397505e-001	
  1.3403000e+001	  7.1820216e+004	  3.0984020e+002	 -3.8989594e-002	
  1.3423000e+001	  7.1568316e+004	  3.0984174e+002	  9.1835202e-002	
  1.3442000e+001	  7.1191490e+004	  3.0984321e+002	  1.1572489e-001	
  1.3463000e+001	  7.1744441e+004	  3.0984482e+002	  3.8067802e-001	
  1.3483000e+001	  7.2035253e+004	  3.0984636e+002	  2.7137649e-001	
  1.3503000e+001	  7.1308224e+004	  3.0984790e+002	  1.7083714e-001	
  1.3523000e+001	  7.1844792e+004	  3.0984943e+002	  1.7861764e-001	
  1.3543000e+001	  7.1498685e+004	  3.0985096e+002	 -1.3061508e-002	
  1.3562000e+001	  7.1107523e+004	  3.0985242e+002	  9.5328792e-002	
  1.3583000e+001	  7.1558076e+004	  3.0985402e+002	  2.3819578e-002	
  1.3605000e+001	  7.1302080e+004	  3.0985571e+002	  1.7031629e-001	
  1.3623000e+001	  7.1205826e+004	  3.0985708e+002	  2.4638117e-001	
  1.3642000e+001	  7.1064515e+004	  3.0985853e+002	  4.7588072e-002	
  1.3663000e+001	  7.1668666e+004	  3.0986013e+002	  2.7751211e-002	
  1.3685000e+001	  7.1259073e+004	  3.0986180e+002	  8.7511673e-002	
  1.3703000e+001	  7.1592891e+004	  3.0986317e+002	 -6.4581324e-002	
  1.3723000e+001	  7.0972357e+004	  3.0986469e+002	 -2.2641932e-001	
  1.3743000e+001	  7.1488445e+004	  3.0986621e+002	 -1.1435843e-001	
  1.3763000e+001	  7.1564220e+004	  3.0986772e+002	  8.3186301e-002	
  1.3783000e+001	  7.1117762e+004	  3.0986924e+002	 -1.8455523e-001	
  1.3806000e+001	  7.1764921e+004	  3.0987098e+002	 -7.7928593e-002	
  1.3823000e+001	  7.1887799e+004	  3.0987226e+002	 -4.6782586e-002	
  1.3843000e+001	  7.1852984e+004	  3.0987377e+002	 -1.3015407e-001	
  1.3866000e+001	  7.1177154e+004	  3.0987550e+002	 -9.5163457e-002	
  1.3883000e+001	  7.1164866e+004	  3.0987678e+002	 -3.1220510e-001	
  1.3903000e+001	  7.1111619e+004	  3.0987829e+002	 -2.9061010e-001	
  1.3923000e+001	  7.1828408e+004	  3.0987979e+002	 -2.8124801e-002	
  1.3942000e+001	  7.1484349e+004	  3.0988122e+002	 -3.2772651e-001	
  1.3963000e+001	  7.1726010e+004	  3.0988279e+002	 -1.8540151e-001	
  1.3983000e+001	  7.1693242e+004	  3.0988429e+002	 -3.0328009e-001	
  1.4003000e+001	  5.8648910e+005	  3.0988579e+002	 -1.5762484e-001	
  1.4022000e+001	  5.8312019e+005	  3.0988721e+002	 -2.8000654e-001	
  1.4047000e+001	  5.8333727e+005	  3.0988908e+002	 -8.8600895e-002	
  1.4063000e+001	  5.8107017e+005	  3.0989027e+002	 -2.5240155e-001	
  1.4083000e+001	  5.8273927e+005	  3.0989176e+002	 -3.7151592e-003	
  1.4103000e+001	  5.8293792e+005	  3.0989325e+002	 -3.1852474e-001	
  1.4123000e+001	  5.7967960e+005	  3.0989474e+002	 -2.9144327e-001	
  1.4142000e+001	  5.8052337e+005	  3.0989615e+002	 -8.7602305e-002	
  1.4163000e+001	  5.8154530e+005	  3.0989771e+002	  6.4150689e-003	
  1.4183000e+001	  5.7803508e+005	  3.0989920e+002	 -1.0230408e-001	
  1.4207000e+001	  5.7920857e+005	  3.0990097e+002	 -9.7902710e-002	
  1.4223000e+001	  5.8093706e+005	  3.0990216e+002	  7.2023482e-002	
  1.4243000e+001	  5.8010558e+005	  3.0990364e+002	  1.3595214e-001	
  1.4265000e+001	  5.7969599e+005	  3.0990526e+002	 -1.4419147e-001	
  1.4283000e+001	  5.8158012e+005	  3.0990659e+002	  5.1901597e-002	
  1.4303000e+001	  5.8300550e+005	  3.0990806e+002	  9.9804337e-002	
  1.4323000e+001	  5.8367109e+005	  3.0990954e+002	 -4.9235251e-002	
  1.4343000e+001	  5.8565762e+005	  3.0991101e+002	  5.7640088e-002	
  1.4363000e+001	  5.8397214e+005	  3.0991248e+002	  6.6734159e-002	
  1.4383000e+001	  5.8691508e+005	  3.0991395e+002	 -2.0403066e-002	
  1.4409000e+001	  5.8643995e+005	  3.0991585e+002	  4.7365510e-002	
  1.4423000e+001	  5.8382674e+005	  3.0991688e+002	  9.4537454e-002	
  1.4443000e+001	  5.8210440e+005	  3.0991834e+002	  4.1108128e-002	
  1.4463000e+001	  5.8173781e+005	  3.0991981e+002	  1.1950689e-001	
  1.4483000e+001	  5.8111728e+005	  3.0992127e+002	 -1.7152163e-003	
  1.4503000e+001	  5.8039844e+005	  3.0992273e+002	  1.0707724e-001	
  1.4525000e+001	  5.7888499e+005	  3.0992433e+002	  1.3279449e-001	
  1.4543000e+001	  5.8141014e+005	  3.0992564e+002	  1.2853119e-001	
  1.4563000e+001	  5.7999294e+005	  3.0992709e+002	  2.1819167e-001	
  1.4583000e+001	  7.1273409e+004	  3.0992855e+002	  2.4029001e-001	
  1.4602000e+001	  7.1588795e+004	  3.0992993e+002	  7.0808570e-002	
  1.4627000e+001	  7.1080899e+004	  3.0993174e+002	  6.1565769e-002	
  1.4643000e+001	  7.1363519e+004	  3.0993290e+002	  1.5698504e-001	
  1.4663000e+001	  7.1701434e+004	  3.0993435e+002	  1.0178419e-001	
  1.4683000e+001	  7.1799737e+004	  3.0993579e+002	  7.5190964e-002	
  1.4703000e+001	  7.1459773e+004	  3.0993724e+002	 -5.6596357e-002	
  1.4723000e+001	  7.1642043e+004	  3.0993868e+002	  5.8163681e-002	
  1.4743000e+001	  7.1146434e+004	  3.0994012e+002	 -7.4226196e-002	
  1.4763000e+001	  7.1271360e+004	  3.0994156e+002	  1.4170573e-003	
  1.4783000e+001	  7.1406526e+004	  3.0994300e+002	  1.0199481e-001	
  1.4804000e+001	  7.1252929e+004	  3.0994451e+002	 -1.0006625e-001	
  1.4823000e+001	  7.1328703e+004	  3.0994587e+002	  6.3852206e-002	
  1.4844000e+001	  7.1621563e+004	  3.0994738e+002	 -4.0589546e-003	
  1.4863000e+001	  7.1656379e+004	  3.0994874e+002	 -1.5067110e-001	
  1.4886000e+001	  7.1527357e+004	  3.0995039e+002	 -8.9915410e-002	
  1.4903000e+001	  7.1056324e+004	  3.0995160e+002	 -1.4184764e-001	
  1.4923000e+001	  7.1146434e+004	  3.0995303e+002	 -7.6614634e-002	
  1.4943000e+001	  7.1406526e+004	  3.0995446e+002	 -7.7070870e-002	
  1.4963000e+001	  7.1162818e+004	  3.0995588e+002	 -4.1377627e-002	
  1.4983000e+001	  7.1140290e+004	  3.0995731e+002	 -1.4512906e-001	
  1.5006000e+001	  7.1035844e+004	  3.0995894e+002	 -2.3309765e-001	
  1.5023000e+001	  7.1744442e+004	  3.0996015e+002	 -7.2262869e-002	
  1.5043000e+001	  7.1314368e+004	  3.0996157e+002	 -1.6161210e-001	
  1.5063000e+001	  7.1263169e+004	  3.0996299e+002	 -3.1861190e-001	
  1.5083000e+001	  7.1588796e+004	  3.0996441e+002	 -1.8882963e-001	
  1.5102000e+001	  7.1820216e+004	  3.0996575e+002	 -2.1873134e-001	
  1.5123000e+001	  7.1547836e+004	  3.0996724e+002	 -2.2581830e-001	
  1.5147000e+001	  7.1367615e+004	  3.0996893e+002	 -2.0537787e-002	
  1.5163000e+001	  5.7274518e+005	  3.0997006e+002	 -2.6546657e-001	
  1.5183000e+001	  5.7573112e+005	  3.0997147e+002	 -2.9732420e-001	
  1.5203000e+001	  5.6958107e+005	  3.0997288e+002	 -1.9651610e-001	
  1.5223000e+001	  5.6986983e+005	  3.0997429e+002	 -9.9141788e-002	
  1.5246000e+001	  5.7455354e+005	  3.0997590e+002	 -6.8554650e-002	
  1.5264000e+001	  5.7222704e+005	  3.0997717e+002	  7.0010990e-002	
  1.5283000e+001	  5.7117234e+005	  3.0997850e+002	 -1.0625156e-001	
  1.5304000e+001	  5.7140991e+005	  3.0997997e+002	 -4.1536396e-003	
  1.5323000e+001	  5.7169252e+005	  3.0998130e+002	 -1.5160880e-001	
  1.5344000e+001	  5.7264483e+005	  3.0998277e+002	 -1.6846034e-001	
  1.5363000e+001	  5.6869225e+005	  3.0998410e+002	 -1.8220250e-001	
  1.5386000e+001	  5.7262025e+005	  3.0998570e+002	 -9.4343383e-003	
  1.5403000e+001	  5.7399239e+005	  3.0998689e+002	 -1.1469431e-001	
  1.5424000e+001	  5.7182155e+005	  3.0998835e+002	  1.6500727e-002	
  1.5443000e+001	  5.7444499e+005	  3.0998967e+002	  1.3028811e-001	
  1.5463000e+001	  5.7470713e+005	  3.0999106e+002	  7.6846873e-005	
  1.5483000e+001	  5.7216561e+005	  3.0999245e+002	  8.3921972e-002	
  1.5503000e+001	  5.7326741e+005	  3.0999384e+002	  2.5953923e-001	
  1.5526000e+001	  5.7667728e+005	  3.0999543e+002	  2.0378569e-001	
  1.5543000e+001	  5.7675715e+005	  3.0999661e+002	 -2.6066822e-004	
  1.5563000e+001	  5.8080189e+005	  3.0999799e+002	 -1.0053532e-002	
  1.5583000e+001	  5.8302803e+005	  3.0999937e+002	  8.7175363e-002	
  1.5603000e+001	  5.8000318e+005	  3.1000075e+002	  2.1627676e-001	
  1.5627000e+001	  5.8068925e+005	  3.1000241e+002	  8.0616557e-003	
  1.5643000e+001	  5.8364652e+005	  3.1000351e+002	  1.9117198e-001	
  1.5666000e+001	  5.7875597e+005	  3.1000509e+002	  1.4009367e-001	
  1.5683000e+001	  5.7875187e+005	  3.1000626e+002	  1.5887666e-001	
  1.5703000e+001	  5.7919014e+005	  3.1000763e+002	  3.5135829e-001	
  1.5724000e+001	  5.7590724e+005	  3.1000907e+002	  1.5838451e-001	
  1.5747000e+001	  5.7526009e+005	  3.1001065e+002	  2.7370344e-001	
  1.5764000e+001	  7.0912966e+004	  3.1001181e+002	  2.2462655e-001	
  1.5783000e+001	  7.1336895e+004	  3.1001311e+002	  1.7383727e-001	
  1.5804000e+001	  7.1322560e+004	  3.1001455e+002	  1.7443385e-001	
  1.5827000e+001	  7.1343040e+004	  3.1001612e+002	  4.5776209e-002	
  1.5844000e+001	  7.1316416e+004	  3.1001728e+002	  1.5057730e-001	
  1.5863000e+001	  7.1607227e+004	  3.1001857e+002	  2.0678011e-001	
  1.5883000e+001	  7.1713722e+004	  3.1001993e+002	  1.7193774e-001	
  1.5903000e+001	  7.1490493e+004	  3.1002129e+002	 -5.6202974e-002	
  1.5923000e+001	  7.1556028e+004	  3.1002265e+002	 -5.4861847e-002	
  1.5946000e+001	  7.1785401e+004	  3.1002421e+002	  8.7744912e-002	
  1.5964000e+001	  7.1775161e+004	  3.1002543e+002	  9.8162244e-002	
  1.5983000e+001	  7.1527357e+004	  3.1002672e+002	 -9.8842228e-002	
  1.6004000e+001	  7.1211970e+004	  3.1002814e+002	  1.0941535e-001	
  1.6023000e+001	  7.1955382e+004	  3.1002942e+002	 -2.1699140e-001	
