  0.0000000e+000	  6.1574433e+005	  3.0836350e+002	  5.6036894e-002	
  2.1000000e-002	  6.1375985e+005	  3.0836636e+002	  7.0410907e-002	
  4.1000000e-002	  6.1152142e+005	  3.0836908e+002	 -9.7733198e-002	
  6.1000000e-002	  6.1386020e+005	  3.0837180e+002	  5.0618997e-002	
  8.3000000e-002	  6.1004688e+005	  3.0837479e+002	 -9.2387905e-002	
  1.0100000e-001	  6.1313522e+005	  3.0837724e+002	 -1.4246770e-002	
  1.2000000e-001	  6.0935877e+005	  3.0837983e+002	  2.2649119e-002	
  1.8100000e-001	  6.1105039e+005	  3.0838813e+002	 -7.1064239e-002	
  2.0000000e-001	  6.1016362e+005	  3.0839072e+002	  2.3629060e-001	
  2.2100000e-001	  6.1187777e+005	  3.0839358e+002	  4.3082704e-003	
  2.4000000e-001	  6.1232013e+005	  3.0839616e+002	  7.4421049e-002	
  2.6100000e-001	  6.1093775e+005	  3.0839902e+002	  1.4408864e-001	
  2.8100000e-001	  6.1120603e+005	  3.0840174e+002	  1.5213743e-001	
  3.0000000e-001	  6.1225664e+005	  3.0840433e+002	  9.5466087e-002	
  3.2100000e-001	  6.1316594e+005	  3.0840719e+002	  5.1653480e-002	
  3.4100000e-001	  6.1304101e+005	  3.0840991e+002	  1.3436095e-001	
  3.6100000e-001	  6.1170779e+005	  3.0841263e+002	  1.5666619e-001	
  3.8300000e-001	  6.1006941e+005	  3.0841562e+002	  2.1121492e-001	
  4.0100000e-001	  7.3188260e+004	  3.0841807e+002	  1.0417506e-001	
  4.2100000e-001	  7.1340991e+004	  3.0842079e+002	  1.1671328e-001	
  4.4100000e-001	  7.1420862e+004	  3.0842352e+002	  2.7119475e-002	
  4.6000000e-001	  7.0882246e+004	  3.0842610e+002	  1.6213586e-001	
  4.8100000e-001	  7.1054276e+004	  3.0842896e+002	  1.4823949e-001	
  5.0100000e-001	  7.1513021e+004	  3.0843168e+002	  3.0899909e-002	
  5.2100000e-001	  7.1359423e+004	  3.0843440e+002	  1.3581257e-001	
  5.4300000e-001	  7.0894534e+004	  3.0843739e+002	 -4.9403633e-002	
  5.6100000e-001	  7.1252929e+004	  3.0843984e+002	 -4.5809853e-002	
  5.8000000e-001	  7.0876102e+004	  3.0844243e+002	  5.8565658e-003	
  6.0100000e-001	  7.1017412e+004	  3.0844528e+002	  5.5758821e-002	
  6.2000000e-001	  7.1410622e+004	  3.0844787e+002	  4.2158552e-002	
  6.4400000e-001	  7.1740345e+004	  3.0845113e+002	  1.1818899e-001	
  6.6100000e-001	  7.1041988e+004	  3.0845344e+002	 -5.8242776e-002	
  6.8100000e-001	  7.1334847e+004	  3.0845616e+002	  7.5348199e-002	
  7.0000000e-001	  7.1398335e+004	  3.0845875e+002	 -1.1806872e-001	
  7.2100000e-001	  7.1457726e+004	  3.0846160e+002	 -2.9401247e-002	
  7.4000000e-001	  7.1744441e+004	  3.0846419e+002	 -1.2251115e-001	
  7.6100000e-001	  7.1381951e+004	  3.0846704e+002	 -2.9219168e-002	
  7.8100000e-001	  7.1451582e+004	  3.0846976e+002	  9.9177921e-002	
  8.0400000e-001	  7.1734201e+004	  3.0847289e+002	 -2.1160853e-001	
  8.2400000e-001	  7.1312320e+004	  3.0847560e+002	  3.3411246e-003	
  8.4000000e-001	  7.1502781e+004	  3.0847778e+002	 -1.5542913e-002	
  8.6500000e-001	  7.1289792e+004	  3.0848118e+002	 -1.7519784e-001	
  8.8000000e-001	  7.1398335e+004	  3.0848321e+002	 -1.4930914e-001	
  9.0100000e-001	  5.1313086e+005	  3.0848607e+002	 -2.5688661e-001	
  9.2000000e-001	  6.0760161e+005	  3.0848865e+002	 -1.9167492e-001	
  9.4100000e-001	  6.1150504e+005	  3.0849150e+002	 -2.5768611e-001	
  9.6100000e-001	  6.1365131e+005	  3.0849422e+002	 -2.3298325e-001	
  9.8100000e-001	  6.0882015e+005	  3.0849693e+002	 -3.4868202e-001	
  1.0040000e+000	  6.1280550e+005	  3.0850005e+002	 -2.5698716e-001	
  1.0210000e+000	  6.1149275e+005	  3.0850236e+002	 -6.6322738e-002	
  1.0400000e+000	  6.1137397e+005	  3.0850494e+002	 -7.7082856e-002	
  1.0610000e+000	  6.1031517e+005	  3.0850779e+002	  5.6225509e-002	
  1.0800000e+000	  6.1274406e+005	  3.0851037e+002	 -1.2746198e-001	
  1.1040000e+000	  6.1455037e+005	  3.0851363e+002	 -3.9092793e-002	
  1.1200000e+000	  6.1169140e+005	  3.0851580e+002	  1.2970213e-001	
  1.1440000e+000	  6.1578734e+005	  3.0851905e+002	 -2.0332663e-002	
  1.1600000e+000	  6.1041347e+005	  3.0852122e+002	 -7.9423107e-002	
  1.1810000e+000	  6.1305535e+005	  3.0852407e+002	  6.6233292e-002	
  1.2000000e+000	  6.1089474e+005	  3.0852665e+002	 -1.7395181e-001	
  1.2210000e+000	  6.1511970e+005	  3.0852950e+002	  9.9716659e-002	
  1.2440000e+000	  6.1216448e+005	  3.0853261e+002	 -1.2424518e-002	
  1.2610000e+000	  6.1210100e+005	  3.0853492e+002	  6.2249367e-002	
  1.2810000e+000	  6.1412439e+005	  3.0853763e+002	  1.7653289e-001	
  1.3010000e+000	  6.0595095e+005	  3.0854034e+002	  2.3483488e-001	
  1.3210000e+000	  6.0943454e+005	  3.0854305e+002	  7.2707231e-002	
  1.3410000e+000	  6.0756884e+005	  3.0854576e+002	  2.0766252e-001	
  1.3610000e+000	  6.0871775e+005	  3.0854846e+002	  1.5323754e-001	
  1.3810000e+000	  6.0211305e+005	  3.0855117e+002	  3.2510403e-001	
  1.4010000e+000	  1.6744602e+005	  3.0855388e+002	  5.8268808e-002	
  1.4240000e+000	  7.0890438e+004	  3.0855699e+002	  3.6208468e-001	
  1.4410000e+000	  7.1427006e+004	  3.0855929e+002	  1.1191896e-002	
  1.4610000e+000	  7.1365568e+004	  3.0856200e+002	  7.7547530e-002	
  1.4810000e+000	  7.1173058e+004	  3.0856471e+002	  1.1094875e-001	
  1.5010000e+000	  7.0927302e+004	  3.0856741e+002	  2.7771425e-001	
  1.5210000e+000	  7.1238592e+004	  3.0857011e+002	  1.5789516e-001	
  1.5440000e+000	  7.1310272e+004	  3.0857322e+002	 -2.6289312e-002	
  1.5610000e+000	  7.1259072e+004	  3.0857552e+002	  1.7241358e-001	
  1.5810000e+000	  7.1740345e+004	  3.0857822e+002	  3.2486423e-002	
  1.6010000e+000	  7.1181250e+004	  3.0858093e+002	  7.2006223e-003	
  1.6210000e+000	  7.1719866e+004	  3.0858363e+002	  4.5388218e-002	
  1.6410000e+000	  7.1525308e+004	  3.0858633e+002	 -2.0399776e-001	
  1.6610000e+000	  7.1209921e+004	  3.0858903e+002	 -2.4838802e-001	
  1.6810000e+000	  7.1367615e+004	  3.0859173e+002	 -2.3457132e-001	
  1.7000000e+000	  7.1381951e+004	  3.0859429e+002	 -1.2238284e-001	
  1.7210000e+000	  7.1310272e+004	  3.0859713e+002	 -2.1833661e-001	
  1.7400000e+000	  7.1668667e+004	  3.0859969e+002	 -1.1245978e-001	
  1.7610000e+000	  7.1642043e+004	  3.0860252e+002	 -1.2021296e-001	
  1.7810000e+000	  7.1242689e+004	  3.0860522e+002	 -2.0288261e-001	
  1.8010000e+000	  7.1396286e+004	  3.0860791e+002	 -9.2431626e-002	
  1.8210000e+000	  7.1719866e+004	  3.0861061e+002	 -1.9816102e-001	
  1.8410000e+000	  7.1539644e+004	  3.0861331e+002	 -2.1381886e-001	
  1.8610000e+000	  7.0751176e+004	  3.0861600e+002	 -1.6458956e-001	
  1.8840000e+000	  7.1631803e+004	  3.0861910e+002	 -1.7182637e-001	
  1.9010000e+000	  3.8807779e+005	  3.0862138e+002	 -1.9911162e-001	
  1.9210000e+000	  6.0809517e+005	  3.0862408e+002	 -5.3944791e-002	
  1.9410000e+000	  6.0895327e+005	  3.0862677e+002	 -2.4396169e-001	
  1.9600000e+000	  6.0540823e+005	  3.0862932e+002	 -3.3048624e-001	
  1.9810000e+000	  6.0473240e+005	  3.0863215e+002	 -1.4702772e-001	
  2.0010000e+000	  6.0695445e+005	  3.0863484e+002	 -1.2878792e-001	
  2.0210000e+000	  6.0616598e+005	  3.0863753e+002	 -1.9800652e-001	
  2.0410000e+000	  6.0184067e+005	  3.0864021e+002	 -1.7083231e-001	
  2.0610000e+000	  6.0512766e+005	  3.0864290e+002	 -1.6884257e-001	
  2.0800000e+000	  6.0392550e+005	  3.0864545e+002	  2.5675674e-002	
  2.1010000e+000	  6.0581988e+005	  3.0864827e+002	 -6.4899288e-002	
  2.1210000e+000	  6.0633187e+005	  3.0865096e+002	 -1.4681181e-001	
  2.1410000e+000	  6.0401562e+005	  3.0865364e+002	  6.1637194e-002	
  2.1640000e+000	  6.0264552e+005	  3.0865672e+002	  4.8222602e-002	
  2.1810000e+000	  6.0607792e+005	  3.0865900e+002	  1.4591480e-001	
  2.2000000e+000	  6.0629296e+005	  3.0866155e+002	  2.6658987e-002	
  2.2210000e+000	  6.1140059e+005	  3.0866437e+002	  9.9073865e-002	
  2.2430000e+000	  6.0960657e+005	  3.0866731e+002	  2.3481816e-001	
  2.2610000e+000	  6.1018819e+005	  3.0866972e+002	  2.1483461e-001	
  2.2810000e+000	  6.0928504e+005	  3.0867240e+002	  1.0640158e-001	
  2.3010000e+000	  6.0831021e+005	  3.0867508e+002	  1.7177700e-001	
  2.3210000e+000	  6.1066332e+005	  3.0867776e+002	  1.2555327e-001	
  2.3440000e+000	  6.1128386e+005	  3.0868083e+002	  3.0020605e-001	
  2.3620000e+000	  6.1481455e+005	  3.0868324e+002	  5.9253533e-002	
  2.3810000e+000	  6.1270515e+005	  3.0868578e+002	  6.8696433e-002	
  2.4010000e+000	  3.2309779e+005	  3.0868845e+002	  5.3924241e-002	
  2.4210000e+000	  7.1345087e+004	  3.0869112e+002	  2.2047045e-001	
  2.4410000e+000	  7.1398335e+004	  3.0869379e+002	  1.5789889e-001	
  2.4610000e+000	  7.1310271e+004	  3.0869646e+002	 -2.4434044e-001	
  2.4840000e+000	  7.1685050e+004	  3.0869953e+002	  7.2774005e-002	
  2.5010000e+000	  7.1308224e+004	  3.0870180e+002	  6.3239406e-002	
  2.5210000e+000	  7.1701434e+004	  3.0870447e+002	  1.4779396e-001	
  2.5410000e+000	  7.1455678e+004	  3.0870713e+002	  1.6060702e-002	
  2.5610000e+000	  7.1369663e+004	  3.0870980e+002	  8.2622703e-002	
  2.5810000e+000	  7.1441342e+004	  3.0871246e+002	  1.3575277e-002	
  2.6010000e+000	  7.1748537e+004	  3.0871513e+002	 -1.4969579e-001	
  2.6230000e+000	  7.1400383e+004	  3.0871805e+002	  4.9804706e-003	
  2.6410000e+000	  7.1398335e+004	  3.0872045e+002	  5.1918227e-003	
  2.6600000e+000	  7.1513021e+004	  3.0872298e+002	 -1.7342265e-001	
  2.6840000e+000	  7.1709625e+004	  3.0872617e+002	 -1.4071707e-001	
  2.7000000e+000	  7.1371711e+004	  3.0872829e+002	 -6.1303470e-002	
  2.7210000e+000	  7.1508925e+004	  3.0873108e+002	 -1.3194021e-001	
  2.7410000e+000	  7.1838648e+004	  3.0873374e+002	 -2.3231964e-001	
  2.7610000e+000	  7.1596988e+004	  3.0873639e+002	 -2.4142970e-001	
  2.7820000e+000	  7.1539645e+004	  3.0873918e+002	 -9.7308750e-002	
  2.8010000e+000	  7.1402430e+004	  3.0874170e+002	 -4.8254542e-002	
  2.8220000e+000	  7.1377855e+004	  3.0874449e+002	 -1.9428491e-001	
  2.8410000e+000	  7.1279553e+004	  3.0874700e+002	 -2.2036264e-001	
  2.8650000e+000	  7.1138243e+004	  3.0875018e+002	 -1.0763850e-001	
  2.8810000e+000	  7.1228353e+004	  3.0875230e+002	 -2.0889608e-001	
  2.9010000e+000	  1.2657061e+005	  3.0875495e+002	 -2.4347960e-001	
  2.9210000e+000	  5.8868247e+005	  3.0875760e+002	 -1.9598428e-001	
  2.9440000e+000	  5.8594434e+005	  3.0876064e+002	 -8.5340106e-002	
  2.9610000e+000	  5.9081236e+005	  3.0876288e+002	 -7.9963445e-002	
  2.9810000e+000	  5.9611455e+005	  3.0876553e+002	 -6.5630602e-002	
  3.0010000e+000	  5.9577664e+005	  3.0876817e+002	  9.9267135e-003	
  3.0250000e+000	  5.9534042e+005	  3.0877134e+002	 -7.9917580e-002	
  3.0410000e+000	  5.9092910e+005	  3.0877345e+002	 -6.6843589e-003	
  3.0610000e+000	  5.9359965e+005	  3.0877609e+002	  3.9173106e-002	
  3.0810000e+000	  5.9294634e+005	  3.0877872e+002	 -1.8181784e-001	
  3.1010000e+000	  5.9802121e+005	  3.0878136e+002	  2.5980385e-002	
  3.1230000e+000	  5.9624357e+005	  3.0878426e+002	  4.4304096e-002	
  3.1410000e+000	  5.9698903e+005	  3.0878663e+002	 -8.2145136e-002	
  3.1610000e+000	  6.0397261e+005	  3.0878926e+002	  5.5019910e-002	
  3.1810000e+000	  6.0181814e+005	  3.0879189e+002	  2.0056321e-001	
  3.2000000e+000	  6.0467301e+005	  3.0879439e+002	 -1.9030622e-002	
  3.2210000e+000	  6.0602262e+005	  3.0879715e+002	  5.2976782e-002	
  3.2410000e+000	  6.0377600e+005	  3.0879978e+002	  1.7752986e-001	
  3.2610000e+000	  6.0302440e+005	  3.0880240e+002	  1.3895264e-001	
  3.2810000e+000	  6.0258613e+005	  3.0880503e+002	  5.7488031e-002	
  3.3040000e+000	  6.0611888e+005	  3.0880804e+002	 -2.3998253e-002	
  3.3220000e+000	  6.0236086e+005	  3.0881040e+002	  2.2822609e-001	
  3.3410000e+000	  6.0668207e+005	  3.0881289e+002	  2.9546458e-001	
  3.3650000e+000	  6.0382925e+005	  3.0881604e+002	  2.1917614e-001	
  3.3810000e+000	  5.9959405e+005	  3.0881813e+002	  6.5008365e-002	
  3.4010000e+000	  4.7151204e+005	  3.0882075e+002	  2.1644458e-001	
  3.4210000e+000	  7.1326656e+004	  3.0882337e+002	  1.5720933e-001	
  3.4410000e+000	  7.1484350e+004	  3.0882598e+002	 -6.0168689e-003	
  3.4640000e+000	  7.1312320e+004	  3.0882898e+002	  1.8225970e-001	
  3.4810000e+000	  7.1187394e+004	  3.0883120e+002	  3.4340301e-001	
  3.5010000e+000	  7.1863223e+004	  3.0883381e+002	  1.5192369e-001	
  3.5210000e+000	  7.1609276e+004	  3.0883642e+002	  2.8537913e-001	
  3.5430000e+000	  7.1091139e+004	  3.0883929e+002	  1.7969206e-001	
  3.5610000e+000	  7.0992837e+004	  3.0884164e+002	  8.3840889e-002	
  3.5810000e+000	  7.1427006e+004	  3.0884424e+002	 -1.2253636e-001	
  3.6040000e+000	  7.1392190e+004	  3.0884724e+002	  4.0053793e-003	
  3.6210000e+000	  7.1617467e+004	  3.0884945e+002	  1.8189981e-001	
  3.6410000e+000	  7.1748537e+004	  3.0885205e+002	  6.1690592e-002	
  3.6610000e+000	  7.1435198e+004	  3.0885465e+002	  5.3250074e-002	
  3.6810000e+000	  7.1470014e+004	  3.0885724e+002	  8.1124471e-002	
  3.7000000e+000	  7.1863223e+004	  3.0885971e+002	  2.0292279e-002	
  3.7240000e+000	  7.1525309e+004	  3.0886282e+002	 -2.1848742e-001	
  3.7410000e+000	  7.1291841e+004	  3.0886503e+002	 -7.5492319e-002	
  3.7610000e+000	  7.1310272e+004	  3.0886762e+002	 -9.2267302e-002	
  3.7840000e+000	  7.1631803e+004	  3.0887060e+002	 -2.1404085e-001	
  3.8010000e+000	  7.1160770e+004	  3.0887280e+002	 -1.0417452e-001	
  3.8210000e+000	  7.1531453e+004	  3.0887539e+002	 -4.8141166e-002	
  3.8410000e+000	  7.1463870e+004	  3.0887797e+002	 -1.3461105e-001	
  3.8610000e+000	  7.1084995e+004	  3.0888056e+002	 -1.7244894e-001	
  3.8810000e+000	  7.1283648e+004	  3.0888314e+002	 -1.8987283e-001	
  3.9010000e+000	  7.7468514e+004	  3.0888572e+002	 -5.2516718e-001	
  3.9240000e+000	  6.0157648e+005	  3.0888869e+002	 -6.6682331e-002	
  3.9410000e+000	  5.9891413e+005	  3.0889088e+002	  1.8622278e-002	
  3.9610000e+000	  5.9906567e+005	  3.0889346e+002	 -9.1315594e-002	
  3.9820000e+000	  5.9888545e+005	  3.0889616e+002	 -4.4450566e-002	
  4.0010000e+000	  5.9720202e+005	  3.0889861e+002	 -2.0257489e-001	
  4.0220000e+000	  5.9754403e+005	  3.0890131e+002	  5.4595878e-002	
  4.0410000e+000	  5.9953876e+005	  3.0890375e+002	 -2.4476448e-001	
  4.0610000e+000	  5.9499226e+005	  3.0890632e+002	 -4.7378396e-002	
  4.0810000e+000	  5.9743959e+005	  3.0890889e+002	 -9.6894014e-002	
  4.1050000e+000	  5.9778774e+005	  3.0891196e+002	  7.9464249e-002	
  4.1210000e+000	  5.9940973e+005	  3.0891401e+002	 -6.1290534e-002	
  4.1410000e+000	  5.9908820e+005	  3.0891658e+002	 -3.1957244e-002	
  4.1640000e+000	  6.0330292e+005	  3.0891952e+002	  1.0413809e-002	
  4.1810000e+000	  6.0128158e+005	  3.0892170e+002	  1.4314024e-001	
  4.2010000e+000	  6.0005484e+005	  3.0892425e+002	 -2.3922637e-002	
  4.2210000e+000	  6.0037228e+005	  3.0892681e+002	 -4.1429905e-002	
  4.2440000e+000	  5.9867246e+005	  3.0892975e+002	 -8.3778343e-002	
  4.2610000e+000	  5.9515405e+005	  3.0893192e+002	  8.3261641e-002	
  4.2820000e+000	  5.9553907e+005	  3.0893460e+002	  2.8707612e-001	
  4.3010000e+000	  5.9468097e+005	  3.0893702e+002	  1.7116050e-001	
  4.3220000e+000	  5.9454581e+005	  3.0893969e+002	  8.4006338e-002	
  4.3410000e+000	  5.9435944e+005	  3.0894211e+002	  3.3180455e-002	
  4.3650000e+000	  5.9297092e+005	  3.0894516e+002	  1.0316900e-001	
  4.3810000e+000	  5.9373276e+005	  3.0894720e+002	  7.9906221e-002	
  4.4020000e+000	  5.9359555e+005	  3.0894987e+002	  2.8270450e-001	
  4.4210000e+000	  7.1580604e+004	  3.0895228e+002	  4.0228399e-001	
  4.4420000e+000	  7.1357376e+004	  3.0895494e+002	  1.5579260e-002	
  4.4610000e+000	  7.1805880e+004	  3.0895735e+002	  1.2234472e-001	
  4.4820000e+000	  7.1156674e+004	  3.0896001e+002	  4.4859862e-002	
  4.5010000e+000	  7.1254977e+004	  3.0896242e+002	  7.5075152e-002	
  4.5250000e+000	  7.1623611e+004	  3.0896545e+002	  5.9834617e-002	
  4.5410000e+000	  7.1226305e+004	  3.0896747e+002	  1.2334317e-001	
  4.5650000e+000	  7.1162818e+004	  3.0897051e+002	  3.2900804e-002	
  4.5810000e+000	  7.1556028e+004	  3.0897252e+002	  7.8906998e-002	
  4.6010000e+000	  7.1304128e+004	  3.0897505e+002	  4.5626284e-002	
  4.6210000e+000	  7.1482301e+004	  3.0897757e+002	  6.4160982e-002	
  4.6420000e+000	  7.1060420e+004	  3.0898021e+002	  8.5746949e-002	
  4.6610000e+000	  7.1439294e+004	  3.0898261e+002	 -1.2199272e-001	
  4.6810000e+000	  7.1152578e+004	  3.0898512e+002	 -1.8200783e-001	
  4.7040000e+000	  7.0810568e+004	  3.0898801e+002	  5.0553083e-002	
  4.7210000e+000	  7.1431102e+004	  3.0899015e+002	 -7.4095070e-002	
  4.7410000e+000	  7.1594939e+004	  3.0899266e+002	 -1.5751434e-001	
  4.7640000e+000	  7.1429054e+004	  3.0899554e+002	 -1.7131338e-002	
  4.7820000e+000	  7.1533500e+004	  3.0899780e+002	 -6.5409066e-003	
  4.8010000e+000	  7.1728058e+004	  3.0900017e+002	  9.9153154e-003	
  4.8220000e+000	  7.1908279e+004	  3.0900280e+002	 -1.0660643e-001	
  4.8410000e+000	  7.1611323e+004	  3.0900518e+002	 -3.9913323e-002	
  4.8620000e+000	  7.1463869e+004	  3.0900780e+002	  6.3574556e-003	
  4.8810000e+000	  7.1232449e+004	  3.0901017e+002	 -2.2678399e-001	
  4.9040000e+000	  7.1574460e+004	  3.0901304e+002	 -3.0946470e-001	
  4.9210000e+000	  6.0041529e+005	  3.0901516e+002	 -1.9452588e-001	
  4.9420000e+000	  6.0612912e+005	  3.0901778e+002	 -1.6206834e-001	
  4.9610000e+000	  6.0530174e+005	  3.0902014e+002	 -1.3377434e-001	
  4.9850000e+000	  6.0346266e+005	  3.0902312e+002	 -1.1678477e-001	
  5.0010000e+000	  6.0530174e+005	  3.0902511e+002	  3.9769307e-002	
  5.0220000e+000	  6.0689506e+005	  3.0902772e+002	  2.5365890e-001	
  5.0410000e+000	  6.0327630e+005	  3.0903008e+002	 -2.4914461e-001	
  5.0620000e+000	  6.0943044e+005	  3.0903268e+002	 -1.4951426e-002	
  5.0810000e+000	  6.1010218e+005	  3.0903503e+002	  8.5423648e-002	
  5.1060000e+000	  6.1113435e+005	  3.0903812e+002	 -8.0750697e-002	
  5.1210000e+000	  6.0676399e+005	  3.0903998e+002	 -1.2330761e-001	
  5.1420000e+000	  6.0524440e+005	  3.0904257e+002	  1.6718010e-001	
  5.1610000e+000	  6.0391731e+005	  3.0904492e+002	  1.6888918e-001	
  5.1850000e+000	  6.0351796e+005	  3.0904788e+002	  7.4092807e-002	
  5.2010000e+000	  6.0402995e+005	  3.0904985e+002	  2.3241150e-002	
  5.2210000e+000	  6.1067561e+005	  3.0905231e+002	 -8.3297496e-002	
  5.2440000e+000	  6.1409981e+005	  3.0905514e+002	  1.0702167e-002	
  5.2610000e+000	  6.1702022e+005	  3.0905723e+002	  2.4248396e-001	
  5.2820000e+000	  6.2080281e+005	  3.0905981e+002	  3.3693974e-002	
  5.3010000e+000	  6.2144178e+005	  3.0906214e+002	  1.0265991e-001	
  5.3220000e+000	  6.1633210e+005	  3.0906472e+002	  2.7484722e-001	
  5.3410000e+000	  6.1426570e+005	  3.0906704e+002	  1.1847145e-001	
  5.3650000e+000	  6.1530402e+005	  3.0906998e+002	  6.6427561e-002	
  5.3810000e+000	  6.1307173e+005	  3.0907194e+002	  1.2319785e-001	
  5.4020000e+000	  6.1090089e+005	  3.0907450e+002	  2.6710864e-001	
  5.4210000e+000	  7.1246785e+004	  3.0907682e+002	  1.4780768e-001	
  5.4420000e+000	  7.1379903e+004	  3.0907938e+002	 -2.2854264e-002	
  5.4640000e+000	  7.1214017e+004	  3.0908206e+002	  1.7227709e-001	
  5.4820000e+000	  7.1537597e+004	  3.0908426e+002	  1.4762131e-001	
  5.5010000e+000	  7.1644091e+004	  3.0908657e+002	  5.8111095e-002	
  5.5220000e+000	  7.1539644e+004	  3.0908912e+002	  3.7101451e-002	
  5.5440000e+000	  7.1523260e+004	  3.0909179e+002	  4.4813541e-002	
  5.5620000e+000	  7.1254977e+004	  3.0909397e+002	 -3.7940124e-002	
  5.5810000e+000	  7.1467966e+004	  3.0909628e+002	  2.6342009e-001	
  5.6050000e+000	  7.1105475e+004	  3.0909918e+002	  1.2693130e-001	
  5.6210000e+000	  7.1148482e+004	  3.0910112e+002	  1.3899313e-001	
  5.6420000e+000	  7.1762873e+004	  3.0910365e+002	 -3.2791701e-002	
  5.6610000e+000	  7.1365567e+004	  3.0910595e+002	 -1.0704186e-001	
  5.6820000e+000	  7.1228353e+004	  3.0910848e+002	 -1.0733114e-001	
  5.7010000e+000	  7.1218113e+004	  3.0911077e+002	 -4.6788234e-002	
  5.7210000e+000	  7.1138243e+004	  3.0911318e+002	 -8.7924609e-002	
  5.7440000e+000	  7.0917062e+004	  3.0911595e+002	  2.3522025e-002	
  5.7610000e+000	  7.1128003e+004	  3.0911799e+002	 -6.3518041e-002	
  5.7840000e+000	  7.1639995e+004	  3.0912075e+002	  2.7145808e-002	
  5.8020000e+000	  7.1472061e+004	  3.0912291e+002	 -9.6476681e-002	
  5.8220000e+000	  7.1480254e+004	  3.0912531e+002	  8.4956432e-002	
  5.8410000e+000	  7.0781896e+004	  3.0912758e+002	 -4.8089977e-002	
  5.8620000e+000	  7.1539644e+004	  3.0913009e+002	 -2.9487362e-001	
  5.8810000e+000	  7.1367615e+004	  3.0913236e+002	 -2.4073970e-001	
  5.9020000e+000	  7.1220161e+004	  3.0913487e+002	 -5.2591910e-002	
  5.9250000e+000	  5.9504142e+005	  3.0913761e+002	 -2.8972388e-001	
  5.9420000e+000	  5.9868066e+005	  3.0913964e+002	 -1.6926824e-001	
  5.9610000e+000	  6.0035999e+005	  3.0914190e+002	 -8.2848487e-002	
  5.9850000e+000	  5.9706481e+005	  3.0914475e+002	 -1.4200096e-001	
  6.0010000e+000	  5.9775702e+005	  3.0914665e+002	 -2.7393256e-002	
  6.0220000e+000	  5.9774474e+005	  3.0914914e+002	 -1.1410795e-001	
  6.0410000e+000	  5.9940564e+005	  3.0915139e+002	 -1.7580079e-001	
  6.0640000e+000	  5.9527079e+005	  3.0915412e+002	 -2.3136155e-001	
  6.0810000e+000	  5.9918241e+005	  3.0915613e+002	  7.9184441e-002	
  6.1020000e+000	  5.9760343e+005	  3.0915861e+002	  1.0052662e-001	
  6.1210000e+000	  5.9734948e+005	  3.0916085e+002	  1.0928530e-001	
  6.1450000e+000	  5.9606745e+005	  3.0916368e+002	  7.6411414e-003	
  6.1610000e+000	  5.9912711e+005	  3.0916557e+002	 -1.8548895e-001	
  6.1810000e+000	  5.9552883e+005	  3.0916792e+002	 -1.3427578e-002	
  6.2010000e+000	  5.9608793e+005	  3.0917027e+002	 -3.3115642e-002	
  6.2250000e+000	  5.9667160e+005	  3.0917309e+002	  2.2774664e-001	
  6.2410000e+000	  5.9546330e+005	  3.0917496e+002	  2.3069782e-001	
  6.2620000e+000	  5.9386179e+005	  3.0917743e+002	  7.5450095e-002	
  6.2820000e+000	  5.9396214e+005	  3.0917977e+002	  5.1121004e-002	
  6.3020000e+000	  5.9394370e+005	  3.0918210e+002	  1.2912994e-001	
  6.3220000e+000	  5.8910845e+005	  3.0918444e+002	  3.0846464e-001	
  6.3410000e+000	  5.9485096e+005	  3.0918666e+002	  3.1996355e-001	
  6.3620000e+000	  5.9480385e+005	  3.0918910e+002	  2.2111769e-001	
  6.3810000e+000	  5.9089428e+005	  3.0919132e+002	  4.2192647e-001	
  6.4020000e+000	  5.9051745e+005	  3.0919376e+002	  1.3069901e-001	
  6.4250000e+000	  7.1226305e+004	  3.0919643e+002	  1.9552862e-001	
  6.4430000e+000	  7.1826360e+004	  3.0919852e+002	  6.1035247e-002	
  6.4610000e+000	  7.1082947e+004	  3.0920060e+002	 -9.0451686e-002	
  6.4850000e+000	  7.1242689e+004	  3.0920338e+002	  2.9337375e-001	
  6.5010000e+000	  7.1330751e+004	  3.0920523e+002	  1.5576353e-001	
  6.5220000e+000	  7.1105475e+004	  3.0920766e+002	  2.2873413e-001	
  6.5410000e+000	  7.1216065e+004	  3.0920985e+002	  1.5260761e-001	
  6.5650000e+000	  7.1801784e+004	  3.0921262e+002	  2.6319686e-001	
  6.5810000e+000	  7.1549884e+004	  3.0921446e+002	  5.5449479e-002	
  6.6020000e+000	  7.1551933e+004	  3.0921687e+002	 -7.0360532e-002	
  6.6210000e+000	  7.1838647e+004	  3.0921905e+002	  4.1837864e-001	
  6.6440000e+000	  7.1181250e+004	  3.0922169e+002	  3.5587494e-002	
  6.6610000e+000	  7.1314368e+004	  3.0922364e+002	  1.0847143e-001	
  6.6820000e+000	  7.2154035e+004	  3.0922604e+002	 -6.4415633e-002	
  6.7010000e+000	  7.1699386e+004	  3.0922822e+002	  3.0235165e-002	
  6.7250000e+000	  7.1572412e+004	  3.0923096e+002	  8.9264306e-002	
  6.7410000e+000	  7.1289792e+004	  3.0923278e+002	 -1.3002640e-001	
  6.7620000e+000	  7.1371711e+004	  3.0923517e+002	  6.1664913e-002	
  6.7820000e+000	  7.1084995e+004	  3.0923745e+002	  1.7883983e-001	
  6.8010000e+000	  7.1302080e+004	  3.0923961e+002	 -2.2889468e-001	
  6.8240000e+000	  7.1183298e+004	  3.0924222e+002	 -1.5916702e-001	
  6.8420000e+000	  7.1635899e+004	  3.0924426e+002	 -2.7677315e-001	
  6.8620000e+000	  7.1515069e+004	  3.0924652e+002	 -9.3068183e-002	
  6.8820000e+000	  7.1244737e+004	  3.0924878e+002	 -1.2206163e-001	
  6.9020000e+000	  7.1685050e+004	  3.0925104e+002	 -3.3357828e-001	
  6.9220000e+000	  6.0315547e+005	  3.0925330e+002	 -2.9102865e-001	
  6.9420000e+000	  5.9868270e+005	  3.0925555e+002	 -1.3013951e-001	
  6.9650000e+000	  6.0130615e+005	  3.0925814e+002	 -8.3971532e-002	
  6.9820000e+000	  6.0404838e+005	  3.0926005e+002	 -2.0091386e-001	
  7.0020000e+000	  6.0091294e+005	  3.0926230e+002	 -2.8188893e-001	
  7.0220000e+000	  6.0259228e+005	  3.0926454e+002	 -9.7879634e-002	
  7.0440000e+000	  6.0349748e+005	  3.0926700e+002	 -3.9435492e-002	
  7.0620000e+000	  6.0135326e+005	  3.0926901e+002	 -1.2419492e-001	
  7.0810000e+000	  5.9998726e+005	  3.0927114e+002	 -2.8009954e-002	
  7.1020000e+000	  5.9992377e+005	  3.0927348e+002	  1.5150039e-001	
  7.1210000e+000	  6.0296296e+005	  3.0927559e+002	  1.6294539e-001	
  7.1420000e+000	  5.9853116e+005	  3.0927793e+002	  2.3527006e-001	
  7.1610000e+000	  6.0289538e+005	  3.0928004e+002	 -5.6594019e-002	
  7.1820000e+000	  6.0230147e+005	  3.0928237e+002	 -5.0664907e-002	
  7.2040000e+000	  5.9879534e+005	  3.0928481e+002	 -3.7061992e-002	
  7.2220000e+000	  5.9405020e+005	  3.0928680e+002	 -1.1974350e-002	
  7.2410000e+000	  5.9930119e+005	  3.0928890e+002	  7.5996213e-002	
  7.2620000e+000	  5.9666546e+005	  3.0929122e+002	  1.3272625e-001	
  7.2820000e+000	  5.9333341e+005	  3.0929343e+002	 -6.6885013e-002	
  7.3050000e+000	  5.9472398e+005	  3.0929596e+002	  3.6929141e-002	
  7.3220000e+000	  5.9821782e+005	  3.0929783e+002	  2.4546779e-002	
  7.3410000e+000	  5.9478337e+005	  3.0929991e+002	  2.9068800e-002	
  7.3650000e+000	  5.8930710e+005	  3.0930254e+002	  2.0343689e-002	
  7.3820000e+000	  5.9521345e+005	  3.0930441e+002	  1.7079966e-001	
  7.4020000e+000	  5.9359555e+005	  3.0930659e+002	  3.2840704e-002	
  7.4250000e+000	  7.1062467e+004	  3.0930910e+002	  1.4613030e-001	
  7.4420000e+000	  7.1388095e+004	  3.0931096e+002	  1.4460888e-001	
  7.4610000e+000	  7.1615419e+004	  3.0931303e+002	  2.2758832e-001	
  7.4820000e+000	  7.1293888e+004	  3.0931531e+002	 -8.4707933e-002	
  7.5050000e+000	  7.1494589e+004	  3.0931781e+002	  2.0342030e-002	
  7.5220000e+000	  7.1220161e+004	  3.0931965e+002	  2.2384724e-001	
  7.5410000e+000	  7.1721914e+004	  3.0932171e+002	  1.6663500e-002	
  7.5620000e+000	  7.1033796e+004	  3.0932398e+002	  1.0810513e-001	
  7.5810000e+000	  7.1398335e+004	  3.0932603e+002	  9.3838112e-002	
  7.6050000e+000	  7.1449534e+004	  3.0932862e+002	  5.8559735e-002	
  7.6210000e+000	  7.1304128e+004	  3.0933034e+002	 -1.2211172e-001	
  7.6420000e+000	  7.1775161e+004	  3.0933260e+002	 -1.0198291e-001	
  7.6610000e+000	  7.0990789e+004	  3.0933464e+002	 -7.9119922e-002	
  7.6820000e+000	  7.1480253e+004	  3.0933690e+002	  1.4085385e-002	
  7.7050000e+000	  7.1267264e+004	  3.0933936e+002	  1.0370608e-001	
  7.7220000e+000	  7.2149939e+004	  3.0934117e+002	 -1.8290588e-003	
  7.7410000e+000	  7.1238593e+004	  3.0934320e+002	 -2.0451572e-001	
  7.7620000e+000	  7.1039940e+004	  3.0934544e+002	 -1.1875657e-001	
  7.7820000e+000	  7.1195586e+004	  3.0934757e+002	  5.4569286e-002	
  7.8020000e+000	  7.0601675e+004	  3.0934970e+002	 -1.4910894e-001	
  7.8250000e+000	  7.1570364e+004	  3.0935214e+002	 -1.9688754e-001	
  7.8420000e+000	  7.1580604e+004	  3.0935394e+002	 -2.3091265e-001	
  7.8620000e+000	  7.1721914e+004	  3.0935606e+002	 -2.0363452e-001	
  7.8820000e+000	  7.1308224e+004	  3.0935817e+002	 -1.2367365e-001	
  7.9020000e+000	  7.1242689e+004	  3.0936028e+002	 -2.6576392e-001	
  7.9210000e+000	  5.8540982e+005	  3.0936228e+002	 -7.6242420e-002	
  7.9420000e+000	  5.8943613e+005	  3.0936449e+002	 -8.9450945e-002	
  7.9620000e+000	  5.8265530e+005	  3.0936659e+002	 -1.0421921e-001	
  7.9820000e+000	  5.8617986e+005	  3.0936869e+002	 -1.7429284e-001	
  8.0020000e+000	  5.8839985e+005	  3.0937078e+002	 -2.4657472e-001	
  8.0220000e+000	  5.8838552e+005	  3.0937287e+002	 -1.6724865e-001	
  8.0420000e+000	  5.8664474e+005	  3.0937496e+002	 -1.0315296e-001	
  8.0620000e+000	  5.8928867e+005	  3.0937704e+002	 -1.1685869e-002	
  8.0810000e+000	  5.9121786e+005	  3.0937902e+002	 -9.5937198e-002	
  8.1050000e+000	  5.8699085e+005	  3.0938151e+002	 -1.1043336e-001	
  8.1220000e+000	  5.9000956e+005	  3.0938328e+002	 -1.9211550e-002	
  8.1420000e+000	  5.9142061e+005	  3.0938535e+002	 -1.9448714e-001	
  8.1610000e+000	  5.9076321e+005	  3.0938731e+002	 -1.7073005e-001	
  8.1820000e+000	  5.9053998e+005	  3.0938948e+002	  5.1560218e-002	
  8.2010000e+000	  5.9089018e+005	  3.0939144e+002	  3.1881784e-003	
  8.2220000e+000	  5.9189574e+005	  3.0939360e+002	  5.6919222e-002	
  8.2440000e+000	  5.9036386e+005	  3.0939586e+002	  1.0169270e-001	
  8.2620000e+000	  5.9225413e+005	  3.0939771e+002	  9.4636016e-002	
  8.2820000e+000	  5.9129568e+005	  3.0939975e+002	  2.9719133e-002	
  8.3020000e+000	  5.8957129e+005	  3.0940180e+002	  2.1534978e-001	
  8.3250000e+000	  5.8705843e+005	  3.0940415e+002	  2.5570960e-001	
  8.3420000e+000	  5.8988258e+005	  3.0940588e+002	  5.5828007e-002	
  8.3620000e+000	  5.9244869e+005	  3.0940791e+002	  2.8539485e-001	
  8.3820000e+000	  5.9025941e+005	  3.0940994e+002	  5.1828674e-003	
  8.4020000e+000	  5.9089223e+005	  3.0941197e+002	  8.1621220e-002	
  8.4240000e+000	  7.1058371e+004	  3.0941420e+002	  2.9052558e-001	
  8.4420000e+000	  7.1207873e+004	  3.0941602e+002	  1.0145799e-001	
  8.4620000e+000	  7.1488445e+004	  3.0941803e+002	  2.1477103e-001	
  8.4820000e+000	  7.1412670e+004	  3.0942005e+002	  2.1687096e-001	
  8.5050000e+000	  7.1490493e+004	  3.0942236e+002	  9.1506396e-002	
  8.5220000e+000	  7.1476158e+004	  3.0942407e+002	  4.1749079e-002	
  8.5420000e+000	  7.1320512e+004	  3.0942607e+002	 -1.4678891e-001	
  8.5660000e+000	  7.1427006e+004	  3.0942847e+002	 -4.5805263e-002	
  8.5820000e+000	  7.1390143e+004	  3.0943007e+002	 -8.3061814e-003	
  8.6020000e+000	  7.1084995e+004	  3.0943206e+002	 -1.0729499e-001	
  8.6210000e+000	  7.1062467e+004	  3.0943395e+002	  2.9923864e-001	
  8.6460000e+000	  7.1304128e+004	  3.0943643e+002	 -3.1743536e-001	
  8.6620000e+000	  7.2037301e+004	  3.0943802e+002	  3.0819667e-002	
  8.6820000e+000	  7.1117763e+004	  3.0944000e+002	  1.5359985e-001	
  8.7020000e+000	  7.1484349e+004	  3.0944198e+002	  1.2196072e-001	
  8.7220000e+000	  7.1314368e+004	  3.0944395e+002	 -5.7214655e-002	
  8.7410000e+000	  7.1848887e+004	  3.0944582e+002	 -1.3660426e-001	
  8.7660000e+000	  7.1627707e+004	  3.0944828e+002	 -8.0905956e-002	
  8.7820000e+000	  7.1265216e+004	  3.0944984e+002	 -1.2866317e-001	
  8.8020000e+000	  7.1699386e+004	  3.0945180e+002	  1.2664191e-001	
  8.8250000e+000	  7.1447486e+004	  3.0945405e+002	 -1.7711519e-001	
  8.8420000e+000	  7.1285696e+004	  3.0945571e+002	 -1.5373462e-001	
  8.8630000e+000	  7.1187394e+004	  3.0945775e+002	 -2.1276544e-001	
  8.8820000e+000	  7.1494589e+004	  3.0945960e+002	 -3.0941211e-001	
  8.9020000e+000	  7.1680955e+004	  3.0946154e+002	 -2.1649016e-001	
  8.9220000e+000	  5.8768716e+005	  3.0946348e+002	 -1.4121867e-001	
  8.9420000e+000	  5.8963068e+005	  3.0946541e+002	 -1.4785800e-001	
  8.9620000e+000	  5.8950985e+005	  3.0946734e+002	 -2.0829546e-001	
  8.9850000e+000	  5.8932963e+005	  3.0946955e+002	 -2.6201526e-001	
  9.0020000e+000	  5.8796978e+005	  3.0947119e+002	 -6.9184394e-002	
  9.0220000e+000	  5.8726118e+005	  3.0947311e+002	 -2.8925101e-002	
  9.0440000e+000	  5.8708711e+005	  3.0947521e+002	 -3.0442158e-003	
  9.0620000e+000	  5.8485687e+005	  3.0947693e+002	  7.8450273e-002	
  9.0820000e+000	  5.8706253e+005	  3.0947884e+002	 -7.7158354e-002	
  9.1020000e+000	  5.8597711e+005	  3.0948074e+002	  7.0520793e-002	
  9.1220000e+000	  5.8700723e+005	  3.0948265e+002	 -4.1667066e-002	
  9.1420000e+000	  5.8546921e+005	  3.0948454e+002	 -4.9587807e-002	
  9.1650000e+000	  5.8650343e+005	  3.0948672e+002	  1.3964975e-001	
  9.1820000e+000	  5.8375711e+005	  3.0948832e+002	  8.7871805e-002	
  9.2010000e+000	  5.8009534e+005	  3.0949011e+002	 -5.2151673e-002	
  9.2220000e+000	  5.8481386e+005	  3.0949209e+002	  6.5766393e-002	
  9.2420000e+000	  5.8462545e+005	  3.0949397e+002	  9.2967024e-003	
  9.2620000e+000	  5.8224980e+005	  3.0949584e+002	  9.8091931e-002	
  9.2820000e+000	  5.8222728e+005	  3.0949771e+002	  1.5974846e-001	
  9.3060000e+000	  5.8242593e+005	  3.0949995e+002	  1.7040642e-001	
  9.3230000e+000	  5.8016497e+005	  3.0950154e+002	 -2.0835972e-002	
  9.3420000e+000	  5.7992741e+005	  3.0950330e+002	  3.2901950e-003	
  9.3630000e+000	  5.8389227e+005	  3.0950525e+002	  3.7148759e-001	
  9.3820000e+000	  5.8190165e+005	  3.0950701e+002	  1.5724428e-001	
  9.4020000e+000	  5.8164975e+005	  3.0950886e+002	  1.5503965e-001	
  9.4220000e+000	  7.1177153e+004	  3.0951070e+002	  3.2803718e-002	
  9.4420000e+000	  7.1279552e+004	  3.0951254e+002	  1.5428533e-001	
  9.4650000e+000	  7.1105475e+004	  3.0951465e+002	  9.1004950e-002	
  9.4820000e+000	  7.1652283e+004	  3.0951621e+002	  2.8318501e-001	
  9.5020000e+000	  7.1181250e+004	  3.0951804e+002	  1.6245865e-001	
  9.5250000e+000	  7.1838648e+004	  3.0952014e+002	  2.1877963e-002	
  9.5420000e+000	  7.1056324e+004	  3.0952168e+002	  2.5893008e-002	
  9.5620000e+000	  7.0970309e+004	  3.0952350e+002	 -7.6426416e-003	
  9.5820000e+000	  7.1224257e+004	  3.0952531e+002	  1.8976554e-002	
  9.6020000e+000	  7.1359423e+004	  3.0952712e+002	  8.9202975e-002	
  9.6220000e+000	  7.1898039e+004	  3.0952893e+002	  2.8319566e-001	
  9.6420000e+000	  7.1193538e+004	  3.0953073e+002	  3.9600922e-002	
  9.6650000e+000	  7.1291840e+004	  3.0953280e+002	  7.0837424e-002	
  9.6820000e+000	  7.0994885e+004	  3.0953432e+002	 -6.9457395e-002	
  9.7020000e+000	  7.1435198e+004	  3.0953611e+002	 -1.4236798e-002	
  9.7220000e+000	  7.1187394e+004	  3.0953790e+002	 -1.0893780e-001	
  9.7460000e+000	  7.0740937e+004	  3.0954004e+002	 -2.3775703e-001	
  9.7620000e+000	  7.1281600e+004	  3.0954146e+002	 -1.9372720e-001	
  9.7820000e+000	  7.1400382e+004	  3.0954323e+002	 -3.0635140e-001	
  9.8020000e+000	  7.1500733e+004	  3.0954500e+002	 -1.4002174e-001	
  9.8230000e+000	  7.1623611e+004	  3.0954686e+002	  5.8434136e-002	
  9.8420000e+000	  7.1453629e+004	  3.0954853e+002	 -1.1311337e-001	
  9.8660000e+000	  7.1463869e+004	  3.0955064e+002	 -3.4014698e-001	
  9.8820000e+000	  7.1351231e+004	  3.0955204e+002	 -6.6647365e-002	
  9.9020000e+000	  7.1443389e+004	  3.0955379e+002	 -1.2477703e-001	
  9.9220000e+000	  5.8922519e+005	  3.0955554e+002	 -2.8171077e-001	
  9.9430000e+000	  5.9085946e+005	  3.0955737e+002	 -2.4455766e-001	
  9.9620000e+000	  5.9032290e+005	  3.0955902e+002	 -1.1506694e-001	
  9.9820000e+000	  5.9166636e+005	  3.0956075e+002	 -1.2307974e-001	
  1.0002000e+001	  5.9074478e+005	  3.0956248e+002	 -4.4869495e-002	
  1.0025000e+001	  5.9245688e+005	  3.0956446e+002	  2.8030746e-003	
  1.0042000e+001	  5.8839781e+005	  3.0956593e+002	 -1.5682042e-001	
  1.0062000e+001	  5.9036795e+005	  3.0956765e+002	 -7.9455429e-002	
  1.0082000e+001	  5.9209849e+005	  3.0956936e+002	 -7.5290054e-002	
  1.0103000e+001	  5.8833637e+005	  3.0957115e+002	 -9.0398005e-002	
  1.0122000e+001	  5.8966755e+005	  3.0957277e+002	 -1.4091871e-001	
  1.0142000e+001	  5.9169299e+005	  3.0957448e+002	  1.4036764e-001	
  1.0162000e+001	  5.9261662e+005	  3.0957617e+002	 -5.1327452e-002	
  1.0182000e+001	  5.9280708e+005	  3.0957787e+002	 -7.8815055e-003	
  1.0202000e+001	  5.9322077e+005	  3.0957955e+002	  1.2590554e-001	
  1.0225000e+001	  5.9375734e+005	  3.0958149e+002	  2.2976588e-001	
  1.0242000e+001	  5.9315933e+005	  3.0958292e+002	  5.9089721e-002	
  1.0262000e+001	  5.8991740e+005	  3.0958460e+002	  1.0922951e-002	
  1.0282000e+001	  5.9181177e+005	  3.0958627e+002	  1.2145487e-001	
  1.0302000e+001	  5.9192236e+005	  3.0958794e+002	  1.1798487e-001	
  1.0322000e+001	  5.9406044e+005	  3.0958960e+002	  1.8921116e-001	
  1.0342000e+001	  5.9228690e+005	  3.0959126e+002	  1.1092684e-001	
  1.0363000e+001	  5.9046011e+005	  3.0959300e+002	 -6.9934976e-002	
  1.0382000e+001	  5.9030242e+005	  3.0959457e+002	  1.2125363e-001	
  1.0406000e+001	  5.9093934e+005	  3.0959654e+002	  9.8291100e-002	
  1.0422000e+001	  7.1592892e+004	  3.0959786e+002	  1.7667131e-001	
  1.0443000e+001	  7.1662523e+004	  3.0959958e+002	 -5.0014127e-002	
  1.0462000e+001	  7.1500733e+004	  3.0960113e+002	  2.4423708e-001	
  1.0486000e+001	  7.1500733e+004	  3.0960308e+002	  6.7515962e-002	
  1.0502000e+001	  7.1605179e+004	  3.0960438e+002	 -6.1946596e-002	
  1.0522000e+001	  7.1009220e+004	  3.0960601e+002	  1.0451756e-001	
  1.0542000e+001	  7.1492541e+004	  3.0960762e+002	  1.5613758e-001	
  1.0562000e+001	  7.1676858e+004	  3.0960924e+002	  3.9307664e-002	
  1.0585000e+001	  7.1447486e+004	  3.0961109e+002	  1.4006383e-001	
  1.0603000e+001	  7.1615419e+004	  3.0961253e+002	  9.0223658e-002	
  1.0622000e+001	  7.1744441e+004	  3.0961405e+002	 -1.3037889e-001	
  1.0643000e+001	  7.1189442e+004	  3.0961573e+002	  1.8174114e-001	
  1.0662000e+001	  7.1594939e+004	  3.0961724e+002	 -1.1574218e-001	
  1.0682000e+001	  7.1412670e+004	  3.0961882e+002	  5.4610153e-002	
  1.0702000e+001	  7.1216065e+004	  3.0962041e+002	 -4.5565559e-002	
  1.0725000e+001	  7.1392190e+004	  3.0962222e+002	 -7.0052865e-002	
  1.0742000e+001	  7.1496637e+004	  3.0962356e+002	 -3.5849915e-002	
  1.0762000e+001	  7.1361471e+004	  3.0962513e+002	 -1.6421133e-001	
  1.0782000e+001	  7.1799736e+004	  3.0962669e+002	 -1.5480321e-001	
  1.0802000e+001	  7.1179202e+004	  3.0962826e+002	 -2.7482010e-001	
  1.0823000e+001	  7.1631803e+004	  3.0962989e+002	 -1.8021051e-001	
  1.0842000e+001	  7.1308224e+004	  3.0963136e+002	  2.5450867e-002	
  1.0863000e+001	  7.1474109e+004	  3.0963299e+002	 -2.2202085e-001	
  1.0882000e+001	  7.1539644e+004	  3.0963446e+002	 -3.8616099e-002	
  1.0903000e+001	  7.1570364e+004	  3.0963607e+002	 -2.9427808e-001	
  1.0926000e+001	  5.9621900e+005	  3.0963783e+002	 -3.9786410e-001	
  1.0943000e+001	  6.0130410e+005	  3.0963913e+002	 -3.6785959e-001	
  1.0962000e+001	  5.9657125e+005	  3.0964058e+002	 -1.1697416e-002	
  1.0982000e+001	  5.9618213e+005	  3.0964211e+002	 -2.4889277e-001	
  1.1002000e+001	  5.9521140e+005	  3.0964362e+002	 -1.8261752e-001	
  1.1022000e+001	  5.9583603e+005	  3.0964513e+002	 -1.2187681e-001	
  1.1042000e+001	  5.9788809e+005	  3.0964664e+002	  1.7324299e-002	
  1.1063000e+001	  6.0085560e+005	  3.0964822e+002	 -1.7931838e-001	
  1.1082000e+001	  5.9643608e+005	  3.0964964e+002	 -1.3251909e-001	
  1.1106000e+001	  5.9624972e+005	  3.0965144e+002	  1.1505545e-001	
  1.1122000e+001	  5.9014268e+005	  3.0965263e+002	 -1.0112002e-002	
  1.1143000e+001	  5.8889751e+005	  3.0965419e+002	 -9.3301030e-002	
  1.1162000e+001	  5.8903882e+005	  3.0965559e+002	 -4.0763586e-002	
  1.1182000e+001	  5.9086151e+005	  3.0965707e+002	  6.8690605e-002	
  1.1202000e+001	  5.9415055e+005	  3.0965854e+002	  8.2040014e-002	
  1.1226000e+001	  5.9378192e+005	  3.0966030e+002	 -1.3476327e-001	
  1.1242000e+001	  5.8907773e+005	  3.0966147e+002	  7.1289506e-002	
  1.1263000e+001	  5.9010786e+005	  3.0966300e+002	  1.1052580e-001	
  1.1282000e+001	  5.8745574e+005	  3.0966438e+002	  2.8593598e-002	
  1.1305000e+001	  5.8726323e+005	  3.0966605e+002	  1.8266493e-001	
  1.1323000e+001	  5.8617371e+005	  3.0966735e+002	  8.9145253e-002	
  1.1342000e+001	  5.8978838e+005	  3.0966871e+002	  9.5945506e-002	
  1.1363000e+001	  5.8908592e+005	  3.0967022e+002	  2.2426848e-001	
  1.1382000e+001	  5.8478519e+005	  3.0967158e+002	  3.5490655e-001	
  1.1403000e+001	  5.8693146e+005	  3.0967307e+002	  8.3724478e-003	
  1.1425000e+001	  7.1248833e+004	  3.0967464e+002	  2.7739283e-001	
  1.1443000e+001	  7.1361471e+004	  3.0967591e+002	  2.4310083e-001	
  1.1466000e+001	  7.1142339e+004	  3.0967753e+002	  1.3667036e-001	
  1.1483000e+001	  7.1347135e+004	  3.0967873e+002	  2.1876196e-001	
  1.1502000e+001	  7.1562172e+004	  3.0968006e+002	  1.5633886e-001	
  1.1526000e+001	  7.1343039e+004	  3.0968174e+002	  1.0929877e-001	
  1.1542000e+001	  7.1193538e+004	  3.0968285e+002	 -3.5062745e-002	
  1.1563000e+001	  7.1377855e+004	  3.0968431e+002	  1.0136903e-001	
  1.1582000e+001	  7.1457726e+004	  3.0968562e+002	 -3.3432778e-003	
  1.1603000e+001	  7.1367615e+004	  3.0968707e+002	 -1.2136110e-002	
  1.1622000e+001	  7.0669257e+004	  3.0968838e+002	 -3.7030406e-003	
  1.1643000e+001	  7.1459773e+004	  3.0968981e+002	  1.0113436e-001	
  1.1662000e+001	  7.1431102e+004	  3.0969111e+002	 -9.5498517e-002	
  1.1682000e+001	  7.1566268e+004	  3.0969247e+002	  1.7872875e-002	
  1.1705000e+001	  7.1691194e+004	  3.0969403e+002	  9.9561875e-002	
  1.1722000e+001	  7.1742393e+004	  3.0969518e+002	 -1.0758805e-001	
  1.1742000e+001	  7.1322560e+004	  3.0969652e+002	 -1.1195747e-001	
  1.1762000e+001	  7.1216066e+004	  3.0969786e+002	 -1.3442337e-001	
  1.1782000e+001	  7.1631803e+004	  3.0969920e+002	  4.7925411e-002	
  1.1805000e+001	  7.1390142e+004	  3.0970073e+002	 -7.3949440e-002	
  1.1823000e+001	  7.1347136e+004	  3.0970192e+002	 -3.6937428e-002	
  1.1842000e+001	  7.1674810e+004	  3.0970318e+002	 -5.0426622e-002	
  1.1865000e+001	  7.1603132e+004	  3.0970469e+002	 -7.4240722e-002	
  1.1882000e+001	  7.1123907e+004	  3.0970581e+002	 -1.5935935e-001	
  1.1903000e+001	  7.1656379e+004	  3.0970718e+002	 -2.2939751e-001	
  1.1922000e+001	  5.9702385e+005	  3.0970842e+002	 -1.7878271e-001	
  1.1946000e+001	  5.9129568e+005	  3.0970997e+002	 -2.2024538e-001	
  1.1962000e+001	  5.9369180e+005	  3.0971100e+002	  2.9109562e-002	
  1.1983000e+001	  5.8933578e+005	  3.0971236e+002	 -1.5907676e-001	
  1.2002000e+001	  5.9047854e+005	  3.0971358e+002	 -1.3798316e-001	
  1.2027000e+001	  5.8569039e+005	  3.0971517e+002	  3.1375606e-003	
  1.2045000e+001	  5.8896919e+005	  3.0971632e+002	 -7.6764477e-002	
  1.2063000e+001	  5.8771788e+005	  3.0971746e+002	  4.6007658e-002	
  1.2082000e+001	  5.8704615e+005	  3.0971866e+002	  5.1896449e-002	
  1.2103000e+001	  5.8597301e+005	  3.0971998e+002	  1.1057778e-002	
  1.2122000e+001	  5.8842238e+005	  3.0972117e+002	 -5.9403595e-002	
  1.2143000e+001	  5.9110932e+005	  3.0972248e+002	 -9.8037431e-002	
  1.2162000e+001	  5.8795135e+005	  3.0972366e+002	 -1.4957238e-002	
  1.2186000e+001	  5.9065876e+005	  3.0972515e+002	  2.4916078e-002	
  1.2202000e+001	  5.9114618e+005	  3.0972613e+002	 -6.8548523e-003	
  1.2222000e+001	  5.9165612e+005	  3.0972736e+002	  4.4982447e-003	
  1.2242000e+001	  5.8834456e+005	  3.0972858e+002	  6.9995331e-002	
  1.2263000e+001	  5.8945661e+005	  3.0972986e+002	  2.0052526e-001	
  1.2282000e+001	  5.9208620e+005	  3.0973102e+002	  3.1769309e-001	
  1.2302000e+001	  5.8704410e+005	  3.0973222e+002	  1.4992700e-001	
  1.2323000e+001	  5.9242206e+005	  3.0973349e+002	 -5.1440530e-002	
  1.2343000e+001	  5.9270059e+005	  3.0973469e+002	  1.5334432e-001	
  1.2363000e+001	  5.9053589e+005	  3.0973588e+002	  8.1733476e-002	
  1.2382000e+001	  5.9358941e+005	  3.0973701e+002	  6.6121886e-002	
  1.2404000e+001	  5.8964911e+005	  3.0973831e+002	  3.3141610e-001	
  1.2422000e+001	  7.1525309e+004	  3.0973937e+002	  1.7059996e-001	
  1.2445000e+001	  7.1543740e+004	  3.0974072e+002	  7.1357864e-002	
  1.2462000e+001	  7.1412671e+004	  3.0974171e+002	  1.1247739e-001	
  1.2483000e+001	  7.1291840e+004	  3.0974293e+002	  2.3433646e-001	
  1.2502000e+001	  7.1218113e+004	  3.0974403e+002	  1.7155085e-001	
  1.2523000e+001	  7.1146435e+004	  3.0974524e+002	  9.2187470e-002	
  1.2542000e+001	  7.1898039e+004	  3.0974633e+002	  2.0311650e-001	
  1.2566000e+001	  7.1685050e+004	  3.0974770e+002	  1.3596879e-001	
  1.2582000e+001	  7.1347135e+004	  3.0974861e+002	  1.4724641e-001	
  1.2603000e+001	  7.1189442e+004	  3.0974980e+002	  6.1839761e-002	
  1.2622000e+001	  7.1668666e+004	  3.0975087e+002	  4.7045082e-002	
  1.2643000e+001	  7.1287744e+004	  3.0975205e+002	  1.1841716e-002	
  1.2662000e+001	  7.1228353e+004	  3.0975311e+002	 -5.2506634e-002	
  1.2686000e+001	  7.1422910e+004	  3.0975445e+002	  4.9423559e-002	
  1.2702000e+001	  7.1566268e+004	  3.0975533e+002	  2.4378060e-002	
  1.2722000e+001	  7.1326656e+004	  3.0975643e+002	  1.5288583e-001	
  1.2742000e+001	  7.1209922e+004	  3.0975753e+002	 -1.0469305e-001	
  1.2763000e+001	  7.1732154e+004	  3.0975867e+002	 -1.2665080e-001	
  1.2785000e+001	  7.0945733e+004	  3.0975987e+002	 -8.6373003e-002	
  1.2803000e+001	  7.1355327e+004	  3.0976084e+002	 -6.8074064e-002	
  1.2823000e+001	  7.1533501e+004	  3.0976192e+002	 -1.7152438e-001	
  1.2843000e+001	  7.1697338e+004	  3.0976299e+002	 -2.4884729e-001	
  1.2863000e+001	  7.1617467e+004	  3.0976405e+002	 -6.6683304e-002	
  1.2883000e+001	  7.1037892e+004	  3.0976511e+002	 -1.9544948e-001	
  1.2903000e+001	  7.1316416e+004	  3.0976616e+002	 -1.5833225e-001	
  1.2922000e+001	  5.7707868e+005	  3.0976716e+002	 -3.6244578e-001	
  1.2943000e+001	  5.8414417e+005	  3.0976826e+002	 -1.7587984e-001	
  1.2963000e+001	  5.8099849e+005	  3.0976929e+002	 -2.2140189e-001	
  1.2983000e+001	  5.7828084e+005	  3.0977033e+002	 -1.1576060e-001	
  1.3003000e+001	  5.8161084e+005	  3.0977136e+002	 -1.6359547e-001	
  1.3023000e+001	  5.8717722e+005	  3.0977238e+002	 -3.1538930e-002	
  1.3042000e+001	  5.8378988e+005	  3.0977334e+002	 -8.8227988e-002	
  1.3066000e+001	  5.7756610e+005	  3.0977456e+002	 -7.4381735e-002	
  1.3082000e+001	  5.8210849e+005	  3.0977536e+002	 -1.1786434e-002	
  1.3103000e+001	  5.8206958e+005	  3.0977642e+002	 -1.3691878e-001	
  1.3122000e+001	  5.7899558e+005	  3.0977736e+002	  1.1698763e-002	
  1.3147000e+001	  5.7986597e+005	  3.0977860e+002	  2.1015245e-002	
  1.3163000e+001	  5.8420971e+005	  3.0977939e+002	 -8.7248913e-002	
  1.3183000e+001	  5.8325945e+005	  3.0978037e+002	  1.6028423e-001	
  1.3202000e+001	  5.8387999e+005	  3.0978129e+002	 -3.1023617e-001	
  1.3223000e+001	  5.8196514e+005	  3.0978231e+002	  1.0608190e-002	
  1.3242000e+001	  5.8331475e+005	  3.0978323e+002	  1.4342629e-001	
  1.3263000e+001	  5.7642333e+005	  3.0978423e+002	  1.2594642e-001	
  1.3282000e+001	  5.8100464e+005	  3.0978514e+002	  1.8869396e-001	
  1.3303000e+001	  5.8264916e+005	  3.0978613e+002	  7.3220910e-002	
  1.3323000e+001	  5.8111318e+005	  3.0978707e+002	  2.3378956e-001	
  1.3343000e+001	  5.8067696e+005	  3.0978801e+002	  2.3631138e-001	
  1.3363000e+001	  5.8198562e+005	  3.0978894e+002	  5.7329028e-002	
  1.3382000e+001	  5.8205115e+005	  3.0978982e+002	  3.2445372e-001	
  1.3403000e+001	  5.7883174e+005	  3.0979079e+002	  2.0986811e-001	
  1.3423000e+001	  7.1599035e+004	  3.0979170e+002	  1.8557743e-001	
  1.3443000e+001	  7.1797688e+004	  3.0979261e+002	  1.8838486e-001	
  1.3462000e+001	  7.1539645e+004	  3.0979347e+002	  5.7848733e-002	
  1.3486000e+001	  7.1562172e+004	  3.0979455e+002	  5.2442902e-002	
  1.3503000e+001	  7.1250881e+004	  3.0979531e+002	  2.1454573e-001	
  1.3523000e+001	  7.1400383e+004	  3.0979619e+002	  1.7188214e-001	
  1.3543000e+001	  7.1539644e+004	  3.0979707e+002	  9.7070930e-002	
  1.3563000e+001	  7.1558076e+004	  3.0979795e+002	  1.8712308e-001	
  1.3583000e+001	  7.1187394e+004	  3.0979882e+002	 -3.3396576e-002	
  1.3603000e+001	  7.1244737e+004	  3.0979969e+002	  1.9087766e-002	
  1.3622000e+001	  7.0968261e+004	  3.0980050e+002	  1.1556726e-001	
  1.3643000e+001	  7.1320512e+004	  3.0980140e+002	 -3.2186021e-002	
  1.3662000e+001	  7.1355327e+004	  3.0980221e+002	 -1.0422244e-001	
  1.3683000e+001	  7.0917062e+004	  3.0980309e+002	 -6.9995575e-002	
  1.3702000e+001	  7.2070068e+004	  3.0980389e+002	 -3.6972141e-002	
  1.3723000e+001	  7.1289792e+004	  3.0980476e+002	  1.0850875e-001	
  1.3742000e+001	  7.1080899e+004	  3.0980554e+002	 -1.8156638e-001	
  1.3763000e+001	  7.1392191e+004	  3.0980641e+002	  8.4988465e-002	
  1.3785000e+001	  7.1381951e+004	  3.0980730e+002	 -2.0104305e-001	
  1.3803000e+001	  7.1310272e+004	  3.0980803e+002	  8.0867014e-002	
  1.3823000e+001	  7.1437245e+004	  3.0980883e+002	 -4.9854054e-002	
  1.3843000e+001	  7.1529405e+004	  3.0980963e+002	 -1.1522263e-001	
  1.3863000e+001	  7.1547836e+004	  3.0981042e+002	 -2.2055417e-002	
  1.3883000e+001	  7.1302080e+004	  3.0981121e+002	 -1.3930730e-001	
  1.3903000e+001	  7.1375807e+004	  3.0981199e+002	 -1.8210273e-001	
  1.3922000e+001	  5.8815205e+005	  3.0981273e+002	 -1.6364137e-001	
  1.3947000e+001	  5.8540982e+005	  3.0981369e+002	 -1.5331839e-001	
  1.3963000e+001	  5.9114004e+005	  3.0981430e+002	 -1.6814806e-001	
  1.3983000e+001	  5.9179539e+005	  3.0981506e+002	 -1.1280489e-001	
