  0.0000000e+000	  2.1603648e-010	  3.1415927e+000	  3.8526083e+003	  3.1415927e+000	
  2.4414063e-002	  1.3360934e-003	  1.8227440e+000	  3.6533331e+003	  6.2117867e+000	
  4.8828125e-002	  1.0311019e-002	 -4.5887968e-002	  1.8148916e+003	  3.2357138e+000	
  7.3242188e-002	  9.2559378e-003	 -1.5241679e+000	  7.1792960e+002	  6.1452682e+000	
  9.7656250e-002	  1.6755370e-002	 -4.0726498e+000	  5.3223863e+002	  4.5034794e+000	
  1.2207031e-001	  2.1062411e-002	 -1.7126284e+000	  9.4295636e+002	  2.7513768e+000	
  1.4648438e-001	  3.8069233e-003	 -4.0883156e+000	  3.6054421e+002	 -1.8292663e-001	
  1.7089844e-001	  1.0426338e-002	 -5.8014677e+000	  7.5410322e+002	  1.3808899e+000	
  1.9531250e-001	  1.4938363e-002	 -7.8135377e+000	  1.0258123e+003	 -1.7271790e+000	
  2.1972656e-001	  2.6050027e-002	 -1.0520469e+001	  1.6014142e+003	 -4.7255045e+000	
  2.4414063e-001	  2.1836747e-002	 -1.3534473e+001	  3.9785833e+002	 -2.5560224e+000	
  2.6855469e-001	  2.2114762e-003	 -1.6111254e+001	  1.4800856e+003	 -5.6687651e+000	
  2.9296875e-001	  2.7896848e-002	 -1.8855810e+001	  1.8926434e+003	 -7.1237715e+000	
  3.1738281e-001	  5.0709211e-002	 -1.9705983e+001	  4.0590629e+003	 -5.0613807e+000	
  3.4179688e-001	  7.1135745e-002	 -1.8678289e+001	  1.7646064e+004	 -4.7892172e+000	
  3.6621094e-001	  7.2644099e-002	 -2.1310439e+001	  1.0106848e+005	 -7.2703324e+000	
  3.9062500e-001	  3.7605812e-001	 -2.3841876e+001	  1.5981702e+005	 -9.7812291e+000	
  4.1503906e-001	  1.0188026e-001	 -2.6366989e+001	  1.0564489e+005	 -1.2290498e+001	
  4.3945313e-001	  6.8406575e-002	 -2.8938917e+001	  2.0184760e+004	 -1.4790255e+001	
  4.6386719e-001	  5.3860822e-002	 -2.7013436e+001	  4.4432415e+003	 -1.4069398e+001	
  4.8828125e-001	  1.9580646e-002	 -2.8023165e+001	  1.0410205e+003	 -1.4688606e+001	
  5.1269531e-001	  5.5818680e-003	 -2.8382084e+001	  1.0646771e+003	 -1.2254195e+001	
  5.3710938e-001	  1.6417186e-002	 -3.0548119e+001	  8.9780705e+002	 -1.5225109e+001	
  5.6152344e-001	  2.3120765e-002	 -3.3224534e+001	  1.5988531e+002	 -1.4378431e+001	
  5.8593750e-001	  1.7442380e-002	 -3.5908108e+001	  2.5790220e+002	 -1.2312819e+001	
  6.1035156e-001	  1.2345104e-002	 -3.8852101e+001	  6.8879929e+002	 -1.4513191e+001	
  6.3476563e-001	  2.7506449e-003	 -4.1547100e+001	  5.0778186e+002	 -1.2278487e+001	
  6.5917969e-001	  1.1142465e-002	 -4.0052700e+001	  1.2079122e+003	 -9.1967874e+000	
  6.8359375e-001	  1.5977066e-002	 -4.1817926e+001	  8.8650133e+002	 -1.2020548e+001	
  7.0800781e-001	  1.9219293e-002	 -4.3920636e+001	  4.8154570e+002	 -9.6397908e+000	
  7.3242188e-001	  4.0149660e-003	 -4.6301445e+001	  9.2071485e+002	 -6.8490028e+000	
  7.5683594e-001	  1.1523083e-002	 -4.6396643e+001	  7.5922117e+002	 -9.4971025e+000	
  7.8125000e-001	  5.5624648e-003	 -4.8745814e+001	  1.3783834e+002	 -1.1589445e+001	
  8.0566406e-001	  5.5280318e-003	 -5.0742935e+001	  3.1163424e+002	 -1.1372515e+001	
  8.3007813e-001	  5.7689976e-003	 -5.2198737e+001	  4.0353407e+002	 -1.3561507e+001	
  8.5449219e-001	  3.0072544e-003	 -5.4886151e+001	  3.8328910e+002	 -1.6287010e+001	
  8.7890625e-001	  6.4971347e-003	 -5.7754115e+001	  6.2278907e+002	 -1.9348582e+001	
  9.0332031e-001	  6.0136547e-003	 -6.0469447e+001	  7.5123996e+002	 -2.1732281e+001	
  9.2773438e-001	  5.8360214e-003	 -6.2545416e+001	  5.9314801e+002	 -2.3923005e+001	
  9.5214844e-001	  7.9215449e-003	 -6.3207662e+001	  2.7051199e+002	 -2.6465636e+001	
  9.7656250e-001	  6.1553956e-003	 -6.4438396e+001	  1.6777044e+002	 -2.4183386e+001	
  1.0009766e+000	  7.8232595e-003	 -6.7067861e+001	  5.8617684e+002	 -2.6934273e+001	
  1.0253906e+000	  4.0622146e-003	 -6.4169083e+001	  5.5617372e+002	 -2.9007115e+001	
  1.0498047e+000	  5.9016997e-003	 -6.2162201e+001	  3.2395410e+002	 -2.6196618e+001	
  1.0742188e+000	  4.5841048e-003	 -6.5065343e+001	  1.4562523e+003	 -2.3201971e+001	
  1.0986328e+000	  4.1612579e-003	 -6.7488137e+001	  1.7591494e+003	 -2.0699883e+001	
  1.1230469e+000	  1.4430819e-002	 -7.0444756e+001	  4.9985079e+003	 -2.1398287e+001	
  1.1474609e+000	  5.7335509e-003	 -6.8912335e+001	  3.1644140e+004	 -2.3700785e+001	
  1.1718750e+000	  3.9892234e-002	 -7.1620268e+001	  5.2839481e+004	 -2.6199634e+001	
  1.1962891e+000	  9.9948471e-003	 -7.4185587e+001	  3.6712137e+004	 -2.8700883e+001	
  1.2207031e+000	  1.7804977e-002	 -7.3769698e+001	  7.8131039e+003	 -3.1173473e+001	
  1.2451172e+000	  2.4921871e-003	 -7.6205551e+001	  1.3606973e+003	 -3.0546647e+001	
  1.2695313e+000	  7.4087688e-003	 -7.6055346e+001	  3.7326159e+002	 -3.0533142e+001	
  1.2939453e+000	  3.9122801e-003	 -7.8570765e+001	  6.6734646e+001	 -2.9974650e+001	
  1.3183594e+000	  3.7391120e-003	 -8.1495426e+001	  4.0200644e+002	 -3.2258072e+001	
  1.3427734e+000	  5.5418136e-003	 -8.3962293e+001	  1.2477327e+002	 -3.4823955e+001	
  1.3671875e+000	  6.4391401e-003	 -8.6132069e+001	  1.7637990e+002	 -3.4957421e+001	
  1.3916016e+000	  3.8646331e-003	 -8.8287012e+001	  4.1473660e+002	 -3.6952928e+001	
  1.4160156e+000	  5.0390877e-003	 -9.0876658e+001	  2.0686527e+002	 -3.4248968e+001	
  1.4404297e+000	  5.8094826e-003	 -9.3669017e+001	  5.5366464e+002	 -3.1473286e+001	
  1.4648438e+000	  3.9131384e-003	 -9.4995073e+001	  5.9052031e+002	 -3.4098385e+001	
  1.4892578e+000	  3.7364666e-003	 -9.6171321e+001	  3.5204684e+002	 -3.7239261e+001	
  1.5136719e+000	  5.5107898e-003	 -9.7205026e+001	  5.0784822e+002	 -3.4958227e+001	
  1.5380859e+000	  7.5175999e-003	 -9.9028305e+001	  9.5688596e+002	 -3.7692782e+001	
  1.5625000e+000	  1.3113099e-002	 -1.0147574e+002	  1.0435314e+003	 -4.0081200e+001	
  1.5869141e+000	  3.6938749e-003	 -1.0420562e+002	  6.5246370e+002	 -4.2584633e+001	
  1.6113281e+000	  7.1109011e-003	 -1.0714047e+002	  4.2694855e+002	 -3.9947316e+001	
  1.6357422e+000	  3.3335575e-003	 -1.0440294e+002	  7.4124063e+002	 -4.2634420e+001	
  1.6601563e+000	  8.0488007e-003	 -1.0169643e+002	  6.6483842e+002	 -4.4589044e+001	
  1.6845703e+000	  2.8944120e-003	 -9.9384000e+001	  2.8526478e+002	 -4.6108725e+001	
  1.7089844e+000	  4.7924948e-003	 -9.6632443e+001	  4.2158461e+002	 -4.6561277e+001	
  1.7333984e+000	  2.3148062e-003	 -9.8332787e+001	  5.0384042e+002	 -4.8626537e+001	
  1.7578125e+000	  6.3528731e-003	 -9.8857511e+001	  2.1863861e+002	 -5.0705362e+001	
  1.7822266e+000	  2.4962332e-003	 -1.0063145e+002	  3.2719967e+002	 -4.9538346e+001	
  1.8066406e+000	  1.0563160e-002	 -1.0264476e+002	  6.7013588e+002	 -5.1496745e+001	
  1.8310547e+000	  4.9153365e-003	 -1.0507346e+002	  4.3806222e+002	 -5.3970995e+001	
  1.8554688e+000	  3.7547620e-003	 -1.0247910e+002	  8.8708382e+002	 -5.2024783e+001	
  1.8798828e+000	  7.5464578e-003	 -9.9378454e+001	  1.1154015e+003	 -4.9262606e+001	
  1.9042969e+000	  5.5402085e-004	 -1.0185328e+002	  3.1279114e+003	 -5.0498538e+001	
  1.9287109e+000	  3.9531113e-003	 -1.0443831e+002	  1.8575904e+004	 -5.2726297e+001	
  1.9531250e+000	  1.7913693e-002	 -1.0677800e+002	  3.2227737e+004	 -5.5215362e+001	
  1.9775391e+000	  3.6737359e-003	 -1.0880739e+002	  2.3480182e+004	 -5.7718622e+001	
  2.0019531e+000	  8.3509082e-003	 -1.1043237e+002	  5.2863576e+003	 -6.0268144e+001	
  2.0263672e+000	  4.8992210e-003	 -1.1282265e+002	  1.5634190e+003	 -5.8965259e+001	
  2.0507813e+000	  3.3164912e-003	 -1.1095353e+002	  1.2490142e+003	 -6.0589146e+001	
  2.0751953e+000	  6.1693194e-003	 -1.0789037e+002	  7.3225269e+002	 -6.2956243e+001	
  2.0996094e+000	  5.6287832e-003	 -1.0480198e+002	  3.0329721e+002	 -6.0866482e+001	
  2.1240234e+000	  6.7001103e-003	 -1.0780385e+002	  4.9423150e+002	 -6.3913620e+001	
  2.1484375e+000	  3.9565565e-003	 -1.1024915e+002	  3.8848459e+002	 -6.5912961e+001	
  2.1728516e+000	  5.3412751e-004	 -1.1098073e+002	  1.3723743e+002	 -6.7093693e+001	
  2.1972656e+000	  5.4304923e-003	 -1.1250271e+002	  6.0617266e+001	 -6.7340748e+001	
  2.2216797e+000	  2.6083075e-003	 -1.1374147e+002	  1.5047498e+002	 -6.7963740e+001	
  2.2460938e+000	  6.0754976e-003	 -1.1451576e+002	  1.7658442e+002	 -7.0360843e+001	
  2.2705078e+000	  6.7794013e-003	 -1.1680671e+002	  1.7029550e+002	 -6.7718092e+001	
  2.2949219e+000	  3.0671355e-003	 -1.1428225e+002	  2.9514623e+002	 -6.4770648e+001	
  2.3193359e+000	  4.3145601e-003	 -1.1178832e+002	  2.7072719e+002	 -6.7546486e+001	
  2.3437500e+000	  1.0192756e-003	 -1.1455541e+002	  1.9607716e+002	 -7.0624328e+001	
  2.3681641e+000	  1.6324877e-003	 -1.1702497e+002	  3.2783117e+002	 -7.3644175e+001	
  2.3925781e+000	  1.1466299e-003	 -1.1889928e+002	  4.3112647e+002	 -7.6072653e+001	
  2.4169922e+000	  2.6926482e-003	 -1.2109400e+002	  3.7287597e+002	 -7.8380167e+001	
  2.4414063e+000	  2.3538471e-003	 -1.2346604e+002	  1.4250395e+002	 -7.5349982e+001	
  2.4658203e+000	  4.4793300e-003	 -1.2572900e+002	  5.1183870e+002	 -7.2936517e+001	
  2.4902344e+000	  3.5074853e-003	 -1.2541349e+002	  7.7223057e+002	 -7.5526531e+001	
  2.5146484e+000	  3.9309757e-003	 -1.2658124e+002	  5.7402914e+002	 -7.8096900e+001	
  2.5390625e+000	  7.7974478e-003	 -1.2688625e+002	  3.0420622e+002	 -8.1230778e+001	
  2.5634766e+000	  6.5900591e-003	 -1.2891402e+002	  6.7799086e+002	 -7.8358262e+001	
  2.5878906e+000	  4.5343013e-003	 -1.3127223e+002	  8.8339353e+002	 -8.0717779e+001	
  2.6123047e+000	  7.0357586e-003	 -1.2928799e+002	  4.3416107e+002	 -8.3257603e+001	
  2.6367188e+000	  1.2745054e-003	 -1.3127899e+002	  9.9017288e+002	 -8.1243830e+001	
  2.6611328e+000	  8.3010624e-003	 -1.3340201e+002	  1.4927545e+003	 -8.4369912e+001	
  2.6855469e+000	  2.3511272e-003	 -1.3631699e+002	  2.1397252e+003	 -8.6029845e+001	
  2.7099609e+000	  2.6630844e-003	 -1.3318761e+002	  1.2295548e+004	 -8.8004969e+001	
  2.7343750e+000	  9.3045758e-003	 -1.3567146e+002	  2.2432177e+004	 -9.0484182e+001	
  2.7587891e+000	  6.7203295e-004	 -1.3744108e+002	  1.6880061e+004	 -9.2991140e+001	
  2.7832031e+000	  9.8980817e-003	 -1.3914613e+002	  3.8016731e+003	 -9.5575782e+001	
  2.8076172e+000	  6.9085551e-004	 -1.4079766e+002	  1.5015888e+003	 -9.4228599e+001	
  2.8320313e+000	  6.8099905e-003	 -1.4159854e+002	  9.8842189e+002	 -9.6072167e+001	
  2.8564453e+000	  2.5709617e-003	 -1.4359764e+002	  2.0325432e+002	 -9.7905417e+001	
  2.8808594e+000	  7.6158898e-003	 -1.4556871e+002	  5.0142861e+002	 -9.7553538e+001	
  2.9052734e+000	  5.0450831e-003	 -1.4765963e+002	  5.6367412e+002	 -9.9856704e+001	
  2.9296875e+000	  4.1521730e-003	 -1.4858210e+002	  2.1652124e+002	 -1.0194749e+002	
  2.9541016e+000	  1.4584514e-003	 -1.4993681e+002	  3.6808720e+002	 -1.0088910e+002	
  2.9785156e+000	  1.7483954e-003	 -1.5212568e+002	  5.7142193e+002	 -1.0311493e+002	
  3.0029297e+000	  9.8419839e-003	 -1.5455003e+002	  3.0084842e+002	 -1.0503749e+002	
  3.0273438e+000	  2.3193133e-003	 -1.5694069e+002	  1.3897946e+002	 -1.0558111e+002	
  3.0517578e+000	  2.0817792e-003	 -1.5824796e+002	  2.4160468e+002	 -1.0720532e+002	
  3.0761719e+000	  4.8427298e-004	 -1.5917381e+002	  1.3803198e+002	 -1.1026457e+002	
  3.1005859e+000	  8.8616264e-003	 -1.6138861e+002	  2.4070412e+002	 -1.0774070e+002	
  3.1250000e+000	  4.1370896e-003	 -1.6349328e+002	  2.4745189e+002	 -1.1031068e+002	
  3.1494141e+000	  4.1306654e-003	 -1.6486326e+002	  1.5998001e+002	 -1.1228480e+002	
  3.1738281e+000	  2.3104378e-003	 -1.6574421e+002	  1.2683964e+002	 -1.1423370e+002	
  3.1982422e+000	  2.6562907e-003	 -1.6761419e+002	  5.2040306e+001	 -1.1545322e+002	
  3.2226563e+000	  6.0437523e-003	 -1.6996120e+002	  1.2801001e+002	 -1.1717673e+002	
  3.2470703e+000	  3.1574563e-003	 -1.7195525e+002	  2.5759842e+002	 -1.2007631e+002	
  3.2714844e+000	  4.3681633e-003	 -1.7379598e+002	  4.0660266e+002	 -1.2286201e+002	
  3.2958984e+000	  8.6555540e-003	 -1.7632064e+002	  3.6219932e+002	 -1.2569896e+002	
  3.3203125e+000	  2.9132618e-003	 -1.7933449e+002	  2.5200761e+002	 -1.2270285e+002	
  3.3447266e+000	  3.3949071e-003	 -1.8199322e+002	  3.7108840e+002	 -1.1969023e+002	
  3.3691406e+000	  8.3764714e-003	 -1.8398874e+002	  3.8178099e+002	 -1.2206420e+002	
  3.3935547e+000	  5.6589187e-003	 -1.8547767e+002	  1.4154803e+002	 -1.1959690e+002	
  3.4179688e+000	  5.9392584e-003	 -1.8717036e+002	  1.0898861e+003	 -1.1656586e+002	
  3.4423828e+000	  3.9397383e-003	 -1.8892096e+002	  1.3834413e+003	 -1.1942937e+002	
  3.4667969e+000	  3.1688525e-003	 -1.9101068e+002	  1.7798557e+003	 -1.2127487e+002	
  3.4912109e+000	  1.4021613e-003	 -1.9410686e+002	  9.3366730e+003	 -1.2328404e+002	
  3.5156250e+000	  3.9459991e-003	 -1.9695967e+002	  1.7518371e+004	 -1.2576566e+002	
  3.5400391e+000	  3.5386320e-003	 -1.9963999e+002	  1.3882545e+004	 -1.2827101e+002	
  3.5644531e+000	  1.5989067e-003	 -2.0259733e+002	  3.6676721e+003	 -1.3081769e+002	
  3.5888672e+000	  2.7162833e-003	 -2.0524434e+002	  9.9446421e+002	 -1.2950750e+002	
  3.6132813e+000	  5.6852639e-003	 -2.0791721e+002	  8.2829972e+002	 -1.3156597e+002	
  3.6376953e+000	  9.9441145e-003	 -2.1062380e+002	  2.8035785e+002	 -1.3427824e+002	
  3.6621094e+000	  7.6661664e-003	 -2.1304517e+002	  4.6644579e+002	 -1.3239790e+002	
  3.6865234e+000	  6.8874937e-003	 -2.1444097e+002	  5.6892440e+002	 -1.3516767e+002	
  3.7109375e+000	  2.0978076e-003	 -2.1599417e+002	  2.8980889e+002	 -1.3788234e+002	
  3.7353516e+000	  2.9396198e-003	 -2.1569763e+002	  2.3970864e+002	 -1.3539991e+002	
  3.7597656e+000	  2.8276470e-003	 -2.1768478e+002	  2.4735178e+002	 -1.3782540e+002	
  3.7841797e+000	  3.7342253e-003	 -2.1973924e+002	  6.7190938e+001	 -1.3899674e+002	
  3.8085938e+000	  2.9874535e-003	 -2.2197590e+002	  2.3890071e+002	 -1.3953801e+002	
  3.8330078e+000	  9.5075729e-003	 -2.2436498e+002	  3.2523319e+002	 -1.4164111e+002	
  3.8574219e+000	  4.6010777e-003	 -2.2672084e+002	  2.1047052e+002	 -1.4356012e+002	
  3.8818359e+000	  1.8719174e-003	 -2.2903282e+002	  8.3807546e+001	 -1.4508491e+002	
  3.9062500e+000	  5.5577791e-003	 -2.3153406e+002	  2.6133691e+001	 -1.4396260e+002	
  3.9306641e+000	  4.4823543e-003	 -2.3425674e+002	  7.3515168e+001	 -1.4566443e+002	
  3.9550781e+000	  3.8787019e-003	 -2.3112213e+002	  1.0391386e+002	 -1.4601423e+002	
  3.9794922e+000	  5.0808494e-003	 -2.2819881e+002	  2.6741198e+002	 -1.4808551e+002	
  4.0039063e+000	  5.4648912e-003	 -2.3087595e+002	  1.9847613e+002	 -1.5046512e+002	
  4.0283203e+000	  5.3462920e-003	 -2.3278019e+002	  1.0152182e+002	 -1.4949204e+002	
  4.0527344e+000	  6.4675321e-003	 -2.3487196e+002	  3.3233182e+002	 -1.5196691e+002	
  4.0771484e+000	  3.6046666e-003	 -2.3769251e+002	  2.9784695e+002	 -1.5427733e+002	
  4.1015625e+000	  3.0123257e-003	 -2.3487133e+002	  7.4486985e+001	 -1.5640557e+002	
  4.1259766e+000	  4.1729033e-003	 -2.3352713e+002	  3.4404543e+002	 -1.5555457e+002	
  4.1503906e+000	  3.9756981e-003	 -2.3621010e+002	  5.9065038e+002	 -1.5772389e+002	
  4.1748047e+000	  1.9427257e-003	 -2.3643917e+002	  3.7085455e+002	 -1.6028194e+002	
  4.1992188e+000	  7.9300377e-003	 -2.3825999e+002	  7.6715533e+002	 -1.5797994e+002	
  4.2236328e+000	  4.2194741e-003	 -2.4059908e+002	  1.1333290e+003	 -1.6099939e+002	
  4.2480469e+000	  3.7773954e-003	 -2.3801745e+002	  1.3156143e+003	 -1.6295637e+002	
  4.2724609e+000	  9.4765480e-003	 -2.4108262e+002	  7.1458020e+003	 -1.6484346e+002	
  4.2968750e+000	  5.6349839e-003	 -2.4356611e+002	  1.4104515e+004	 -1.6732151e+002	
  4.3212891e+000	  8.2133085e-004	 -2.4609871e+002	  1.1669343e+004	 -1.6983467e+002	
  4.3457031e+000	  1.1347857e-003	 -2.4551105e+002	  3.3569823e+003	 -1.7244286e+002	
  4.3701172e+000	  1.3903817e-003	 -2.4420266e+002	  1.0626612e+003	 -1.7075062e+002	
  4.3945313e+000	  6.7295289e-003	 -2.4691147e+002	  1.0099464e+003	 -1.7303896e+002	
  4.4189453e+000	  4.3619787e-003	 -2.4940615e+002	  3.5259827e+002	 -1.7581068e+002	
  4.4433594e+000	  7.1229173e-004	 -2.5087090e+002	  5.1287004e+002	 -1.7388554e+002	
  4.4677734e+000	  3.8075282e-003	 -2.5178733e+002	  6.7528236e+002	 -1.7654311e+002	
  4.4921875e+000	  6.1900338e-003	 -2.5421482e+002	  4.1211773e+002	 -1.7884965e+002	
  4.5166016e+000	  1.3361661e-003	 -2.5709982e+002	  7.8005970e+001	 -1.7740851e+002	
  4.5410156e+000	  4.6143325e-003	 -2.6016082e+002	  3.6522440e+002	 -1.7997475e+002	
  4.5654297e+000	  5.0882251e-003	 -2.6283192e+002	  3.4128338e+002	 -1.8229894e+002	
  4.5898438e+000	  3.3142239e-003	 -2.6544775e+002	  1.8279157e+002	 -1.8503320e+002	
  4.6142578e+000	  7.7712361e-003	 -2.6797452e+002	  1.6450396e+002	 -1.8205702e+002	
  4.6386719e+000	  2.9771450e-003	 -2.7013254e+002	  2.3874228e+002	 -1.8454788e+002	
  4.6630859e+000	  4.2296865e-003	 -2.7183727e+002	  1.8788632e+002	 -1.8697568e+002	
  4.6875000e+000	  4.4495451e-003	 -2.7378297e+002	  1.0433365e+002	 -1.8463416e+002	
  4.7119141e+000	  7.0568500e-003	 -2.7589052e+002	  2.4998580e+002	 -1.8735502e+002	
  4.7363281e+000	  4.5382366e-003	 -2.7819993e+002	  2.5171967e+002	 -1.8925101e+002	
  4.7607422e+000	  2.4665875e-003	 -2.7578412e+002	  1.8421565e+002	 -1.9090544e+002	
  4.7851563e+000	  9.4489284e-004	 -2.7354288e+002	  7.8420181e+001	 -1.9193735e+002	
  4.8095703e+000	  8.3914183e-003	 -2.7641115e+002	  1.1331633e+002	 -1.9260759e+002	
  4.8339844e+000	  4.1662119e-003	 -2.7947366e+002	  1.1704490e+002	 -1.9415247e+002	
  4.8583984e+000	  3.4321761e-003	 -2.8210445e+002	  1.5279937e+001	 -1.9544940e+002	
  4.8828125e+000	  7.1929004e-003	 -2.8402226e+002	  1.7054596e+002	 -1.9498197e+002	
  4.9072266e+000	  2.8156079e-003	 -2.8656494e+002	  4.1500935e+002	 -1.9705877e+002	
  4.9316406e+000	  3.8019296e-003	 -2.8905625e+002	  4.1249368e+002	 -1.9919416e+002	
  4.9560547e+000	  4.4515265e-003	 -2.9122286e+002	  2.9748366e+001	 -1.9715278e+002	
  4.9804688e+000	  5.1827625e-003	 -2.9167098e+002	  8.9810252e+002	 -2.0000262e+002	
  5.0048828e+000	  2.9115501e-003	 -2.9423129e+002	  1.3630763e+003	 -2.0266212e+002	
  5.0292969e+000	  6.7181171e-003	 -2.9673799e+002	  1.1150734e+003	 -2.0477117e+002	
  5.0537109e+000	  3.5639397e-003	 -2.9861930e+002	  5.4784042e+003	 -2.0638839e+002	
  5.0781250e+000	  2.4240093e-003	 -2.9966977e+002	  1.1611125e+004	 -2.0885693e+002	
  5.1025391e+000	  1.8460932e-003	 -3.0038840e+002	  1.0067748e+004	 -2.1136398e+002	
  5.1269531e+000	  3.1151353e-003	 -3.0088543e+002	  3.0038201e+003	 -2.1393027e+002	
  5.1513672e+000	  7.0263883e-003	 -3.0149710e+002	  8.9878667e+002	 -2.1239761e+002	
  5.1757813e+000	  6.4741550e-003	 -3.0245462e+002	  9.3614983e+002	 -2.1458958e+002	
  5.2001953e+000	  9.3353281e-003	 -3.0454876e+002	  4.3015491e+002	 -2.1694851e+002	
  5.2246094e+000	  5.9091763e-003	 -3.0172787e+002	  2.0880641e+002	 -2.1497302e+002	
  5.2490234e+000	  7.1580867e-003	 -3.0484935e+002	  3.1263226e+002	 -2.1786107e+002	
  5.2734375e+000	  3.4665613e-003	 -3.0678731e+002	  1.6731852e+002	 -2.1998995e+002	
  5.2978516e+000	  4.3054869e-003	 -3.0675541e+002	  8.7167075e+001	 -2.1950394e+002	
  5.3222656e+000	  1.8211096e-003	 -3.0873168e+002	  1.5637369e+002	 -2.2118552e+002	
  5.3466797e+000	  4.9307564e-003	 -3.1124769e+002	  1.1793847e+002	 -2.2238307e+002	
  5.3710938e+000	  2.1145312e-003	 -3.0842176e+002	  1.4120620e+002	 -2.2347988e+002	
  5.3955078e+000	  3.4285538e-003	 -3.1145678e+002	  1.4495367e+002	 -2.2512862e+002	
  5.4199219e+000	  3.1044912e-003	 -3.1394112e+002	  8.1113675e+001	 -2.2568451e+002	
  5.4443359e+000	  2.3757242e-003	 -3.1116500e+002	  2.5546956e+002	 -2.2706834e+002	
  5.4687500e+000	  2.8405873e-003	 -3.0835589e+002	  2.7411140e+002	 -2.2913068e+002	
  5.4931641e+000	  5.2227518e-003	 -3.1126095e+002	  1.1792168e+002	 -2.3066774e+002	
  5.5175781e+000	  3.8715281e-003	 -3.1402567e+002	  1.2090757e+002	 -2.3108739e+002	
  5.5419922e+000	  9.4404140e-004	 -3.1684496e+002	  1.7202684e+002	 -2.3236872e+002	
  5.5664063e+000	  4.0317847e-003	 -3.1957210e+002	  1.0881774e+002	 -2.3406531e+002	
  5.5908203e+000	  3.2452072e-003	 -3.2171072e+002	  1.5540530e+002	 -2.3322492e+002	
  5.6152344e+000	  3.3778364e-003	 -3.2331052e+002	  3.9331864e+002	 -2.3531528e+002	
  5.6396484e+000	  7.7800660e-003	 -3.2526370e+002	  3.4674544e+002	 -2.3754493e+002	
  5.6640625e+000	  4.7735072e-003	 -3.2761012e+002	  7.1008391e+001	 -2.3441105e+002	
  5.6884766e+000	  3.3142434e-003	 -3.3025633e+002	  4.2980778e+002	 -2.3224375e+002	
  5.7128906e+000	  3.4457968e-003	 -3.3196007e+002	  6.0294366e+002	 -2.3456740e+002	
  5.7373047e+000	  7.7325025e-003	 -3.3321215e+002	  2.4435704e+002	 -2.3723831e+002	
  5.7617188e+000	  3.3618816e-003	 -3.3577413e+002	  8.0224266e+002	 -2.3512348e+002	
  5.7861328e+000	  3.6731529e-003	 -3.3331996e+002	  1.3569910e+003	 -2.3785567e+002	
  5.8105469e+000	  4.2434551e-003	 -3.3040436e+002	  1.1818318e+003	 -2.4013171e+002	
  5.8349609e+000	  6.8806355e-003	 -3.2726411e+002	  4.5618332e+003	 -2.4172285e+002	
  5.8593750e+000	  1.6104096e-003	 -3.2974943e+002	  9.9808605e+003	 -2.4415880e+002	
  5.8837891e+000	  2.7636670e-003	 -3.3263264e+002	  9.0490995e+003	 -2.4665427e+002	
  5.9082031e+000	  6.1538538e-003	 -3.3570302e+002	  2.9133551e+003	 -2.4918765e+002	
  5.9326172e+000	  6.4691389e-003	 -3.3831907e+002	  7.8636705e+002	 -2.4771035e+002	
  5.9570313e+000	  3.9007717e-003	 -3.4080087e+002	  9.1850778e+002	 -2.4995893e+002	
  5.9814453e+000	  2.3240406e-003	 -3.4296706e+002	  3.3291875e+002	 -2.5233055e+002	
  6.0058594e+000	  6.0872488e-003	 -3.4495535e+002	  3.4785737e+002	 -2.5082501e+002	
  6.0302734e+000	  2.8390693e-003	 -3.4644960e+002	  5.0547271e+002	 -2.5336785e+002	
  6.0546875e+000	  6.3179745e-003	 -3.4809947e+002	  2.5153924e+002	 -2.5559620e+002	
  6.0791016e+000	  1.0994347e-003	 -3.5062818e+002	  1.4543072e+002	 -2.5483901e+002	
  6.1035156e+000	  4.1427955e-003	 -3.4885974e+002	  2.7167963e+002	 -2.5703103e+002	
  6.1279297e+000	  2.9409567e-003	 -3.5007355e+002	  8.3120662e+001	 -2.5915184e+002	
  6.1523438e+000	  5.4151193e-003	 -3.5151667e+002	  1.3028994e+002	 -2.5838179e+002	
  6.1767578e+000	  4.8867138e-003	 -3.5337885e+002	  1.8584603e+002	 -2.6046847e+002	
  6.2011719e+000	  1.0142890e-003	 -3.5503467e+002	  7.9912803e+001	 -2.6220980e+002	
  6.2255859e+000	  2.3539572e-003	 -3.5710687e+002	  1.0004591e+002	 -2.6198020e+002	
  6.2500000e+000	  2.9838427e-003	 -3.5968569e+002	  1.8821246e+002	 -2.6379097e+002	
  6.2744141e+000	  1.6174666e-003	 -3.6215910e+002	  1.1509580e+002	 -2.6583666e+002	
  6.2988281e+000	  6.7365043e-003	 -3.6461721e+002	  7.6479326e+001	 -2.6478125e+002	
  6.3232422e+000	  6.3353029e-003	 -3.6732789e+002	  2.3024263e+002	 -2.6688643e+002	
  6.3476563e+000	  8.2724824e-003	 -3.7022868e+002	  2.0046582e+002	 -2.6891392e+002	
  6.3720703e+000	  5.1093760e-003	 -3.7317278e+002	  5.4522211e+001	 -2.6920128e+002	
  6.3964844e+000	  3.2934012e-003	 -3.7076298e+002	  2.5819861e+002	 -2.7049327e+002	
  6.4208984e+000	  1.4569157e-003	 -3.6831721e+002	  2.6950135e+002	 -2.7262805e+002	
  6.4453125e+000	  5.2572989e-003	 -3.7076505e+002	  7.5094536e+001	 -2.7508397e+002	
  6.4697266e+000	  2.7873075e-003	 -3.7292661e+002	  3.1287485e+002	 -2.7366161e+002	
  6.4941406e+000	  3.5778610e-003	 -3.7470589e+002	  5.4839429e+002	 -2.7594035e+002	
  6.5185547e+000	  2.9923695e-003	 -3.7165960e+002	  2.7195194e+002	 -2.7834099e+002	
  6.5429688e+000	  3.0590921e-003	 -3.7409675e+002	  6.7876521e+002	 -2.7665473e+002	
  6.5673828e+000	  3.4670289e-003	 -3.7639654e+002	  1.3130414e+003	 -2.7935160e+002	
  6.5917969e+000	  1.6606463e-003	 -3.7350806e+002	  1.1383189e+003	 -2.8168127e+002	
  6.6162109e+000	  5.4027445e-003	 -3.7080331e+002	  3.8786464e+003	 -2.8327669e+002	
  6.6406250e+000	  4.7186671e-003	 -3.7315035e+002	  8.7604957e+003	 -2.8571055e+002	
  6.6650391e+000	  3.9313168e-004	 -3.7562870e+002	  8.2508145e+003	 -2.8821601e+002	
  6.6894531e+000	  4.7565488e-003	 -3.7790615e+002	  2.8459586e+003	 -2.9078746e+002	
  6.7138672e+000	  4.9009525e-003	 -3.7964692e+002	  8.1354776e+002	 -2.8905543e+002	
  6.7382813e+000	  2.4751725e-003	 -3.8202885e+002	  9.9161708e+002	 -2.9144262e+002	
  6.7626953e+000	  3.4448258e-003	 -3.7905075e+002	  3.8179739e+002	 -2.9383787e+002	
  6.7871094e+000	  4.0175928e-003	 -3.8162072e+002	  3.4711849e+002	 -2.9232761e+002	
  6.8115234e+000	  1.7320112e-003	 -3.8386423e+002	  5.4195845e+002	 -2.9487518e+002	
  6.8359375e+000	  2.1145687e-003	 -3.8695199e+002	  3.5566054e+002	 -2.9712269e+002	
  6.8603516e+000	  8.8028829e-003	 -3.8945684e+002	  2.3761832e+001	 -2.9552078e+002	
  6.8847656e+000	  1.1230302e-002	 -3.9189813e+002	  2.4452166e+002	 -2.9827224e+002	
  6.9091797e+000	  3.6682409e-003	 -3.9466367e+002	  1.8203494e+002	 -3.0016618e+002	
  6.9335938e+000	  2.6830757e-003	 -3.9234444e+002	  9.5096653e+001	 -3.0118400e+002	
  6.9580078e+000	  4.6866708e-003	 -3.9491906e+002	  9.8498932e+001	 -3.0197890e+002	
  6.9824219e+000	  4.8441514e-003	 -3.9204950e+002	  1.4661620e+002	 -3.0313319e+002	
  7.0068359e+000	  4.4248914e-003	 -3.8992881e+002	  1.5408393e+002	 -3.0478861e+002	
  7.0312500e+000	  4.7493205e-003	 -3.8763172e+002	  8.4910626e+001	 -3.0620169e+002	
  7.0556641e+000	  9.3272439e-003	 -3.9056023e+002	  5.7787576e+001	 -3.0663807e+002	
  7.0800781e+000	  4.8327640e-003	 -3.9315075e+002	  1.2389235e+002	 -3.0732251e+002	
  7.1044922e+000	  3.5833332e-003	 -3.9528887e+002	  2.2556229e+002	 -3.0907607e+002	
  7.1289063e+000	  3.3580031e-003	 -3.9789015e+002	  1.8344841e+002	 -3.1096987e+002	
  7.1533203e+000	  3.2700322e-003	 -4.0046154e+002	  6.5389190e+001	 -3.1219817e+002	
  7.1777344e+000	  4.4796478e-003	 -4.0110199e+002	  1.1379436e+002	 -3.1233916e+002	
  7.2021484e+000	  3.5675260e-003	 -4.0341879e+002	  1.3308272e+002	 -3.1414996e+002	
  7.2265625e+000	  2.8887119e-003	 -4.0548690e+002	  5.6875375e+001	 -3.1366082e+002	
  7.2509766e+000	  8.0608704e-003	 -4.0785833e+002	  3.8330063e+002	 -3.1547498e+002	
  7.2753906e+000	  4.8321504e-003	 -4.1013206e+002	  5.3030010e+002	 -3.1763263e+002	
  7.2998047e+000	  5.9731290e-003	 -4.1204069e+002	  2.2430921e+002	 -3.2010961e+002	
  7.3242188e+000	  3.9539735e-004	 -4.1407578e+002	  7.3841765e+002	 -3.1824800e+002	
  7.3486328e+000	  4.4880204e-003	 -4.1319101e+002	  1.3920597e+003	 -3.2090839e+002	
  7.3730469e+000	  4.1242353e-003	 -4.1549964e+002	  1.1303842e+003	 -3.2336480e+002	
  7.3974609e+000	  1.5240883e-003	 -4.1580341e+002	  3.1320553e+003	 -3.2485729e+002	
  7.4218750e+000	  5.9809074e-003	 -4.1757952e+002	  7.5532005e+003	 -3.2726442e+002	
  7.4462891e+000	  6.1092626e-003	 -4.2000558e+002	  7.4721927e+003	 -3.2976752e+002	
  7.4707031e+000	  1.3330831e-003	 -4.2244106e+002	  2.7234170e+003	 -3.3232522e+002	
  7.4951172e+000	  1.9493287e-003	 -4.2538390e+002	  7.3951232e+002	 -3.3065420e+002	
  7.5195313e+000	  2.2829857e-003	 -4.2245076e+002	  1.0073254e+003	 -3.3306065e+002	
  7.5439453e+000	  2.5052564e-003	 -4.2506451e+002	  5.2415975e+002	 -3.3531779e+002	
  7.5683594e+000	  3.7898111e-003	 -4.2757826e+002	  1.4909158e+002	 -3.3324349e+002	
  7.5927734e+000	  3.0248462e-003	 -4.2909279e+002	  3.5157470e+002	 -3.3619956e+002	
  7.6171875e+000	  5.5638841e-003	 -4.3046616e+002	  2.6600854e+002	 -3.3823937e+002	
  7.6416016e+000	  3.2287207e-003	 -4.3292160e+002	  8.9221417e+001	 -3.3894398e+002	
  7.6660156e+000	  2.6166518e-003	 -4.3561581e+002	  1.6896970e+002	 -3.3990719e+002	
  7.6904297e+000	  1.7643573e-003	 -4.3361341e+002	  1.1531161e+002	 -3.4123576e+002	
  7.7148438e+000	  4.4723901e-003	 -4.3611432e+002	  1.3103634e+002	 -3.4205514e+002	
  7.7392578e+000	  4.0387988e-003	 -4.3750362e+002	  1.4872134e+002	 -3.4369411e+002	
  7.7636719e+000	  7.5126181e-003	 -4.3932469e+002	  7.6053766e+001	 -3.4483929e+002	
  7.7880859e+000	  1.0378802e-003	 -4.4144137e+002	  1.5643058e+002	 -3.4556890e+002	
  7.8125000e+000	  2.4209167e-003	 -4.4254982e+002	  2.3015108e+002	 -3.4744098e+002	
  7.8369141e+000	  1.9846621e-003	 -4.4454508e+002	  1.4020841e+002	 -3.4958787e+002	
  7.8613281e+000	  9.6562076e-004	 -4.4434928e+002	  7.6682728e+001	 -3.4822497e+002	
  7.8857422e+000	  4.5063446e-003	 -4.4680180e+002	  2.2991344e+002	 -3.5049496e+002	
  7.9101563e+000	  4.0804294e-003	 -4.4870576e+002	  1.9402695e+002	 -3.5256956e+002	
  7.9345703e+000	  5.1236456e-003	 -4.5045784e+002	  2.4055976e+001	 -3.5122493e+002	
  7.9589844e+000	  1.9038343e-003	 -4.4765526e+002	  2.8366700e+002	 -3.5365140e+002	
  7.9833984e+000	  7.4071385e-003	 -4.4540449e+002	  3.2873441e+002	 -3.5597786e+002	
  8.0078125e+000	  4.6012712e-003	 -4.4792966e+002	  1.3073071e+002	 -3.5891731e+002	
  8.0322266e+000	  3.1083301e-003	 -4.5001399e+002	  3.6870632e+002	 -3.5674339e+002	
  8.0566406e+000	  7.1571022e-003	 -4.5190483e+002	  6.2896696e+002	 -3.5916035e+002	
  8.0810547e+000	  6.3769493e-003	 -4.5231912e+002	  3.9391962e+002	 -3.6162236e+002	
  8.1054688e+000	  7.4315454e-003	 -4.5450101e+002	  6.3102327e+002	 -3.5964859e+002	
  8.1298828e+000	  1.1539565e-003	 -4.5617992e+002	  1.3704976e+003	 -3.6241435e+002	
  8.1542969e+000	  7.5760276e-003	 -4.5727590e+002	  1.2017761e+003	 -3.6491957e+002	
  8.1787109e+000	  6.6821756e-003	 -4.5917917e+002	  2.7429831e+003	 -3.6646726e+002	
  8.2031250e+000	  2.6085498e-003	 -4.5831917e+002	  6.7575181e+003	 -3.6883958e+002	
  8.2275391e+000	  9.4022861e-003	 -4.6070651e+002	  6.9480722e+003	 -3.7134125e+002	
  8.2519531e+000	  2.9317194e-003	 -4.6384672e+002	  2.6620442e+003	 -3.7390316e+002	
  8.2763672e+000	  5.0181095e-003	 -4.6094127e+002	  7.4089765e+002	 -3.7219870e+002	
  8.3007813e+000	  2.3524565e-003	 -4.6367804e+002	  1.0624715e+003	 -3.7466480e+002	
  8.3251953e+000	  3.0735038e-003	 -4.6677392e+002	  5.4672532e+002	 -3.7695036e+002	
  8.3496094e+000	  4.3939055e-003	 -4.6981342e+002	  1.7080333e+002	 -3.7510034e+002	
  8.3740234e+000	  2.4168195e-003	 -4.6748288e+002	  4.0428162e+002	 -3.7798230e+002	
  8.3984375e+000	  4.2998626e-003	 -4.7025894e+002	  2.8116957e+002	 -3.8017716e+002	
  8.4228516e+000	  4.2406017e-003	 -4.7221218e+002	  5.0857569e+001	 -3.7971582e+002	
  8.4472656e+000	  3.0521042e-003	 -4.7400169e+002	  2.6533251e+002	 -3.8152883e+002	
  8.4716797e+000	  1.7114637e-003	 -4.7686259e+002	  2.0801193e+002	 -3.8353683e+002	
  8.4960938e+000	  4.5523355e-003	 -4.7885254e+002	  6.8688681e+001	 -3.8467675e+002	
  8.5205078e+000	  6.9740602e-003	 -4.8081662e+002	  1.1393578e+002	 -3.8519453e+002	
  8.5449219e+000	  3.4252827e-003	 -4.8322080e+002	  1.3597396e+002	 -3.8673461e+002	
  8.5693359e+000	  2.8092305e-003	 -4.8590443e+002	  9.6655964e+001	 -3.8796650e+002	
  8.5937500e+000	  6.0530237e-003	 -4.8823291e+002	  1.2255605e+002	 -3.8899381e+002	
  8.6181641e+000	  2.8895732e-003	 -4.9043708e+002	  1.0793053e+002	 -3.9053857e+002	
  8.6425781e+000	  1.8328126e-003	 -4.9311075e+002	  6.4849073e+001	 -3.9138135e+002	
  8.6669922e+000	  8.4962043e-003	 -4.9618640e+002	  1.1709669e+002	 -3.9233893e+002	
  8.6914063e+000	  3.7606198e-003	 -4.9371913e+002	  9.7669485e+001	 -3.9419032e+002	
  8.7158203e+000	  8.9526913e-003	 -4.9652504e+002	  8.1684983e+001	 -3.9298383e+002	
  8.7402344e+000	  5.5916713e-003	 -4.9826466e+002	  3.1271509e+002	 -3.9514211e+002	
  8.7646484e+000	  6.6192288e-003	 -4.9981862e+002	  3.6010763e+002	 -3.9740034e+002	
  8.7890625e+000	  4.1413068e-003	 -5.0204416e+002	  1.4129346e+002	 -4.0011100e+002	
  8.8134766e+000	  1.1136723e-003	 -5.0464747e+002	  3.2167624e+002	 -3.9830025e+002	
  8.8378906e+000	  6.8186402e-004	 -5.0183224e+002	  5.6210994e+002	 -4.0071187e+002	
  8.8623047e+000	  1.6893643e-003	 -5.0080550e+002	  3.2470783e+002	 -4.0318077e+002	
  8.8867188e+000	  5.3972891e-003	 -5.0344092e+002	  6.5006464e+002	 -4.0127278e+002	
  8.9111328e+000	  1.0118280e-003	 -5.0641676e+002	  1.4070977e+003	 -4.0396069e+002	
  8.9355469e+000	  2.6721754e-003	 -5.0355149e+002	  1.1907308e+003	 -4.0650705e+002	
  8.9599609e+000	  5.7324883e-003	 -5.0087129e+002	  2.3043346e+003	 -4.0804418e+002	
  8.9843750e+000	  8.9744279e-003	 -4.9799203e+002	  5.9865431e+003	 -4.1039456e+002	
  9.0087891e+000	  5.8843380e-003	 -5.0055930e+002	  6.4674154e+003	 -4.1289621e+002	
  9.0332031e+000	  8.9961501e-003	 -5.0030625e+002	  2.6793514e+003	 -4.1544065e+002	
  9.0576172e+000	  4.1836072e-003	 -5.0260884e+002	  5.9014749e+002	 -4.1365523e+002	
  9.0820313e+000	  9.7015502e-004	 -5.0529065e+002	  9.6492858e+002	 -4.1624333e+002	
  9.1064453e+000	  3.7149684e-003	 -5.0318319e+002	  4.9642675e+002	 -4.1856728e+002	
  9.1308594e+000	  4.4044886e-003	 -5.0578908e+002	  2.3635709e+002	 -4.1670741e+002	
  9.1552734e+000	  7.9383463e-003	 -5.0826971e+002	  4.9650995e+002	 -4.1952680e+002	
  9.1796875e+000	  2.2585837e-003	 -5.1092317e+002	  3.5766621e+002	 -4.2187854e+002	
  9.2041016e+000	  4.3814127e-003	 -5.0936998e+002	  2.2153920e+001	 -4.1911015e+002	
  9.2285156e+000	  1.8570001e-003	 -5.1238814e+002	  2.0043249e+002	 -4.1672548e+002	
  9.2529297e+000	  9.1229821e-003	 -5.1508538e+002	  1.5272305e+002	 -4.1875298e+002	
  9.2773438e+000	  2.2158556e-003	 -5.1784464e+002	  2.3646699e+001	 -4.1967691e+002	
  9.3017578e+000	  3.2827109e-003	 -5.2090006e+002	  1.0238174e+002	 -4.2000559e+002	
  9.3261719e+000	  7.0454421e-003	 -5.2327344e+002	  9.6203748e+001	 -4.2166711e+002	
  9.3505859e+000	  9.7373572e-005	 -5.2540575e+002	  9.9345659e+001	 -4.2246507e+002	
  9.3750000e+000	  5.1737216e-003	 -5.2765587e+002	  1.6202724e+002	 -4.2406105e+002	
  9.3994141e+000	  7.7629717e-003	 -5.3016822e+002	  1.2045156e+002	 -4.2588259e+002	
  9.4238281e+000	  2.2890532e-003	 -5.3263992e+002	  4.9022772e+001	 -4.2636550e+002	
  9.4482422e+000	  5.6575179e-003	 -5.3450408e+002	  1.4096264e+002	 -4.2736687e+002	
  9.4726563e+000	  6.8320582e-003	 -5.3597748e+002	  1.4832342e+002	 -4.2915681e+002	
  9.4970703e+000	  8.1841224e-003	 -5.3829489e+002	  5.3621952e+001	 -4.2968072e+002	
  9.5214844e+000	  4.4558760e-003	 -5.3549710e+002	  2.2133392e+002	 -4.3068430e+002	
  9.5458984e+000	  7.1373199e-003	 -5.3289855e+002	  2.4999856e+002	 -4.3275967e+002	
  9.5703125e+000	  3.8756104e-003	 -5.3573711e+002	  5.2294122e+001	 -4.3546353e+002	
  9.5947266e+000	  1.2339152e-003	 -5.3857741e+002	  3.5028011e+002	 -4.3370745e+002	
  9.6191406e+000	  1.7086993e-003	 -5.4168012e+002	  6.1537650e+002	 -4.3599832e+002	
  9.6435547e+000	  1.9616775e-003	 -5.4162413e+002	  3.8582761e+002	 -4.3835505e+002	
  9.6679688e+000	  4.7931402e-003	 -5.4432903e+002	  5.6022397e+002	 -4.3659547e+002	
  9.6923828e+000	  4.9494579e-003	 -5.4661449e+002	  1.3957193e+003	 -4.3927460e+002	
  9.7167969e+000	  5.6838237e-003	 -5.4850791e+002	  1.2521157e+003	 -4.4180922e+002	
  9.7412109e+000	  4.6443417e-003	 -5.5049375e+002	  2.0629709e+003	 -4.4336332e+002	
  9.7656250e+000	  1.4960196e-003	 -5.5222548e+002	  5.4351795e+003	 -4.4567428e+002	
  9.7900391e+000	  2.6131388e-003	 -5.5360385e+002	  6.0924069e+003	 -4.4817504e+002	
  9.8144531e+000	  1.5114722e-003	 -5.5575963e+002	  2.6782983e+003	 -4.5071233e+002	
  9.8388672e+000	  4.4306995e-003	 -5.5776830e+002	  5.1866447e+002	 -4.4882359e+002	
  9.8632813e+000	  3.6913582e-003	 -5.5943122e+002	  9.5731383e+002	 -4.5150734e+002	
  9.8876953e+000	  4.1258958e-003	 -5.6121048e+002	  5.5289276e+002	 -4.5375377e+002	
  9.9121094e+000	  6.5839654e-003	 -5.6149002e+002	  1.2273624e+002	 -4.5168693e+002	
  9.9365234e+000	  3.3481345e-003	 -5.5930028e+002	  3.7016289e+002	 -4.5476817e+002	
  9.9609375e+000	  9.1330714e-003	 -5.6194079e+002	  2.8456130e+002	 -4.5697120e+002	
  9.9853516e+000	  4.1257776e-004	 -5.6432877e+002	  1.8719967e+001	 -4.5720236e+002	
  1.0009766e+001	  6.4985020e-003	 -5.6666926e+002	  2.1201226e+002	 -4.5823274e+002	
  1.0034180e+001	  7.5882376e-004	 -5.6798354e+002	  1.8954118e+002	 -4.6011716e+002	
  1.0058594e+001	  6.6952473e-003	 -5.6952454e+002	  9.8875104e+001	 -4.6147166e+002	
  1.0083008e+001	  6.8136845e-003	 -5.6708547e+002	  7.9109063e+001	 -4.6239315e+002	
  1.0107422e+001	  1.2252103e-003	 -5.6997824e+002	  8.0174395e+001	 -4.6305225e+002	
  1.0131836e+001	  4.9198133e-003	 -5.6932883e+002	  1.5578006e+002	 -4.6448211e+002	
  1.0156250e+001	  2.8462303e-003	 -5.6636136e+002	  1.4028257e+002	 -4.6633227e+002	
  1.0180664e+001	  5.0965311e-003	 -5.6362574e+002	  5.3498651e+001	 -4.6777584e+002	
  1.0205078e+001	  8.0419779e-003	 -5.6614886e+002	  6.9445611e+001	 -4.6710848e+002	
  1.0229492e+001	  1.8734567e-003	 -5.6847292e+002	  2.0433849e+002	 -4.6890164e+002	
  1.0253906e+001	  2.8381257e-003	 -5.7078980e+002	  1.7991716e+002	 -4.7102341e+002	
  1.0278320e+001	  4.9695732e-003	 -5.7301526e+002	  4.6604810e+001	 -4.7002344e+002	
  1.0302734e+001	  4.7414652e-003	 -5.7508289e+002	  2.9435930e+002	 -4.7214756e+002	
  1.0327148e+001	  1.1525149e-003	 -5.7749999e+002	  3.5231767e+002	 -4.7436405e+002	
  1.0351563e+001	  2.6585686e-003	 -5.7618281e+002	  1.5225358e+002	 -4.7700777e+002	
  1.0375977e+001	  2.5985915e-003	 -5.7557239e+002	  3.3074409e+002	 -4.7516423e+002	
  1.0400391e+001	  4.9650251e-003	 -5.7833466e+002	  6.3704119e+002	 -4.7760357e+002	
  1.0424805e+001	  1.9050882e-003	 -5.7722706e+002	  4.3105270e+002	 -4.8003003e+002	
  1.0449219e+001	  7.6341400e-003	 -5.8017911e+002	  5.8674279e+002	 -4.7808857e+002	
  1.0473633e+001	  6.8257579e-003	 -5.8256214e+002	  1.4839856e+003	 -4.8080270e+002	
  1.0498047e+001	  4.3415148e-003	 -5.8472752e+002	  1.3765735e+003	 -4.8336936e+002	
  1.0522461e+001	  1.1189019e-003	 -5.8645178e+002	  1.8102458e+003	 -4.8500997e+002	
  1.0546875e+001	  5.6413391e-003	 -5.8866541e+002	  4.8251534e+003	 -4.8724640e+002	
  1.0571289e+001	  5.3252924e-003	 -5.9132654e+002	  5.6577468e+003	 -4.8974156e+002	
  1.0595703e+001	  1.5854625e-003	 -5.8985068e+002	  2.6127692e+003	 -4.9228507e+002	
  1.0620117e+001	  5.8531245e-003	 -5.8673256e+002	  5.2590675e+002	 -4.9037824e+002	
  1.0644531e+001	  4.4335440e-003	 -5.8880252e+002	  9.6684667e+002	 -4.9314173e+002	
  1.0668945e+001	  5.8962099e-003	 -5.9042445e+002	  4.8960493e+002	 -4.9539554e+002	
  1.0693359e+001	  1.1510422e-003	 -5.9316010e+002	  1.6423991e+002	 -4.9395900e+002	
  1.0717773e+001	  5.3160446e-003	 -5.9069971e+002	  4.3986558e+002	 -4.9656824e+002	
  1.0742188e+001	  9.5616957e-004	 -5.8764726e+002	  3.1799297e+002	 -4.9886707e+002	
  1.0766602e+001	  4.1614995e-003	 -5.8890611e+002	  5.4546034e+001	 -4.9714819e+002	
  1.0791016e+001	  6.2872470e-003	 -5.9020385e+002	  2.8188746e+002	 -5.0002635e+002	
  1.0815430e+001	  8.1341292e-003	 -5.9266173e+002	  2.0575395e+002	 -5.0227228e+002	
  1.0839844e+001	  1.0605204e-003	 -5.9498572e+002	  9.5299187e+000	 -5.0061483e+002	
  1.0864258e+001	  3.3688892e-003	 -5.9710790e+002	  1.5883570e+002	 -5.0333826e+002	
  1.0888672e+001	  2.6980686e-003	 -5.9971935e+002	  1.5418923e+002	 -5.0531706e+002	
  1.0913086e+001	  2.5656114e-003	 -5.9808815e+002	  7.5598165e+001	 -5.0658510e+002	
  1.0937500e+001	  5.8819284e-003	 -6.0037105e+002	  9.9005074e+001	 -5.0714597e+002	
  1.0961914e+001	  1.7882029e-004	 -6.0182984e+002	  1.4174532e+002	 -5.0869203e+002	
  1.0986328e+001	  7.8100898e-003	 -6.0343915e+002	  7.2235857e+001	 -5.1020097e+002	
  1.1010742e+001	  2.4625313e-003	 -6.0520449e+002	  1.2389747e+002	 -5.1034357e+002	
  1.1035156e+001	  5.0197240e-003	 -6.0736330e+002	  1.8919519e+002	 -5.1212496e+002	
  1.1059570e+001	  8.0924090e-003	 -6.0981439e+002	  9.1041626e+001	 -5.1392118e+002	
  1.1083984e+001	  8.2383287e-003	 -6.1176851e+002	  1.6354719e+002	 -5.1342466e+002	
  1.1108398e+001	  7.2743073e-003	 -6.1286981e+002	  3.0647120e+002	 -5.1553885e+002	
  1.1132813e+001	  6.9412266e-003	 -6.1442219e+002	  1.6695333e+002	 -5.1768845e+002	
  1.1157227e+001	  2.4799186e-003	 -6.1605191e+002	  2.0006309e+002	 -5.1691276e+002	
  1.1181641e+001	  9.1295443e-004	 -6.1673020e+002	  5.2318117e+002	 -5.1907675e+002	
  1.1206055e+001	  2.4102335e-003	 -6.1882295e+002	  4.0750233e+002	 -5.2133935e+002	
  1.1230469e+001	  8.1031429e-003	 -6.2131364e+002	  4.5722648e+002	 -5.1969830e+002	
  1.1254883e+001	  1.4331389e-003	 -6.2338412e+002	  1.3939004e+003	 -5.2236843e+002	
  1.1279297e+001	  6.0586793e-003	 -6.2464928e+002	  1.3431877e+003	 -5.2491579e+002	
  1.1303711e+001	  3.4522085e-003	 -6.2338117e+002	  1.6120827e+003	 -5.2657843e+002	
  1.1328125e+001	  3.1511693e-003	 -6.2595243e+002	  4.3978098e+003	 -5.2879137e+002	
  1.1352539e+001	  2.9971731e-003	 -6.2688936e+002	  5.3972868e+003	 -5.3129029e+002	
  1.1376953e+001	  2.2400102e-003	 -6.2945823e+002	  2.6656790e+003	 -5.3383491e+002	
  1.1401367e+001	  4.0277552e-003	 -6.2739455e+002	  5.0750744e+002	 -5.3171785e+002	
  1.1425781e+001	  7.8987844e-003	 -6.2431426e+002	  9.9762249e+002	 -5.3462161e+002	
  1.1450195e+001	  1.3046727e-003	 -6.2585157e+002	  6.1265366e+002	 -5.3687697e+002	
  1.1474609e+001	  6.7454988e-003	 -6.2689239e+002	  1.4455703e+002	 -5.3461848e+002	
  1.1499023e+001	  4.8683162e-003	 -6.2800889e+002	  4.5538554e+002	 -5.3152924e+002	
  1.1523438e+001	  2.4081282e-003	 -6.2997792e+002	  4.0182391e+002	 -5.3380942e+002	
  1.1547852e+001	  1.7420463e-003	 -6.3267532e+002	  7.7650763e+001	 -5.3599804e+002	
  1.1572266e+001	  3.9394257e-003	 -6.3572772e+002	  1.9801725e+002	 -5.3502517e+002	
  1.1596680e+001	  4.0471205e-003	 -6.3318131e+002	  2.1781550e+002	 -5.3708002e+002	
  1.1621094e+001	  4.5562723e-003	 -6.3579925e+002	  8.5196923e+001	 -5.3868446e+002	
  1.1645508e+001	  4.0424108e-003	 -6.3790362e+002	  7.8877701e+001	 -5.3880110e+002	
  1.1669922e+001	  1.8471382e-003	 -6.3954855e+002	  1.4040329e+002	 -5.4013029e+002	
  1.1694336e+001	  1.8243139e-003	 -6.4167605e+002	  1.4983026e+002	 -5.4182498e+002	
  1.1718750e+001	  2.5830654e-003	 -6.4264634e+002	  9.6880795e+001	 -5.4321019e+002	
  1.1743164e+001	  4.7865875e-003	 -6.4536592e+002	  7.1124067e+001	 -5.4418247e+002	
  1.1767578e+001	  3.5383341e-003	 -6.4716081e+002	  7.9077905e+001	 -5.4482855e+002	
  1.1791992e+001	  5.5375354e-003	 -6.4786406e+002	  1.4294473e+002	 -5.4614324e+002	
  1.1816406e+001	  7.6385802e-003	 -6.5021515e+002	  1.4864181e+002	 -5.4795077e+002	
  1.1840820e+001	  6.1223266e-003	 -6.5189859e+002	  1.5354711e+001	 -5.5011831e+002	
  1.1865234e+001	  6.9414653e-003	 -6.5189720e+002	  2.0953035e+002	 -5.4894193e+002	
  1.1889648e+001	  9.5767602e-003	 -6.5418683e+002	  2.9447228e+002	 -5.5122172e+002	
  1.1914063e+001	  3.6766716e-003	 -6.5723301e+002	  1.2372703e+002	 -5.5375597e+002	
  1.1938477e+001	  1.0676983e-002	 -6.6003606e+002	  2.5020202e+002	 -5.5215366e+002	
  1.1962891e+001	  5.1119753e-003	 -6.6251571e+002	  5.2504256e+002	 -5.5449180e+002	
  1.1987305e+001	  4.0730240e-003	 -6.5953649e+002	  3.9348719e+002	 -5.5679497e+002	
  1.2011719e+001	  6.4801027e-003	 -6.6245302e+002	  4.7871136e+002	 -5.5495948e+002	
  1.2036133e+001	  1.0270574e-003	 -6.6489647e+002	  1.4372445e+003	 -5.5766302e+002	
  1.2060547e+001	  1.5305254e-003	 -6.6660058e+002	  1.4202678e+003	 -5.6025644e+002	
  1.2084961e+001	  4.2578114e-003	 -6.6942228e+002	  1.3957192e+003	 -5.6196841e+002	
  1.2109375e+001	  8.2981538e-003	 -6.7220935e+002	  3.9432555e+003	 -5.6407845e+002	
  1.2133789e+001	  2.0660086e-003	 -6.6919726e+002	  5.0792958e+003	 -5.6657017e+002	
  1.2158203e+001	  7.2493709e-003	 -6.6773388e+002	  2.6361155e+003	 -5.6910009e+002	
  1.2182617e+001	  3.0449935e-003	 -6.7085188e+002	  4.1791278e+002	 -5.6689062e+002	
  1.2207031e+001	  1.8373100e-003	 -6.7325800e+002	  9.4529735e+002	 -5.6994602e+002	
  1.2231445e+001	  6.2578968e-003	 -6.7560490e+002	  6.1449692e+002	 -5.7220510e+002	
  1.2255859e+001	  5.7107797e-003	 -6.7864672e+002	  1.2670520e+002	 -5.6968336e+002	
  1.2280273e+001	  3.8598412e-003	 -6.7561537e+002	  3.9354536e+002	 -5.6688612e+002	
  1.2304688e+001	  3.2269455e-003	 -6.7832976e+002	  3.5380946e+002	 -5.6916105e+002	
  1.2329102e+001	  5.8679025e-003	 -6.8028746e+002	  9.7088060e+001	 -5.7112492e+002	
  1.2353516e+001	  2.7805707e-003	 -6.8233324e+002	  1.2640139e+002	 -5.7051834e+002	
  1.2377930e+001	  6.7292413e-003	 -6.8183492e+002	  1.6218827e+002	 -5.7241709e+002	
  1.2402344e+001	  1.4280042e-003	 -6.8426445e+002	  6.5779396e+001	 -5.7388995e+002	
  1.2426758e+001	  2.6079386e-003	 -6.8458658e+002	  9.7135770e+001	 -5.7441557e+002	
  1.2451172e+001	  4.8873991e-003	 -6.8713799e+002	  7.9862015e+001	 -5.7597426e+002	
  1.2475586e+001	  6.1741806e-003	 -6.8955386e+002	  9.4210925e+001	 -5.7679169e+002	
  1.2500000e+001	  7.0691584e-003	 -6.9193266e+002	  1.0507518e+002	 -5.7840608e+002	
  1.2524414e+001	  5.4373765e-003	 -6.9426549e+002	  6.6161890e+001	 -5.7961011e+002	
  1.2548828e+001	  3.4736617e-003	 -6.9639554e+002	  6.2333892e+001	 -5.8021188e+002	
  1.2573242e+001	  1.2725724e-003	 -6.9416763e+002	  1.3837322e+002	 -5.8129315e+002	
  1.2597656e+001	  6.0854185e-003	 -6.9687780e+002	  1.6690407e+002	 -5.8322122e+002	
  1.2622070e+001	  9.9338199e-004	 -6.9755834e+002	  2.1204846e+001	 -5.8575082e+002	
  1.2646484e+001	  8.5337603e-003	 -6.9934701e+002	  2.2210900e+002	 -5.8422257e+002	
  1.2670898e+001	  2.3757701e-003	 -7.0060393e+002	  3.2534212e+002	 -5.8647403e+002	
  1.2695313e+001	  6.1085913e-003	 -7.0235805e+002	  1.6654798e+002	 -5.8900092e+002	
  1.2719727e+001	  4.4751357e-003	 -7.0492196e+002	  2.8418609e+002	 -5.8723520e+002	
  1.2744141e+001	  2.1707634e-003	 -7.0602832e+002	  6.3024245e+002	 -5.8969501e+002	
  1.2768555e+001	  8.4654723e-003	 -7.0815641e+002	  4.9153329e+002	 -5.9204154e+002	
  1.2792969e+001	  5.5687432e-003	 -7.1061682e+002	  4.4528994e+002	 -5.9017784e+002	
  1.2817383e+001	  3.7413727e-003	 -7.1335163e+002	  1.4587058e+003	 -5.9291668e+002	
  1.2841797e+001	  4.3074373e-003	 -7.1179432e+002	  1.4901827e+003	 -5.9548192e+002	
  1.2866211e+001	  3.9663681e-003	 -7.0887144e+002	  1.3214047e+003	 -5.9729041e+002	
  1.2890625e+001	  7.5864931e-003	 -7.0706308e+002	  3.5810712e+003	 -5.9935540e+002	
  1.2915039e+001	  3.5141919e-003	 -7.0942424e+002	  4.7982886e+003	 -6.0184526e+002	
  1.2939453e+001	  3.1877464e-003	 -7.1117499e+002	  2.6266871e+003	 -6.0437122e+002	
  1.2963867e+001	  3.3575872e-003	 -7.1385159e+002	  3.8039831e+002	 -6.0203409e+002	
  1.2988281e+001	  5.1293165e-003	 -7.1079068e+002	  9.2525505e+002	 -5.9898521e+002	
  1.3012695e+001	  4.2994295e-003	 -7.1387441e+002	  6.1601418e+002	 -6.0126019e+002	
  1.3037109e+001	  8.6298875e-003	 -7.1639030e+002	  1.3086596e+002	 -5.9860892e+002	
  1.3061523e+001	  6.2532879e-003	 -7.1863469e+002	  3.7905868e+002	 -5.9592969e+002	
  1.3085938e+001	  1.5842016e-003	 -7.2081358e+002	  3.3326577e+002	 -5.9827534e+002	
  1.3110352e+001	  2.2104119e-003	 -7.2073720e+002	  4.0600658e+001	 -6.0072580e+002	
  1.3134766e+001	  3.7090266e-003	 -7.2126152e+002	  2.0852666e+002	 -5.9945307e+002	
  1.3159180e+001	  6.9776315e-003	 -7.2348603e+002	  2.0678100e+002	 -6.0157080e+002	
  1.3183594e+001	  3.4092903e-003	 -7.2553026e+002	  3.9120669e+001	 -6.0303892e+002	
  1.3208008e+001	  6.5663350e-003	 -7.2664748e+002	  1.1912206e+002	 -6.0299385e+002	
  1.3232422e+001	  1.8963391e-003	 -7.2948968e+002	  1.2532609e+002	 -6.0455461e+002	
  1.3256836e+001	  5.3742491e-003	 -7.2688244e+002	  1.4135041e+002	 -6.0590497e+002	
  1.3281250e+001	  4.4836020e-003	 -7.3000518e+002	  1.0784327e+002	 -6.0752737e+002	
  1.3305664e+001	  3.0780616e-003	 -7.3240634e+002	  7.1515610e+001	 -6.0841650e+002	
  1.3330078e+001	  5.3566373e-003	 -7.3352528e+002	  7.1527877e+001	 -6.0948857e+002	
  1.3354492e+001	  1.4842903e-003	 -7.3584121e+002	  1.0961694e+002	 -6.1033873e+002	
  1.3378906e+001	  1.5160101e-004	 -7.3881205e+002	  1.4526363e+002	 -6.1207118e+002	
  1.3403320e+001	  1.6585436e-003	 -7.4109922e+002	  3.6016693e+001	 -6.1335453e+002	
  1.3427734e+001	  3.0668589e-003	 -7.4277034e+002	  2.1329570e+002	 -6.1336719e+002	
  1.3452148e+001	  7.9446572e-003	 -7.4437652e+002	  3.3439596e+002	 -6.1549154e+002	
  1.3476563e+001	  1.0182868e-002	 -7.4619366e+002	  1.9351499e+002	 -6.1778653e+002	
  1.3500977e+001	  6.6857834e-003	 -7.4847192e+002	  1.9739349e+002	 -6.1632200e+002	
  1.3525391e+001	  3.7470472e-003	 -7.5088691e+002	  5.4243377e+002	 -6.1874435e+002	
  1.3549805e+001	  4.4531884e-003	 -7.5259556e+002	  4.5517994e+002	 -6.2103991e+002	
  1.3574219e+001	  3.2943737e-003	 -7.5450442e+002	  3.8308021e+002	 -6.1916649e+002	
  1.3598633e+001	  2.5387722e-003	 -7.5572840e+002	  1.4042989e+003	 -6.2191894e+002	
  1.3623047e+001	  1.7290559e-003	 -7.5735251e+002	  1.5312847e+003	 -6.2449589e+002	
  1.3647461e+001	  5.3892154e-003	 -7.5979083e+002	  1.2199599e+003	 -6.2640156e+002	
  1.3671875e+001	  9.3664561e-004	 -7.6231463e+002	  3.2099905e+003	 -6.2835723e+002	
  1.3696289e+001	  2.0506338e-003	 -7.5930791e+002	  4.5250721e+003	 -6.3083713e+002	
  1.3720703e+001	  3.3129670e-003	 -7.6236768e+002	  2.6438592e+003	 -6.3336234e+002	
  1.3745117e+001	  2.8625098e-003	 -7.6499790e+002	  3.7564140e+002	 -6.3070668e+002	
  1.3769531e+001	  2.3409442e-003	 -7.6508543e+002	  8.5900075e+002	 -6.2796416e+002	
  1.3793945e+001	  3.8735179e-003	 -7.6774167e+002	  5.9528328e+002	 -6.3021543e+002	
  1.3818359e+001	  3.7783138e-003	 -7.7046167e+002	  8.1721710e+001	 -6.2747873e+002	
  1.3842773e+001	  2.6379600e-003	 -7.7278478e+002	  3.6741594e+002	 -6.2500103e+002	
  1.3867188e+001	  1.7906288e-003	 -7.7527034e+002	  3.4958793e+002	 -6.2723491e+002	
  1.3891602e+001	  5.7479163e-003	 -7.7787634e+002	  9.0989558e+001	 -6.2905677e+002	
  1.3916016e+001	  8.4625149e-004	 -7.8027184e+002	  1.4330020e+002	 -6.2883245e+002	
  1.3940430e+001	  7.3413363e-003	 -7.8275629e+002	  1.2750266e+002	 -6.3073594e+002	
  1.3964844e+001	  6.5078432e-003	 -7.8544092e+002	  4.6339766e+001	 -6.3098876e+002	
  1.3989258e+001	  2.1435117e-003	 -7.8825765e+002	  1.3061680e+002	 -6.3243732e+002	
  1.4013672e+001	  7.4817448e-003	 -7.9080995e+002	  6.7630494e+001	 -6.3432808e+002	
  1.4038086e+001	  9.5926787e-004	 -7.9195904e+002	  9.3775678e+001	 -6.3428853e+002	
  1.4062500e+001	  8.4157622e-003	 -7.9365341e+002	  1.4347968e+002	 -6.3625078e+002	
  1.4086914e+001	  4.8471137e-003	 -7.9098172e+002	  6.8724734e+001	 -6.3795720e+002	
  1.4111328e+001	  6.5299184e-003	 -7.8808235e+002	  7.0975795e+001	 -6.3791510e+002	
  1.4135742e+001	  4.2215981e-003	 -7.9058087e+002	  1.5810022e+002	 -6.3928786e+002	
  1.4160156e+001	  2.4332609e-003	 -7.9314879e+002	  2.1174385e+002	 -6.4110084e+002	
  1.4184570e+001	  5.7398803e-003	 -7.9009397e+002	  8.8315336e+001	 -6.4320054e+002	
  1.4208984e+001	  4.7225541e-003	 -7.9185738e+002	  1.8857673e+002	 -6.4219517e+002	
  1.4233398e+001	  4.4137224e-003	 -7.9464059e+002	  3.3859945e+002	 -6.4441123e+002	
  1.4257813e+001	  5.8546148e-003	 -7.9184115e+002	  2.1763703e+002	 -6.4664744e+002	
  1.4282227e+001	  1.4428659e-003	 -7.8924320e+002	  1.6499052e+002	 -6.4515205e+002	
  1.4306641e+001	  2.4694371e-003	 -7.8635132e+002	  5.7195747e+002	 -6.4760707e+002	
  1.4331055e+001	  8.8178599e-004	 -7.8848663e+002	  5.5880175e+002	 -6.4986589e+002	
  1.4355469e+001	  1.9056149e-003	 -7.8993244e+002	  2.6186408e+002	 -6.4795780e+002	
  1.4379883e+001	  4.4689590e-003	 -7.9181670e+002	  1.3672644e+003	 -6.5087165e+002	
  1.4404297e+001	  4.4355283e-003	 -7.9409333e+002	  1.6335037e+003	 -6.5342106e+002	
  1.4428711e+001	  9.0058881e-003	 -7.9674955e+002	  1.2720756e+003	 -6.5545543e+002	
  1.4453125e+001	  5.6242872e-003	 -7.9962179e+002	  2.9224542e+003	 -6.5737223e+002	
  1.4477539e+001	  6.6302437e-003	 -7.9669598e+002	  4.2278047e+003	 -6.5983318e+002	
  1.4501953e+001	  4.1947287e-003	 -7.9803511e+002	  2.5662705e+003	 -6.6234072e+002	
  1.4526367e+001	  9.7736569e-003	 -8.0022161e+002	  3.1189390e+002	 -6.5961194e+002	
  1.4550781e+001	  5.7231992e-003	 -8.0205630e+002	  8.8490784e+002	 -6.5703253e+002	
  1.4575195e+001	  5.7372112e-003	 -8.0375539e+002	  6.6213717e+002	 -6.5929950e+002	
  1.4599609e+001	  6.2845477e-003	 -8.0626711e+002	  1.1498921e+002	 -6.5621229e+002	
  1.4624023e+001	  3.8932414e-003	 -8.0932191e+002	  3.4535837e+002	 -6.5397169e+002	
  1.4648438e+001	  5.3854375e-003	 -8.0807290e+002	  3.6780418e+002	 -6.5614433e+002	
  1.4672852e+001	  8.5870906e-004	 -8.0908410e+002	  1.5392507e+002	 -6.5833334e+002	
  1.4697266e+001	  7.9860483e-003	 -8.1125209e+002	  1.3294339e+002	 -6.5702025e+002	
  1.4721680e+001	  4.2246496e-003	 -8.1413847e+002	  2.2148840e+002	 -6.5911850e+002	
  1.4746094e+001	  6.3971067e-003	 -8.1127452e+002	  1.4938244e+002	 -6.6087083e+002	
  1.4770508e+001	  4.6538535e-003	 -8.1393448e+002	  4.4444866e+001	 -6.6159859e+002	
  1.4794922e+001	  4.2722042e-003	 -8.1523654e+002	  1.4295596e+002	 -6.6238624e+002	
  1.4819336e+001	  4.7607665e-003	 -8.1725992e+002	  1.1948108e+002	 -6.6431939e+002	
  1.4843750e+001	  5.5626322e-003	 -8.1983504e+002	  9.4498665e+001	 -6.6487824e+002	
  1.4868164e+001	  9.4141387e-003	 -8.2244475e+002	  1.4690009e+002	 -6.6671948e+002	
  1.4892578e+001	  2.4368870e-003	 -8.2420266e+002	  3.7973037e+001	 -6.6935232e+002	
  1.4916992e+001	  7.3234182e-003	 -8.2578617e+002	  1.5103894e+002	 -6.6760456e+002	
  1.4941406e+001	  4.8777626e-003	 -8.2887661e+002	  2.1392347e+002	 -6.6973766e+002	
  1.4965820e+001	  3.1625667e-003	 -8.2732301e+002	  1.0036388e+002	 -6.7154263e+002	
  1.4990234e+001	  6.2313762e-003	 -8.3013532e+002	  1.7787916e+002	 -6.7122555e+002	
  1.5014648e+001	  1.1308655e-003	 -8.2730933e+002	  3.6740433e+002	 -6.7338793e+002	
  1.5039063e+001	  7.0140793e-003	 -8.2442733e+002	  2.4154095e+002	 -6.7589893e+002	
  1.5063477e+001	  5.8413518e-003	 -8.2671225e+002	  2.3067985e+002	 -6.7416066e+002	
  1.5087891e+001	  3.1062959e-003	 -8.2890646e+002	  6.0790410e+002	 -6.7675082e+002	
  1.5112305e+001	  2.4784873e-003	 -8.2974221e+002	  5.8136701e+002	 -6.7906676e+002	
  1.5136719e+001	  4.5274684e-003	 -8.3239360e+002	  3.2668699e+002	 -6.7679560e+002	
  1.5161133e+001	  4.5412354e-003	 -8.3043849e+002	  1.4005359e+003	 -6.7988556e+002	
  1.5185547e+001	  2.6979468e-003	 -8.3330803e+002	  1.6878236e+003	 -6.8246926e+002	
  1.5209961e+001	  8.4499370e-004	 -8.3098628e+002	  1.1873352e+003	 -6.8453097e+002	
  1.5234375e+001	  4.7924631e-003	 -8.2868661e+002	  2.7003943e+003	 -6.8635638e+002	
  1.5258789e+001	  5.5121732e-003	 -8.3155914e+002	  4.0884580e+003	 -6.8882849e+002	
  1.5283203e+001	  4.6557011e-004	 -8.3407730e+002	  2.6071781e+003	 -6.9136362e+002	
  1.5307617e+001	  6.7810764e-003	 -8.3635096e+002	  4.1843139e+002	 -6.8854397e+002	
  1.5332031e+001	  5.4033677e-003	 -8.3860006e+002	  8.9155242e+002	 -6.8596244e+002	
  1.5356445e+001	  3.4692340e-003	 -8.4016066e+002	  6.6488992e+002	 -6.8822274e+002	
  1.5380859e+001	  4.0948836e-003	 -8.4216762e+002	  1.1163775e+002	 -6.8516749e+002	
  1.5405273e+001	  8.1811350e-003	 -8.4465975e+002	  3.9971615e+002	 -6.8298091e+002	
  1.5429688e+001	  4.8257722e-003	 -8.4738611e+002	  3.9922053e+002	 -6.8533236e+002	
  1.5454102e+001	  5.0000346e-003	 -8.4577252e+002	  1.1235579e+002	 -6.8766386e+002	
  1.5478516e+001	  6.2557505e-003	 -8.4881815e+002	  1.4279601e+002	 -6.8640753e+002	
  1.5502930e+001	  4.5857335e-003	 -8.5177190e+002	  1.8542142e+002	 -6.8841355e+002	
  1.5527344e+001	  7.0030927e-003	 -8.5051431e+002	  9.7419498e+001	 -6.8997448e+002	
  1.5551758e+001	  2.9874036e-003	 -8.5265911e+002	  9.7959347e+001	 -6.9052187e+002	
  1.5576172e+001	  5.8060630e-003	 -8.5285531e+002	  1.1756055e+002	 -6.9206759e+002	
  1.5600586e+001	  7.7361657e-003	 -8.5454596e+002	  7.7915389e+001	 -6.9321220e+002	
  1.5625000e+001	  2.2990615e-003	 -8.5665903e+002	  1.0206576e+002	 -6.9406193e+002	
  1.5649414e+001	  2.2269793e-003	 -8.5888821e+002	  1.2077850e+002	 -6.9551744e+002	
  1.5673828e+001	  7.4270002e-003	 -8.6148939e+002	  7.4769046e+001	 -6.9700221e+002	
  1.5698242e+001	  5.3202551e-003	 -8.6405385e+002	  7.8515149e+001	 -6.9694451e+002	
  1.5722656e+001	  3.5323004e-003	 -8.6321221e+002	  1.7759680e+002	 -6.9869325e+002	
  1.5747070e+001	  6.5996172e-003	 -8.6588292e+002	  1.1659346e+002	 -7.0074979e+002	
  1.5771484e+001	  2.4992300e-003	 -8.6888446e+002	  1.1613853e+002	 -7.0019711e+002	
  1.5795898e+001	  8.5231646e-003	 -8.7186927e+002	  2.8569939e+002	 -7.0237625e+002	
  1.5820313e+001	  6.0680337e-003	 -8.7423243e+002	  1.9627628e+002	 -7.0473593e+002	
  1.5844727e+001	  5.4023479e-003	 -8.7492995e+002	  1.8309705e+002	 -7.0332796e+002	
  1.5869141e+001	  2.5003023e-003	 -8.7757574e+002	  5.8796957e+002	 -7.0579673e+002	
  1.5893555e+001	  8.4558921e-003	 -8.8064468e+002	  5.9881800e+002	 -7.0808817e+002	
  1.5917969e+001	  9.7045794e-004	 -8.8374228e+002	  2.8994826e+002	 -7.0569027e+002	
  1.5942383e+001	  2.0318074e-003	 -8.8131013e+002	  1.3522253e+003	 -7.0259727e+002	
  1.5966797e+001	  3.5348172e-003	 -8.8378647e+002	  1.7084674e+003	 -7.0517007e+002	
  1.5991211e+001	  3.4171431e-003	 -8.8569682e+002	  1.1621738e+003	 -7.0730958e+002	
  1.6015625e+001	  6.6379448e-003	 -8.8774582e+002	  2.4377220e+003	 -7.0907200e+002	
  1.6040039e+001	  1.1867303e-003	 -8.9054945e+002	  3.8577125e+003	 -7.1153081e+002	
  1.6064453e+001	  5.2097284e-003	 -8.9339265e+002	  2.5992207e+003	 -7.1406462e+002	
  1.6088867e+001	  5.1987787e-003	 -8.9561142e+002	  4.7974111e+002	 -7.1107406e+002	
  1.6113281e+001	  1.8988595e-003	 -8.9771845e+002	  8.9287831e+002	 -7.0861746e+002	
  1.6137695e+001	  6.3767711e-003	 -8.9982506e+002	  7.4220084e+002	 -7.1094290e+002	
  1.6162109e+001	  3.0651284e-003	 -9.0153971e+002	  1.9902122e+002	 -7.1378274e+002	
  1.6186523e+001	  8.0340081e-003	 -9.0373421e+002	  3.1682175e+002	 -7.1187877e+002	
  1.6210938e+001	  3.7123233e-003	 -9.0078729e+002	  3.6029694e+002	 -7.1426836e+002	
  1.6235352e+001	  4.1122273e-003	 -8.9874288e+002	  1.1987139e+002	 -7.1637443e+002	
  1.6259766e+001	  3.1056549e-003	 -8.9835774e+002	  1.4179193e+002	 -7.1571756e+002	
  1.6284180e+001	  6.0648280e-003	 -9.0109372e+002	  1.9976990e+002	 -7.1765261e+002	
  1.6308594e+001	  5.8199524e-003	 -9.0394278e+002	  1.2003983e+002	 -7.1933142e+002	
  1.6333008e+001	  2.7821069e-003	 -9.0101337e+002	  6.2072869e+001	 -7.2005532e+002	
  1.6357422e+001	  3.1922376e-003	 -8.9804637e+002	  7.8097676e+001	 -7.2091657e+002	
  1.6381836e+001	  3.2738834e-003	 -9.0049833e+002	  9.5221267e+001	 -7.2190968e+002	
  1.6406250e+001	  9.1656807e-004	 -9.0132078e+002	  1.3000697e+002	 -7.2324887e+002	
  1.6430664e+001	  5.0672593e-003	 -9.0280770e+002	  1.1332417e+002	 -7.2467509e+002	
  1.6455078e+001	  4.7549215e-003	 -9.0466886e+002	  9.6074407e+001	 -7.2561542e+002	
  1.6479492e+001	  3.8029564e-003	 -9.0570649e+002	  1.3301924e+002	 -7.2665293e+002	
  1.6503906e+001	  7.7257039e-003	 -9.0675808e+002	  1.5707869e+002	 -7.2818572e+002	
  1.6528320e+001	  1.9715897e-003	 -9.0910612e+002	  6.7903884e+001	 -7.2974184e+002	
  1.6552734e+001	  7.6636594e-004	 -9.1101650e+002	  1.6458047e+002	 -7.2930369e+002	
  1.6577148e+001	  5.7866371e-003	 -9.1191603e+002	  3.2112215e+002	 -7.3136523e+002	
  1.6601563e+001	  8.5051098e-003	 -9.1342957e+002	  2.1858586e+002	 -7.3359492e+002	
  1.6625977e+001	  4.6146362e-003	 -9.1485013e+002	  1.6063657e+002	 -7.3230688e+002	
  1.6650391e+001	  7.0716055e-003	 -9.1545216e+002	  5.8884825e+002	 -7.3471879e+002	
  1.6674805e+001	  4.3825370e-003	 -9.1742206e+002	  6.2593376e+002	 -7.3699623e+002	
  1.6699219e+001	  2.5866858e-003	 -9.1964749e+002	  2.4968712e+002	 -7.3461367e+002	
  1.6723633e+001	  1.0700860e-003	 -9.2194480e+002	  1.3729428e+003	 -7.3159350e+002	
  1.6748047e+001	  1.4415835e-003	 -9.2446097e+002	  1.8166199e+003	 -7.3414600e+002	
  1.6772461e+001	  4.0328901e-003	 -9.2712106e+002	  1.2297666e+003	 -7.3636369e+002	
  1.6796875e+001	  2.1251488e-003	 -9.2427150e+002	  2.2481279e+003	 -7.3808974e+002	
  1.6821289e+001	  5.4734483e-003	 -9.2133063e+002	  3.6799443e+003	 -7.4052222e+002	
  1.6845703e+001	  4.2947211e-003	 -9.2323862e+002	  2.5935370e+003	 -7.4303694e+002	
  1.6870117e+001	  8.3677168e-003	 -9.2493745e+002	  4.4523350e+002	 -7.4612188e+002	
  1.6894531e+001	  2.6598790e-003	 -9.2207907e+002	  8.1502682e+002	 -7.4395340e+002	
  1.6918945e+001	  8.2942989e-003	 -9.1940822e+002	  7.0635453e+002	 -7.4622588e+002	
  1.6943359e+001	  2.4730803e-003	 -9.2109013e+002	  1.9480374e+002	 -7.4897874e+002	
  1.6967773e+001	  4.0825764e-003	 -9.2206588e+002	  2.9025418e+002	 -7.4709710e+002	
  1.6992188e+001	  3.7551117e-003	 -9.2466768e+002	  3.2694922e+002	 -7.4945058e+002	
  1.7016602e+001	  3.6087745e-003	 -9.2731531e+002	  1.0495981e+002	 -7.5143824e+002	
  1.7041016e+001	  4.8911923e-003	 -9.2653742e+002	  1.5378612e+002	 -7.5086340e+002	
  1.7065430e+001	  6.6683759e-003	 -9.2925138e+002	  2.2390704e+002	 -7.5275843e+002	
  1.7089844e+001	  3.4424990e-003	 -9.2614235e+002	  1.4343649e+002	 -7.5441454e+002	
  1.7114258e+001	  5.6055135e-003	 -9.2330279e+002	  7.3515468e+001	 -7.5521535e+002	
  1.7138672e+001	  2.7412086e-003	 -9.2628635e+002	  1.1382898e+002	 -7.5600011e+002	
  1.7163086e+001	  3.6694735e-003	 -9.2886158e+002	  1.2434085e+002	 -7.5745233e+002	
  1.7187500e+001	  2.9148017e-003	 -9.2687421e+002	  1.2144801e+002	 -7.5861656e+002	
  1.7211914e+001	  8.0453800e-003	 -9.2975203e+002	  1.1651132e+002	 -7.6010996e+002	
  1.7236328e+001	  1.2472164e-002	 -9.3217558e+002	  5.9450942e+001	 -7.6133001e+002	
  1.7260742e+001	  1.3541335e-003	 -9.3446184e+002	  8.4500715e+001	 -7.6142499e+002	
  1.7285156e+001	  4.3499392e-003	 -9.3549050e+002	  1.7083335e+002	 -7.6318731e+002	
  1.7309570e+001	  2.7194904e-003	 -9.3412445e+002	  8.0363356e+001	 -7.6524031e+002	
  1.7333984e+001	  8.3374511e-003	 -9.3646471e+002	  1.8655108e+002	 -7.6452427e+002	
  1.7358398e+001	  6.5113461e-003	 -9.3889948e+002	  3.8594001e+002	 -7.6671631e+002	
  1.7382813e+001	  3.9449854e-003	 -9.4179026e+002	  3.1210133e+002	 -7.6901489e+002	
  1.7407227e+001	  8.8099470e-003	 -9.3927196e+002	  1.1632628e+002	 -7.6713274e+002	
  1.7431641e+001	  1.9080238e-003	 -9.4238086e+002	  5.5214357e+002	 -7.7003913e+002	
  1.7456055e+001	  3.4249935e-003	 -9.4512473e+002	  6.1752314e+002	 -7.7236487e+002	
  1.7480469e+001	  7.3537945e-003	 -9.4715008e+002	  2.7205434e+002	 -7.6977979e+002	
  1.7504883e+001	  2.4677140e-003	 -9.4954862e+002	  1.3519497e+003	 -7.6687060e+002	
  1.7529297e+001	  1.9748560e-003	 -9.5217319e+002	  1.8658775e+003	 -7.6944793e+002	
  1.7553711e+001	  3.8861377e-003	 -9.5510101e+002	  1.2455142e+003	 -7.7174187e+002	
  1.7578125e+001	  2.3045136e-004	 -9.5799826e+002	  2.0418702e+003	 -7.7339481e+002	
  1.7602539e+001	  2.2417846e-003	 -9.6099331e+002	  3.4948039e+003	 -7.7580477e+002	
  1.7626953e+001	  7.1734089e-003	 -9.6377486e+002	  2.5940138e+003	 -7.7832193e+002	
  1.7651367e+001	  5.5553566e-003	 -9.6635698e+002	  5.3432885e+002	 -7.8129795e+002	
  1.7675781e+001	  5.5308092e-003	 -9.6879234e+002	  7.7670716e+002	 -7.7919573e+002	
  1.7700195e+001	  4.1721026e-003	 -9.7134781e+002	  6.9004535e+002	 -7.8155294e+002	
  1.7724609e+001	  2.7002367e-003	 -9.7427663e+002	  1.7604231e+002	 -7.8454901e+002	
  1.7749023e+001	  3.1139679e-003	 -9.7706046e+002	  3.5919817e+002	 -7.8247225e+002	
  1.7773438e+001	  2.8496974e-003	 -9.7961530e+002	  4.0500242e+002	 -7.8481596e+002	
  1.7797852e+001	  4.6256861e-003	 -9.8229011e+002	  1.6607129e+002	 -7.8690010e+002	
  1.7822266e+001	  7.2044477e-003	 -9.8477545e+002	  1.1934241e+002	 -7.8635142e+002	
  1.7846680e+001	  3.7496100e-003	 -9.8608085e+002	  1.9318174e+002	 -7.8820061e+002	
  1.7871094e+001	  2.6887221e-003	 -9.8669725e+002	  1.2486358e+002	 -7.8975993e+002	
  1.7895508e+001	  2.0559881e-003	 -9.8862533e+002	  8.6868694e+001	 -7.9076644e+002	
  1.7919922e+001	  6.5807819e-004	 -9.8960123e+002	  7.0835998e+001	 -7.9191290e+002	
  1.7944336e+001	  3.5024897e-003	 -9.9109616e+002	  6.0050204e+001	 -7.9255114e+002	
  1.7968750e+001	  2.7311108e-003	 -9.9237717e+002	  1.0289376e+002	 -7.9375839e+002	
  1.7993164e+001	  2.8029611e-003	 -9.9481836e+002	  8.7789127e+001	 -7.9533423e+002	
  1.8017578e+001	  3.1845961e-003	 -9.9769213e+002	  5.6146661e+001	 -7.9593273e+002	
  1.8041992e+001	  3.3718734e-003	 -1.0007805e+003	  1.3213932e+002	 -7.9685816e+002	
  1.8066406e+001	  3.8581362e-003	 -9.9788292e+002	  1.9439650e+002	 -7.9858776e+002	
  1.8090820e+001	  2.4707913e-003	 -9.9531816e+002	  1.2804523e+002	 -8.0038027e+002	
  1.8115234e+001	  3.8570713e-003	 -9.9295423e+002	  1.1553637e+002	 -8.0005072e+002	
  1.8139648e+001	  3.8339630e-003	 -9.9549863e+002	  3.3071209e+002	 -8.0198071e+002	
  1.8164063e+001	  2.6690592e-003	 -9.9831696e+002	  2.9691651e+002	 -8.0427106e+002	
  1.8188477e+001	  4.8265894e-003	 -9.9531959e+002	  1.1176511e+002	 -8.0233344e+002	
  1.8212891e+001	  5.6224482e-003	 -9.9779464e+002	  5.5563644e+002	 -8.0529399e+002	
  1.8237305e+001	  2.3788791e-003	 -9.9949468e+002	  6.6887563e+002	 -8.0763685e+002	
  1.8261719e+001	  9.8871182e-003	 -1.0016738e+003	  2.9409659e+002	 -8.0483877e+002	
  1.8286133e+001	  3.4143110e-003	 -1.0041574e+003	  1.3601153e+003	 -8.0212527e+002	
  1.8310547e+001	  5.2048529e-003	 -1.0035266e+003	  1.9777327e+003	 -8.0469840e+002	
  1.8334961e+001	  1.7853601e-003	 -1.0058635e+003	  1.3603767e+003	 -8.0703324e+002	
  1.8359375e+001	  1.0520455e-003	 -1.0066724e+003	  1.9011761e+003	 -8.0870295e+002	
  1.8383789e+001	  5.8618664e-004	 -1.0093521e+003	  3.2870860e+003	 -8.1108170e+002	
  1.8408203e+001	  2.3855848e-003	 -1.0070484e+003	  2.5249194e+003	 -8.1359776e+002	
  1.8432617e+001	  7.4781036e-003	 -1.0099273e+003	  5.4021521e+002	 -8.1655464e+002	
  1.8457031e+001	  3.5798544e-003	 -1.0127208e+003	  7.8587021e+002	 -8.1447427e+002	
  1.8481445e+001	  9.5715463e-004	 -1.0156605e+003	  7.3297755e+002	 -8.1680080e+002	
  1.8505859e+001	  3.5487383e-003	 -1.0183835e+003	  2.0971550e+002	 -8.1955683e+002	
  1.8530273e+001	  3.1292918e-003	 -1.0206774e+003	  3.4055452e+002	 -8.1772489e+002	
  1.8554688e+001	  3.4667926e-003	 -1.0224091e+003	  4.2923897e+002	 -8.2013216e+002	
  1.8579102e+001	  3.9742873e-003	 -1.0239235e+003	  1.8584346e+002	 -8.2236011e+002	
  1.8603516e+001	  1.6085357e-003	 -1.0224610e+003	  1.3113877e+002	 -8.2157754e+002	
  1.8627930e+001	  9.0543301e-003	 -1.0251009e+003	  2.3271093e+002	 -8.2370040e+002	
  1.8652344e+001	  5.6785580e-003	 -1.0277507e+003	  1.0516804e+002	 -8.2569261e+002	
  1.8676758e+001	  2.0384708e-003	 -1.0306050e+003	  8.3032094e+001	 -8.2524320e+002	
  1.8701172e+001	  1.1837679e-003	 -1.0276402e+003	  1.4842246e+002	 -8.2701936e+002	
  1.8725586e+001	  3.9367381e-003	 -1.0300563e+003	  1.0780390e+002	 -8.2863857e+002	
  1.8750000e+001	  3.6647939e-003	 -1.0324046e+003	  6.7927205e+001	 -8.2932919e+002	
  1.8774414e+001	  2.5839023e-003	 -1.0316596e+003	  1.1001394e+002	 -8.3052665e+002	
  1.8798828e+001	  2.2570215e-003	 -1.0347462e+003	  7.2743368e+001	 -8.3198121e+002	
  1.8823242e+001	  4.2989526e-003	 -1.0319002e+003	  9.5830430e+001	 -8.3239517e+002	
  1.8847656e+001	  1.1306851e-003	 -1.0294273e+003	  1.4916629e+002	 -8.3396777e+002	
  1.8872070e+001	  2.2910226e-003	 -1.0268866e+003	  1.1572133e+002	 -8.3546168e+002	
  1.8896484e+001	  7.6219109e-003	 -1.0297626e+003	  1.1340096e+002	 -8.3579048e+002	
  1.8920898e+001	  4.2181967e-003	 -1.0267251e+003	  2.6938231e+002	 -8.3739100e+002	
  1.8945313e+001	  6.7159660e-003	 -1.0240173e+003	  2.3226144e+002	 -8.3954924e+002	
  1.8969727e+001	  1.6343206e-003	 -1.0271587e+003	  1.1227533e+002	 -8.3790213e+002	
  1.8994141e+001	  4.0889414e-003	 -1.0241345e+003	  5.4191164e+002	 -8.4054873e+002	
  1.9018555e+001	  6.6408323e-003	 -1.0271414e+003	  6.6264676e+002	 -8.4282613e+002	
  1.9042969e+001	  6.4309291e-003	 -1.0299118e+003	  2.3049573e+002	 -8.3984438e+002	
  1.9067383e+001	  4.4516870e-003	 -1.0325986e+003	  1.2854217e+003	 -8.3741006e+002	
  1.9091797e+001	  8.7150905e-004	 -1.0295208e+003	  1.9859310e+003	 -8.3996812e+002	
  1.9116211e+001	  2.7677883e-003	 -1.0275404e+003	  1.3663607e+003	 -8.4233701e+002	
  1.9140625e+001	  1.0542874e-003	 -1.0301861e+003	  1.7381748e+003	 -8.4397898e+002	
  1.9165039e+001	  3.3175223e-003	 -1.0325241e+003	  3.1364266e+003	 -8.4634895e+002	
  1.9189453e+001	  4.7403148e-003	 -1.0345339e+003	  2.5296280e+003	 -8.4887717e+002	
  1.9213867e+001	  4.3172688e-003	 -1.0363113e+003	  6.0406214e+002	 -8.5176126e+002	
  1.9238281e+001	  3.6689996e-003	 -1.0389102e+003	  7.2071985e+002	 -8.4973042e+002	
  1.9262695e+001	  5.3960668e-003	 -1.0365816e+003	  6.9384364e+002	 -8.5202552e+002	
  1.9287109e+001	  5.4278358e-003	 -1.0394003e+003	  2.0449382e+002	 -8.5449104e+002	
  1.9311523e+001	  3.1971024e-003	 -1.0422918e+003	  2.6322663e+002	 -8.5305044e+002	
  1.9335938e+001	  3.1082725e-003	 -1.0391786e+003	  3.6940511e+002	 -8.5535762e+002	
  1.9360352e+001	  1.1723420e-003	 -1.0417332e+003	  1.7560012e+002	 -8.5752894e+002	
  1.9384766e+001	  6.5714213e-003	 -1.0441119e+003	  1.1090070e+002	 -8.5673803e+002	
  1.9409180e+001	  4.2829913e-003	 -1.0466182e+003	  2.1777759e+002	 -8.5880192e+002	
  1.9433594e+001	  6.3699021e-003	 -1.0461521e+003	  1.2392447e+002	 -8.6064303e+002	
  1.9458008e+001	  4.7675815e-003	 -1.0488639e+003	  6.6007821e+001	 -8.6091158e+002	
  1.9482422e+001	  1.4965824e-003	 -1.0460737e+003	  1.1981292e+002	 -8.6215379e+002	
  1.9506836e+001	  3.4244616e-003	 -1.0489437e+003	  1.1139204e+002	 -8.6347127e+002	
  1.9531250e+001	  5.2914067e-003	 -1.0509678e+003	  1.3631709e+002	 -8.6460144e+002	
  1.9555664e+001	  5.0379041e-003	 -1.0527562e+003	  1.3764760e+002	 -8.6616281e+002	
  1.9580078e+001	  4.4044415e-003	 -1.0540004e+003	  8.5053044e+001	 -8.6734476e+002	
  1.9604492e+001	  1.3062926e-002	 -1.0559922e+003	  1.0622479e+002	 -8.6798427e+002	
  1.9628906e+001	  5.4115450e-003	 -1.0582446e+003	  1.7435258e+002	 -8.6946418e+002	
  1.9653320e+001	  5.4895094e-003	 -1.0588448e+003	  1.3448977e+002	 -8.7134110e+002	
  1.9677734e+001	  9.9334763e-004	 -1.0602914e+003	  7.8020688e+001	 -8.7054481e+002	
  1.9702148e+001	  8.5846364e-004	 -1.0588206e+003	  2.9491752e+002	 -8.7261519e+002	
  1.9726563e+001	  5.6850422e-003	 -1.0614128e+003	  2.6938841e+002	 -8.7487644e+002	
  1.9750977e+001	  8.4918301e-003	 -1.0639462e+003	  9.3396109e+001	 -8.7308696e+002	
  1.9775391e+001	  5.4209169e-003	 -1.0625188e+003	  5.2951653e+002	 -8.7589390e+002	
  1.9799805e+001	  5.8688824e-003	 -1.0653662e+003	  6.6832218e+002	 -8.7815244e+002	
  1.9824219e+001	  5.4872106e-003	 -1.0646757e+003	  2.4133629e+002	 -8.8125413e+002	
  1.9848633e+001	  8.6388196e-003	 -1.0669642e+003	  1.2431874e+003	 -8.7897835e+002	
  1.9873047e+001	  3.4213537e-003	 -1.0689918e+003	  2.0388724e+003	 -8.8153836e+002	
  1.9897461e+001	  5.2065199e-003	 -1.0690816e+003	  1.4618097e+003	 -8.8395477e+002	
  1.9921875e+001	  5.9217886e-003	 -1.0705190e+003	  1.6072747e+003	 -8.8560889e+002	
  1.9946289e+001	  2.7732765e-003	 -1.0714758e+003	  2.9757115e+003	 -8.8792010e+002	
  1.9970703e+001	  3.8243576e-003	 -1.0729630e+003	  2.5174510e+003	 -8.9043137e+002	
  1.9995117e+001	  4.9415832e-003	 -1.0752625e+003	  6.3571763e+002	 -8.9319663e+002	
  2.0019531e+001	  6.0627336e-003	 -1.0777225e+003	  6.7473902e+002	 -8.9135635e+002	
  2.0043945e+001	  1.9061642e-003	 -1.0806755e+003	  7.0699727e+002	 -8.9366686e+002	
  2.0068359e+001	  3.4733572e-003	 -1.0788380e+003	  2.4090200e+002	 -8.9614040e+002	
  2.0092773e+001	  2.8936522e-003	 -1.0810306e+003	  2.4193124e+002	 -8.9463997e+002	
  2.0117188e+001	  7.0831482e-003	 -1.0834120e+003	  3.4414867e+002	 -8.9701608e+002	
  2.0141602e+001	  7.7911033e-003	 -1.0859328e+003	  1.3983237e+002	 -8.9915174e+002	
  2.0166016e+001	  2.1110959e-003	 -1.0883797e+003	  1.3105021e+002	 -8.9844473e+002	
  2.0190430e+001	  4.1361617e-003	 -1.0903446e+003	  2.1255073e+002	 -9.0043579e+002	
  2.0214844e+001	  3.6102534e-003	 -1.0914376e+003	  1.2073648e+002	 -9.0218061e+002	
  2.0239258e+001	  5.0829504e-003	 -1.0935906e+003	  8.0528707e+001	 -9.0260423e+002	
  2.0263672e+001	  6.3666956e-003	 -1.0962427e+003	  1.3074405e+002	 -9.0407717e+002	
  2.0288086e+001	  2.6347795e-003	 -1.0932992e+003	  7.4207035e+001	 -9.0573909e+002	
  2.0312500e+001	  5.4400570e-003	 -1.0906218e+003	  7.4729085e+001	 -9.0576597e+002	
  2.0336914e+001	  3.2385368e-003	 -1.0930211e+003	  1.1835370e+002	 -9.0735096e+002	
  2.0361328e+001	  2.3697480e-003	 -1.0948342e+003	  9.5763643e+001	 -9.0865134e+002	
  2.0385742e+001	  6.2859557e-003	 -1.0972870e+003	  9.9256876e+001	 -9.0949012e+002	
  2.0410156e+001	  4.5355362e-003	 -1.0999640e+003	  1.7723087e+002	 -9.1073388e+002	
  2.0434570e+001	  1.2847525e-003	 -1.1027934e+003	  1.8918537e+002	 -9.1253740e+002	
  2.0458984e+001	  1.2972558e-003	 -1.1011084e+003	  5.7261685e+001	 -9.1314191e+002	
  2.0483398e+001	  5.7697466e-003	 -1.1038135e+003	  2.6616319e+002	 -9.1414915e+002	
  2.0507813e+001	  1.0707978e-002	 -1.1063555e+003	  2.9159041e+002	 -9.1626726e+002	
  2.0532227e+001	  3.1721029e-003	 -1.1087999e+003	  1.5369276e+001	 -9.1348122e+002	
  2.0556641e+001	  1.9434935e-003	 -1.1099321e+003	  4.5122687e+002	 -9.1116913e+002	
  2.0581055e+001	  1.6812533e-003	 -1.1118281e+003	  6.5900172e+002	 -9.1339175e+002	
  2.0605469e+001	  4.3126722e-003	 -1.1147601e+003	  2.6978309e+002	 -9.1630145e+002	
  2.0629883e+001	  8.6689883e-004	 -1.1128960e+003	  1.2011202e+003	 -9.1422304e+002	
  2.0654297e+001	  4.3820902e-003	 -1.1099671e+003	  2.0843047e+003	 -9.1678767e+002	
  2.0678711e+001	  2.5560785e-003	 -1.1119236e+003	  1.5270652e+003	 -9.1921553e+002	
  2.0703125e+001	  4.5652479e-003	 -1.1139813e+003	  1.5156883e+003	 -9.2089462e+002	
  2.0727539e+001	  5.3869498e-003	 -1.1165852e+003	  2.8179122e+003	 -9.2318213e+002	
  2.0751953e+001	  5.0034392e-003	 -1.1196214e+003	  2.4700231e+003	 -9.2569305e+002	
  2.0776367e+001	  2.9785422e-003	 -1.1167719e+003	  6.8560944e+002	 -9.2841748e+002	
  2.0800781e+001	  8.1481665e-003	 -1.1195898e+003	  6.4990342e+002	 -9.2653772e+002	
  2.0825195e+001	  2.5274069e-003	 -1.1221140e+003	  7.5670741e+002	 -9.2884211e+002	
  2.0849609e+001	  5.4336451e-003	 -1.1231549e+003	  3.2372783e+002	 -9.3120249e+002	
  2.0874023e+001	  6.0818515e-003	 -1.1259025e+003	  1.8176094e+002	 -9.2969276e+002	
  2.0898438e+001	  6.2010593e-003	 -1.1287001e+003	  3.4685419e+002	 -9.3201008e+002	
  2.0922852e+001	  7.2857049e-003	 -1.1281408e+003	  2.3363003e+002	 -9.3391104e+002	
  2.0947266e+001	  4.7875561e-003	 -1.1311008e+003	  8.7928431e+001	 -9.3452475e+002	
  2.0971680e+001	  8.4557511e-003	 -1.1281475e+003	  1.8823997e+002	 -9.3549745e+002	
  2.0996094e+001	  2.8451221e-003	 -1.1312271e+003	  1.7051151e+002	 -9.3729730e+002	
  2.1020508e+001	  5.6590764e-003	 -1.1337541e+003	  6.3523435e+001	 -9.3820700e+002	
  2.1044922e+001	  1.1008501e-002	 -1.1361715e+003	  1.3580865e+002	 -9.3911190e+002	
  2.1069336e+001	  1.4594763e-003	 -1.1388138e+003	  1.1923467e+002	 -9.4081843e+002	
  2.1093750e+001	  3.4987165e-003	 -1.1416768e+003	  8.1766480e+001	 -9.4154399e+002	
  2.1118164e+001	  5.1214261e-003	 -1.1445792e+003	  1.4663557e+002	 -9.4281338e+002	
  2.1142578e+001	  5.1549545e-003	 -1.1417822e+003	  1.2437864e+002	 -9.4453647e+002	
  2.1166992e+001	  4.8748638e-003	 -1.1442852e+003	  6.9830253e+001	 -9.4478779e+002	
  2.1191406e+001	  5.1384401e-003	 -1.1462777e+003	  2.0106155e+002	 -9.4627924e+002	
  2.1215820e+001	  4.1893851e-003	 -1.1483430e+003	  1.5602836e+002	 -9.4842217e+002	
  2.1240234e+001	  3.4845171e-003	 -1.1511294e+003	  9.7683090e+001	 -9.4706252e+002	
  2.1264648e+001	  5.9584996e-003	 -1.1480911e+003	  3.4557832e+002	 -9.4948418e+002	
  2.1289063e+001	  4.3033650e-003	 -1.1507103e+003	  3.6240892e+002	 -9.5187123e+002	
  2.1313477e+001	  3.2982713e-003	 -1.1511720e+003	  1.5526079e+002	 -9.4885910e+002	
  2.1337891e+001	  4.5492047e-003	 -1.1531740e+003	  4.6205778e+002	 -9.4634047e+002	
  2.1362305e+001	  5.2591139e-003	 -1.1553230e+003	  6.7701268e+002	 -9.4875718e+002	
  2.1386719e+001	  9.4148988e-003	 -1.1574796e+003	  3.2385229e+002	 -9.5165396e+002	
  2.1411133e+001	  4.3135324e-003	 -1.1594518e+003	  1.1653538e+003	 -9.4949937e+002	
  2.1435547e+001	  6.3899184e-003	 -1.1602375e+003	  2.1026916e+003	 -9.5207746e+002	
  2.1459961e+001	  2.3924727e-003	 -1.1626896e+003	  1.5809391e+003	 -9.5452028e+002	
  2.1484375e+001	  5.3167291e-003	 -1.1609943e+003	  1.4231510e+003	 -9.5620666e+002	
  2.1508789e+001	  3.4910212e-003	 -1.1632576e+003	  2.7103051e+003	 -9.5845820e+002	
  2.1533203e+001	  3.1495112e-003	 -1.1648803e+003	  2.5011807e+003	 -9.6096787e+002	
  2.1557617e+001	  1.0342960e-003	 -1.1664915e+003	  7.6067112e+002	 -9.6362461e+002	
  2.1582031e+001	  2.1219712e-003	 -1.1683789e+003	  5.8953636e+002	 -9.6186290e+002	
  2.1606445e+001	  5.2139412e-003	 -1.1710618e+003	  7.0485009e+002	 -9.6420910e+002	
  2.1630859e+001	  2.9878124e-003	 -1.1722849e+003	  2.6139233e+002	 -9.6666800e+002	
  2.1655273e+001	  8.8428190e-003	 -1.1739688e+003	  2.4277830e+002	 -9.6520288e+002	
  2.1679688e+001	  6.0818231e-003	 -1.1768138e+003	  3.7014142e+002	 -9.6761347e+002	
  2.1704102e+001	  4.0988030e-003	 -1.1740617e+003	  2.0801909e+002	 -9.6973448e+002	
  2.1728516e+001	  2.4447386e-003	 -1.1709733e+003	  5.0329141e+001	 -9.6988985e+002	
  2.1752930e+001	  7.1678457e-004	 -1.1738026e+003	  1.4768787e+002	 -9.7117790e+002	
  2.1777344e+001	  2.8521987e-003	 -1.1735335e+003	  1.1733168e+002	 -9.7299216e+002	
  2.1801758e+001	  1.5225404e-003	 -1.1710890e+003	  5.0318994e+001	 -9.7364697e+002	
  2.1826172e+001	  5.0953963e-003	 -1.1735990e+003	  8.8894724e+001	 -9.7463997e+002	
  2.1850586e+001	  5.9142861e-003	 -1.1760538e+003	  8.8256817e+001	 -9.7571304e+002	
  2.1875000e+001	  2.1822440e-003	 -1.1788063e+003	  1.2666070e+002	 -9.7689147e+002	
  2.1899414e+001	  2.0471866e-003	 -1.1764633e+003	  1.4555425e+002	 -9.7843388e+002	
  2.1923828e+001	  2.7530599e-003	 -1.1736275e+003	  9.5425042e+001	 -9.8025550e+002	
  2.1948242e+001	  2.0964414e-003	 -1.1760909e+003	  7.6450923e+001	 -9.7916782e+002	
  2.1972656e+001	  2.2633339e-003	 -1.1787800e+003	  2.5265038e+002	 -9.8137656e+002	
  2.1997070e+001	  7.5399908e-003	 -1.1814580e+003	  2.3510796e+002	 -9.8360029e+002	
  2.2021484e+001	  7.7172584e-003	 -1.1838897e+003	  2.7098900e+001	 -9.8124455e+002	
  2.2045898e+001	  3.9072854e-003	 -1.1862971e+003	  2.9440137e+002	 -9.7834520e+002	
  2.2070313e+001	  7.6367184e-003	 -1.1891239e+003	  3.7025512e+002	 -9.8063847e+002	
  2.2094727e+001	  3.9448703e-003	 -1.1866501e+003	  1.2369189e+002	 -9.8365745e+002	
  2.2119141e+001	  8.6757707e-003	 -1.1896818e+003	  4.7377154e+002	 -9.8159278e+002	
  2.2143555e+001	  3.5703418e-003	 -1.1920773e+003	  7.4167862e+002	 -9.8394648e+002	
  2.2167969e+001	  2.1557831e-003	 -1.1929651e+003	  3.4305509e+002	 -9.8662680e+002	
  2.2192383e+001	  3.8160489e-003	 -1.1952624e+003	  1.1303349e+003	 -9.8477749e+002	
  2.2216797e+001	  6.1002936e-003	 -1.1978847e+003	  2.1991509e+003	 -9.8733701e+002	
  2.2241211e+001	  1.5165817e-003	 -1.2000834e+003	  1.7239199e+003	 -9.8980433e+002	
  2.2265625e+001	  3.8826137e-003	 -1.2020497e+003	  1.3497735e+003	 -9.9156303e+002	
  2.2290039e+001	  1.0807131e-003	 -1.2002961e+003	  2.5594952e+003	 -9.9374318e+002	
  2.2314453e+001	  8.1499509e-003	 -1.2031829e+003	  2.4798089e+003	 -9.9625534e+002	
  2.2338867e+001	  2.5272725e-003	 -1.2061729e+003	  8.0416395e+002	 -9.9895256e+002	
  2.2363281e+001	  3.5238443e-003	 -1.2091326e+003	  6.5748345e+002	 -9.9715756e+002	
  2.2387695e+001	  6.6669163e-003	 -1.2117499e+003	  8.0920957e+002	 -9.9955667e+002	
  2.2412109e+001	  5.8442614e-003	 -1.2141143e+003	  3.6699630e+002	 -1.0019975e+003	
  2.2436523e+001	  5.0619455e-003	 -1.2161061e+003	  2.1174563e+002	 -1.0001815e+003	
  2.2460938e+001	  1.0310406e-003	 -1.2132757e+003	  4.0614265e+002	 -1.0027404e+003	
  2.2485352e+001	  9.5900270e-003	 -1.2158315e+003	  2.7899643e+002	 -1.0049345e+003	
  2.2509766e+001	  7.3605113e-003	 -1.2177857e+003	  2.4810425e+001	 -1.0055819e+003	
  2.2534180e+001	  1.0182531e-003	 -1.2204757e+003	  1.7527384e+002	 -1.0061773e+003	
  2.2558594e+001	  8.5352998e-003	 -1.2231636e+003	  1.7133543e+002	 -1.0080872e+003	
  2.2583008e+001	  8.0866532e-003	 -1.2251629e+003	  4.9568736e+001	 -1.0093443e+003	
  2.2607422e+001	  1.6012694e-003	 -1.2271906e+003	  1.1411867e+002	 -1.0096505e+003	
  2.2631836e+001	  2.3126894e-003	 -1.2300682e+003	  1.1268144e+002	 -1.0112331e+003	
  2.2656250e+001	  4.8013336e-003	 -1.2324448e+003	  1.2207261e+002	 -1.0121684e+003	
  2.2680664e+001	  1.9139941e-003	 -1.2345469e+003	  1.5654232e+002	 -1.0138411e+003	
  2.2705078e+001	  6.4808468e-003	 -1.2369361e+003	  7.8014363e+001	 -1.0157522e+003	
  2.2729492e+001	  4.6158986e-003	 -1.2393723e+003	  6.0025596e+001	 -1.0146275e+003	
  2.2753906e+001	  3.2764450e-003	 -1.2398069e+003	  1.7852684e+002	 -1.0165436e+003	
  2.2778320e+001	  5.5634010e-003	 -1.2422332e+003	  1.7657074e+002	 -1.0185525e+003	
  2.2802734e+001	  3.5118004e-003	 -1.2453159e+003	  4.5144300e+001	 -1.0183583e+003	
  2.2827148e+001	  4.5003144e-003	 -1.2422220e+003	  3.1308462e+002	 -1.0200706e+003	
  2.2851563e+001	  3.0585029e-003	 -1.2447736e+003	  3.6592119e+002	 -1.0223961e+003	
  2.2875977e+001	  2.2030372e-003	 -1.2458322e+003	  1.6270509e+002	 -1.0193185e+003	
  2.2900391e+001	  4.5665929e-003	 -1.2475682e+003	  4.9280394e+002	 -1.0168221e+003	
  2.2924805e+001	  1.6386218e-003	 -1.2506983e+003	  7.5320073e+002	 -1.0192483e+003	
  2.2949219e+001	  5.4759689e-003	 -1.2477823e+003	  3.7514570e+002	 -1.0219634e+003	
  2.2973633e+001	  2.8601560e-003	 -1.2504858e+003	  1.1186434e+003	 -1.0200497e+003	
  2.2998047e+001	  1.8204043e-003	 -1.2475588e+003	  2.2354287e+003	 -1.0226241e+003	
  2.3022461e+001	  5.0099622e-003	 -1.2449721e+003	  1.8103409e+003	 -1.0251062e+003	
  2.3046875e+001	  3.8836445e-003	 -1.2425544e+003	  1.3025688e+003	 -1.0269245e+003	
  2.3071289e+001	  4.1549824e-003	 -1.2397490e+003	  2.4204649e+003	 -1.0290498e+003	
  2.3095703e+001	  4.8316032e-003	 -1.2426115e+003	  2.4311197e+003	 -1.0315621e+003	
  2.3120117e+001	  1.8582371e-003	 -1.2396139e+003	  8.6863781e+002	 -1.0342582e+003	
  2.3144531e+001	  4.7273862e-003	 -1.2370155e+003	  6.1599205e+002	 -1.0323344e+003	
  2.3168945e+001	  2.0268610e-003	 -1.2392618e+003	  7.9054060e+002	 -1.0347870e+003	
  2.3193359e+001	  5.7469023e-003	 -1.2419076e+003	  3.6107407e+002	 -1.0372279e+003	
  2.3217773e+001	  6.6976107e-003	 -1.2446022e+003	  2.0258777e+002	 -1.0356504e+003	
  2.3242188e+001	  2.7979688e-003	 -1.2456850e+003	  3.9537683e+002	 -1.0382110e+003	
  2.3266602e+001	  7.2397314e-003	 -1.2473854e+003	  2.6396656e+002	 -1.0405160e+003	
  2.3291016e+001	  3.3974798e-003	 -1.2492986e+003	  4.0235845e+001	 -1.0380934e+003	
  2.3315430e+001	  5.2487348e-003	 -1.2512517e+003	  1.8264852e+002	 -1.0350141e+003	
  2.3339844e+001	  7.8761874e-004	 -1.2528329e+003	  1.6025151e+002	 -1.0370335e+003	
  2.3364258e+001	  5.2836819e-003	 -1.2545814e+003	  6.6627197e+001	 -1.0379488e+003	
  2.3388672e+001	  3.6075371e-003	 -1.2573914e+003	  1.2980633e+002	 -1.0389623e+003	
  2.3413086e+001	  4.2667625e-003	 -1.2601802e+003	  1.2485218e+002	 -1.0406374e+003	
  2.3437500e+001	  3.6473703e-003	 -1.2596848e+003	  7.1608634e+001	 -1.0419671e+003	
  2.3461914e+001	  7.4309871e-003	 -1.2621204e+003	  6.5745403e+001	 -1.0425308e+003	
  2.3486328e+001	  2.6601658e-003	 -1.2620727e+003	  8.7109840e+001	 -1.0437005e+003	
  2.3510742e+001	  7.1197169e-003	 -1.2640349e+003	  1.0264311e+002	 -1.0446999e+003	
  2.3535156e+001	  6.9339189e-003	 -1.2664988e+003	  1.7037580e+002	 -1.0460814e+003	
  2.3559570e+001	  1.9792877e-003	 -1.2692360e+003	  1.5732105e+002	 -1.0479359e+003	
  2.3583984e+001	  3.0465906e-003	 -1.2717791e+003	  3.7115401e+001	 -1.0469354e+003	
  2.3608398e+001	  4.2445362e-003	 -1.2730245e+003	  2.9403208e+002	 -1.0490508e+003	
  2.3632813e+001	  2.6558330e-003	 -1.2751778e+003	  3.4763916e+002	 -1.0513192e+003	
  2.3657227e+001	  2.1863552e-003	 -1.2768317e+003	  1.1311598e+002	 -1.0481934e+003	
  2.3681641e+001	  3.8138194e-003	 -1.2790533e+003	  4.8784971e+002	 -1.0459610e+003	
  2.3706055e+001	  1.6655620e-003	 -1.2814803e+003	  7.7724271e+002	 -1.0483322e+003	
  2.3730469e+001	  1.6543464e-003	 -1.2839419e+003	  4.2072626e+002	 -1.0509317e+003	
  2.3754883e+001	  9.5315769e-003	 -1.2865997e+003	  1.0531558e+003	 -1.0490348e+003	
  2.3779297e+001	  7.9642661e-003	 -1.2893364e+003	  2.2532739e+003	 -1.0516065e+003	
  2.3803711e+001	  4.4315414e-003	 -1.2922235e+003	  1.8804873e+003	 -1.0540871e+003	
  2.3828125e+001	  2.6232149e-003	 -1.2950564e+003	  1.2180608e+003	 -1.0559396e+003	
  2.3852539e+001	  3.2036844e-003	 -1.2971785e+003	  2.2419050e+003	 -1.0580155e+003	
  2.3876953e+001	  4.0579384e-003	 -1.2989213e+003	  2.3663186e+003	 -1.0605307e+003	
  2.3901367e+001	  5.0679536e-003	 -1.3011864e+003	  9.0654958e+002	 -1.0631706e+003	
  2.3925781e+001	  2.6716682e-003	 -1.3001113e+003	  5.4629413e+002	 -1.0613356e+003	
  2.3950195e+001	  7.0547038e-003	 -1.3028508e+003	  7.8314731e+002	 -1.0638156e+003	
  2.3974609e+001	  4.7004977e-003	 -1.3055420e+003	  3.9253635e+002	 -1.0662655e+003	
  2.3999023e+001	  2.6353958e-003	 -1.3024124e+003	  1.7369887e+002	 -1.0644969e+003	
  2.4023438e+001	  2.6444602e-003	 -1.3009354e+003	  3.5303339e+002	 -1.0671768e+003	
  2.4047852e+001	  3.6725630e-003	 -1.3038085e+003	  2.3222033e+002	 -1.0694536e+003	
  2.4072266e+001	  1.1669349e-002	 -1.3065299e+003	  4.2346242e+001	 -1.0681474e+003	
  2.4096680e+001	  3.0055764e-003	 -1.3040338e+003	  2.1015364e+002	 -1.0705423e+003	
  2.4121094e+001	  9.5316195e-003	 -1.3012040e+003	  1.6590463e+002	 -1.0724654e+003	
  2.4145508e+001	  6.0288710e-004	 -1.3033313e+003	  8.4169373e+001	 -1.0734895e+003	
  2.4169922e+001	  5.0333291e-003	 -1.3048809e+003	  7.7034465e+001	 -1.0743529e+003	
  2.4194336e+001	  9.5374716e-003	 -1.3073630e+003	  1.0193702e+002	 -1.0752263e+003	
  2.4218750e+001	  1.7445448e-003	 -1.3043223e+003	  1.1502987e+002	 -1.0766156e+003	
  2.4243164e+001	  9.2308388e-003	 -1.3014691e+003	  1.2639732e+002	 -1.0778609e+003	
  2.4267578e+001	  3.9728207e-003	 -1.3044866e+003	  1.1684143e+002	 -1.0794430e+003	
  2.4291992e+001	  4.2586326e-003	 -1.3030000e+003	  7.6738379e+001	 -1.0801645e+003	
  2.4316406e+001	  5.5673549e-003	 -1.3001140e+003	  1.5010676e+002	 -1.0814829e+003	
  2.4340820e+001	  2.7790378e-003	 -1.2976663e+003	  1.1000067e+002	 -1.0831512e+003	
  2.4365234e+001	  7.7293383e-003	 -1.2950149e+003	  7.6869304e+001	 -1.0830101e+003	
  2.4389648e+001	  8.1833562e-003	 -1.2980412e+003	  2.8815304e+002	 -1.0844500e+003	
  2.4414063e+001	  5.0037389e-003	 -1.2958626e+003	  3.8509894e+002	 -1.0865640e+003	
  2.4438477e+001	  6.9961769e-003	 -1.2930861e+003	  1.5092490e+002	 -1.0892030e+003	
  2.4462891e+001	  3.0103298e-003	 -1.2955439e+003	  4.0365611e+002	 -1.0875323e+003	
  2.4487305e+001	  3.1852731e-003	 -1.2969148e+003	  7.2225775e+002	 -1.0898911e+003	
  2.4511719e+001	  3.8662934e-003	 -1.2983783e+003	  4.2774778e+002	 -1.0924387e+003	
  2.4536133e+001	  3.6062903e-004	 -1.2990105e+003	  1.0217127e+003	 -1.0905728e+003	
  2.4560547e+001	  4.3032360e-003	 -1.3015271e+003	  2.3380838e+003	 -1.0931656e+003	
  2.4584961e+001	  7.9766419e-003	 -1.3044502e+003	  2.0613778e+003	 -1.0956698e+003	
  2.4609375e+001	  2.5515961e-003	 -1.3056919e+003	  1.2281275e+003	 -1.0976058e+003	
  2.4633789e+001	  1.0820968e-002	 -1.3068032e+003	  2.1487483e+003	 -1.0995819e+003	
  2.4658203e+001	  1.3255265e-003	 -1.3089897e+003	  2.3750526e+003	 -1.1020882e+003	
  2.4682617e+001	  2.9600741e-003	 -1.3108922e+003	  9.7139410e+002	 -1.1046908e+003	
  2.4707031e+001	  4.0901670e-003	 -1.3140323e+003	  4.5641223e+002	 -1.1029340e+003	
  2.4731445e+001	  4.3212583e-003	 -1.3111134e+003	  6.9656159e+002	 -1.1053869e+003	
  2.4755859e+001	  3.4402380e-004	 -1.3090117e+003	  3.5196031e+002	 -1.1076550e+003	
  2.4780273e+001	  3.7812264e-003	 -1.3071584e+003	  1.4631308e+002	 -1.1063320e+003	
  2.4804688e+001	  1.7908350e-003	 -1.3046942e+003	  3.7821317e+002	 -1.1087824e+003	
  2.4829102e+001	  5.9747101e-003	 -1.3073038e+003	  2.6443777e+002	 -1.1110498e+003	
  2.4853516e+001	  2.8051601e-003	 -1.3080880e+003	  2.0220187e+001	 -1.1098443e+003	
  2.4877930e+001	  8.9670238e-003	 -1.3097471e+003	  1.8045942e+002	 -1.1122233e+003	
  2.4902344e+001	  4.8049932e-003	 -1.3120356e+003	  1.4606466e+002	 -1.1141367e+003	
  2.4926758e+001	  2.5382938e-003	 -1.3145884e+003	  6.1590872e+001	 -1.1152184e+003	
  2.4951172e+001	  5.4090765e-003	 -1.3174274e+003	  9.7866924e+001	 -1.1157613e+003	
  2.4975586e+001	  4.0518253e-003	 -1.3200169e+003	  1.2276295e+002	 -1.1173932e+003	
  2.5000000e+001	  5.3153060e-003	 -1.3226105e+003	  6.7017877e+001	 -1.1184070e+003	
