  0.0000000e+000	  9.8843817e-011	  0.0000000e+000	  7.3464183e+003	  0.0000000e+000	
  4.8828125e-002	  3.2345309e-003	 -2.9966013e+000	  3.7037660e+003	 -2.3464042e+000	
  9.7656250e-002	  1.6315949e-002	 -5.7731508e+000	  2.0632019e+003	 -3.0541117e+000	
  1.4648438e-001	  2.9721631e-003	 -8.1357925e+000	  2.2773497e+003	 -5.6119789e+000	
  1.9531250e-001	  9.6266782e-003	 -9.0185321e+000	  1.1686630e+003	 -8.5080885e+000	
  2.4414063e-001	  6.4402604e-003	 -1.0836718e+001	  7.4194121e+002	 -1.0963024e+001	
  2.9296875e-001	  3.7135549e-003	 -1.1099370e+001	  3.7803011e+002	 -1.4068168e+001	
  3.4179688e-001	  1.0436086e-002	 -1.4039572e+001	  1.7406544e+002	 -1.5996089e+001	
  3.9062500e-001	  9.6684374e-003	 -1.0929104e+001	  4.2648377e+002	 -1.7964071e+001	
  4.3945313e-001	  2.9990287e-003	 -8.1038991e+000	  6.8840511e+002	 -1.9135827e+001	
  4.8828125e-001	  8.1617291e-003	 -6.1419359e+000	  8.0080344e+002	 -1.9568503e+001	
  5.3710938e-001	  1.1585545e-002	 -8.1720238e+000	  1.0140236e+003	 -1.8660663e+001	
  5.8593750e-001	  3.7140603e-002	 -1.0639521e+001	  3.6092543e+003	 -1.8425551e+001	
  6.3476563e-001	  3.4387923e-002	 -1.3176720e+001	  1.3391871e+004	 -1.8091994e+001	
  6.8359375e-001	  5.1948971e-002	 -1.6134628e+001	  1.0786827e+005	 -2.0904122e+001	
  7.3242188e-001	  2.1157908e-001	 -1.8989283e+001	  1.6362116e+005	 -2.3719400e+001	
  7.8125000e-001	  9.3224089e-003	 -2.1822886e+001	  8.1099584e+004	 -2.6533611e+001	
  8.3007813e-001	  1.0172857e-002	 -2.4490889e+001	  2.5304015e+003	 -2.9312329e+001	
  8.7890625e-001	  1.4161552e-002	 -2.1360409e+001	  1.6477634e+003	 -2.9026335e+001	
  9.2773438e-001	  1.1050631e-002	 -2.4028196e+001	  7.2733237e+002	 -2.7811906e+001	
  9.7656250e-001	  1.4525645e-002	 -2.4293091e+001	  1.7621498e+003	 -2.8882370e+001	
  1.0253906e+000	  2.7286809e-002	 -2.6742771e+001	  6.1295229e+002	 -3.1826775e+001	
  1.0742188e+000	  6.1653515e-003	 -2.9124944e+001	  5.3449421e+002	 -3.3747558e+001	
  1.1230469e+000	  7.1267125e-003	 -3.1416847e+001	  2.8523761e+002	 -3.5040494e+001	
  1.1718750e+000	  2.6874228e-003	 -2.8391946e+001	  3.6795753e+002	 -3.2161690e+001	
  1.2207031e+000	  4.1522693e-003	 -3.0713969e+001	  4.4754641e+002	 -3.5031569e+001	
  1.2695313e+000	  5.8286766e-003	 -3.2654598e+001	  8.6016453e+002	 -3.5979539e+001	
  1.3183594e+000	  6.0623369e-003	 -3.3649445e+001	  2.0698437e+003	 -3.8547313e+001	
  1.3671875e+000	  2.7837018e-003	 -3.0701166e+001	  1.3016486e+003	 -4.1251794e+001	
  1.4160156e+000	  1.4594934e-002	 -2.8031908e+001	  3.5673925e+002	 -4.2734528e+001	
  1.4648438e+000	  8.4174555e-003	 -2.4954917e+001	  4.7098367e+002	 -4.5389436e+001	
  1.5136719e+000	  6.0222632e-003	 -2.6809208e+001	  4.1946371e+002	 -4.4034279e+001	
  1.5625000e+000	  9.1585901e-003	 -2.9792155e+001	  1.7417012e+003	 -4.0999270e+001	
  1.6113281e+000	  8.6803335e-003	 -3.2754134e+001	  1.6993622e+003	 -4.3766930e+001	
  1.6601563e+000	  4.5624059e-003	 -3.5564520e+001	  4.1567744e+002	 -4.5961091e+001	
  1.7089844e+000	  1.0410483e-002	 -3.8594176e+001	  3.0374550e+002	 -4.7090131e+001	
  1.7578125e+000	  6.1671030e-003	 -3.6524097e+001	  2.4606382e+002	 -5.0000770e+001	
  1.8066406e+000	  1.2739881e-002	 -3.3577546e+001	  4.7191504e+002	 -5.3131685e+001	
  1.8554688e+000	  2.7353317e-003	 -3.6170692e+001	  3.6517482e+002	 -5.5065155e+001	
  1.9042969e+000	  5.9303239e-003	 -3.8056441e+001	  8.0322737e+002	 -5.6407343e+001	
  1.9531250e+000	  8.6000085e-003	 -4.0539950e+001	  7.9017736e+002	 -5.8742252e+001	
  2.0019531e+000	  2.8511947e-003	 -4.3528028e+001	  5.6041018e+002	 -5.6112807e+001	
  2.0507813e+000	  5.1326690e-003	 -4.1321477e+001	  1.4046948e+003	 -5.6500047e+001	
  2.0996094e+000	  3.6263908e-003	 -3.9475041e+001	  1.0161899e+004	 -5.6111426e+001	
  2.1484375e+000	  1.2133569e-002	 -4.2104407e+001	  4.4372349e+004	 -5.8926039e+001	
  2.1972656e+000	  2.2532972e-002	 -4.4847495e+001	  5.1467474e+004	 -6.1742527e+001	
  2.2460938e+000	  6.1113469e-003	 -4.1759489e+001	  1.8525498e+004	 -6.4560271e+001	
  2.2949219e+000	  6.8947583e-003	 -3.9196159e+001	  8.3845638e+002	 -6.4245481e+001	
  2.3437500e+000	  3.2451841e-003	 -3.6839644e+001	  2.3949809e+002	 -6.3006452e+001	
  2.3925781e+000	  5.5861733e-003	 -3.9573269e+001	  6.5140451e+002	 -6.4667148e+001	
  2.4414063e+000	  7.2957728e-003	 -4.0920372e+001	  1.0314799e+003	 -6.6974036e+001	
  2.4902344e+000	  2.7399843e-003	 -4.2309801e+001	  4.9931769e+002	 -6.9073843e+001	
  2.5390625e+000	  6.3127248e-003	 -4.4100324e+001	  5.2655752e+002	 -7.1059084e+001	
  2.5878906e+000	  8.8762618e-003	 -4.4061958e+001	  2.6723797e+002	 -7.3498917e+001	
  2.6367188e+000	  3.4003344e-003	 -4.6475434e+001	  2.9408459e+002	 -7.0735775e+001	
  2.6855469e+000	  3.0008450e-003	 -4.8311420e+001	  1.0929570e+002	 -7.2141848e+001	
  2.7343750e+000	  4.2376177e-003	 -5.0112023e+001	  1.4720025e+003	 -7.3743691e+001	
  2.7832031e+000	  1.7309896e-003	 -4.7087627e+001	  2.2942827e+003	 -7.6572883e+001	
  2.8320313e+000	  2.1851695e-003	 -4.9452794e+001	  1.0936269e+003	 -7.9413965e+001	
  2.8808594e+000	  8.0010215e-003	 -5.1655012e+001	  1.1009245e+002	 -8.1020898e+001	
  2.9296875e+000	  3.7463653e-003	 -4.9141520e+001	  1.1499471e+002	 -7.8065880e+001	
  2.9785156e+000	  8.7511089e-003	 -4.6941548e+001	  9.7154756e+002	 -7.6102245e+001	
  3.0273438e+000	  8.1995069e-003	 -4.4755989e+001	  2.0402166e+003	 -7.8915144e+001	
  3.0761719e+000	  6.2940399e-003	 -4.4516110e+001	  1.4135202e+003	 -8.1560333e+001	
  3.1250000e+000	  9.4640730e-003	 -4.2214187e+001	  2.8494099e+002	 -8.2990967e+001	
  3.1738281e+000	  5.0872684e-003	 -3.9395586e+001	  2.4664028e+002	 -8.4432733e+001	
  3.2226563e+000	  3.9664990e-003	 -4.2480880e+001	  1.3079412e+002	 -8.1407559e+001	
  3.2714844e+000	  7.1495674e-003	 -4.4039596e+001	  3.6617659e+002	 -7.8335086e+001	
  3.3203125e+000	  1.1479019e-002	 -4.6497775e+001	  5.3117949e+002	 -7.9746958e+001	
  3.3691406e+000	  7.6950999e-003	 -4.7984687e+001	  9.4467123e+002	 -8.1801751e+001	
  3.4179688e+000	  4.7449300e-003	 -5.0361605e+001	  6.3202691e+002	 -8.4573895e+001	
  3.4667969e+000	  6.6320054e-003	 -5.3368941e+001	  2.6216850e+002	 -8.7670407e+001	
  3.5156250e+000	  2.5227086e-003	 -5.6234518e+001	  6.2916502e+002	 -8.8525124e+001	
  3.5644531e+000	  2.1736363e-003	 -5.8976061e+001	  1.0434403e+004	 -8.7832548e+001	
  3.6132813e+000	  4.8383767e-003	 -6.1683259e+001	  3.0468048e+004	 -9.0661462e+001	
  3.6621094e+000	  4.9410328e-003	 -6.0891823e+001	  2.7188538e+004	 -9.3479119e+001	
  3.7109375e+000	  5.3847106e-003	 -6.3691149e+001	  6.4930136e+003	 -9.6307281e+001	
  3.7597656e+000	  9.8661789e-004	 -6.6142721e+001	  9.3962085e+002	 -9.5765649e+001	
  3.8085938e+000	  2.5286394e-003	 -6.7353518e+001	  2.0344087e+002	 -9.5679710e+001	
  3.8574219e+000	  7.2217668e-003	 -6.4376479e+001	  6.4175668e+002	 -9.6138092e+001	
  3.9062500e+000	  4.4578214e-003	 -6.1730230e+001	  7.1268627e+002	 -9.8778060e+001	
  3.9550781e+000	  8.0711685e-003	 -6.4771833e+001	  4.0049074e+002	 -1.0047668e+002	
  4.0039063e+000	  6.6758689e-003	 -6.7564269e+001	  4.1328229e+002	 -1.0249765e+002	
  4.0527344e+000	  1.7780454e-003	 -7.0442136e+001	  1.7600063e+002	 -1.0528252e+002	
  4.1015625e+000	  1.5750297e-003	 -6.8416756e+001	  3.1239965e+002	 -1.0250265e+002	
  4.1503906e+000	  4.9937198e-003	 -7.1217610e+001	  4.1648643e+002	 -1.0312081e+002	
  4.1992188e+000	  2.0813141e-003	 -7.4154070e+001	  2.0672187e+003	 -1.0547286e+002	
  4.2480469e+000	  4.8517237e-003	 -7.1567431e+001	  2.3300294e+003	 -1.0822517e+002	
  4.2968750e+000	  4.2073887e-003	 -6.9701425e+001	  8.2405511e+002	 -1.1099723e+002	
  4.3457031e+000	  1.8077538e-003	 -6.7316646e+001	  9.5729241e+001	 -1.1237972e+002	
  4.3945313e+000	  2.3317294e-003	 -6.5751347e+001	  1.0527083e+002	 -1.1123958e+002	
  4.4433594e+000	  1.2306669e-003	 -6.3028360e+001	  1.2389209e+003	 -1.1429798e+002	
  4.4921875e+000	  4.6044019e-003	 -6.5428981e+001	  2.0505396e+003	 -1.1703218e+002	
  4.5410156e+000	  4.7814813e-003	 -6.7894354e+001	  1.0438029e+003	 -1.1968758e+002	
  4.5898438e+000	  1.8758989e-003	 -7.0886895e+001	  1.3330773e+002	 -1.2051664e+002	
  4.6386719e+000	  2.6613919e-003	 -6.8416921e+001	  9.7174077e+001	 -1.2236741e+002	
  4.6875000e+000	  1.8543417e-003	 -7.1334951e+001	  2.1250048e+002	 -1.2001571e+002	
  4.7363281e+000	  2.2727112e-003	 -7.3625393e+001	  3.5928934e+002	 -1.2244718e+002	
  4.7851563e+000	  2.8353143e-003	 -7.0559409e+001	  7.3878966e+002	 -1.2373342e+002	
  4.8339844e+000	  5.9174677e-003	 -6.7461996e+001	  1.0407913e+003	 -1.2606605e+002	
  4.8828125e+000	  3.5220669e-003	 -6.4532005e+001	  5.4251206e+002	 -1.2893517e+002	
  4.9316406e+000	  2.1435767e-003	 -6.1772621e+001	  2.0559455e+002	 -1.2993789e+002	
  4.9804688e+000	  6.9296774e-003	 -5.9177407e+001	  2.8671471e+002	 -1.2923663e+002	
  5.0292969e+000	  1.0769099e-002	 -5.6669531e+001	  1.1115525e+004	 -1.3214896e+002	
  5.0781250e+000	  2.9032215e-003	 -5.9803913e+001	  2.3340801e+004	 -1.3496556e+002	
  5.1269531e+000	  2.0861070e-003	 -5.9269665e+001	  1.6015858e+004	 -1.3777908e+002	
  5.1757813e+000	  8.3136694e-003	 -5.6514968e+001	  2.1822937e+003	 -1.4057771e+002	
  5.2246094e+000	  9.5039734e-003	 -5.3989514e+001	  5.4302912e+002	 -1.4021983e+002	
  5.2734375e+000	  8.3231740e-003	 -5.1092700e+001	  2.3476400e+002	 -1.3877314e+002	
  5.3222656e+000	  6.9524685e-003	 -4.8018984e+001	  8.2864590e+002	 -1.4046414e+002	
  5.3710938e+000	  9.1562267e-003	 -4.5477175e+001	  5.8685486e+002	 -1.4296212e+002	
  5.4199219e+000	  7.5098096e-003	 -4.4034680e+001	  4.4982642e+002	 -1.4432382e+002	
  5.4687500e+000	  2.9425106e-003	 -4.1059694e+001	  3.2704077e+002	 -1.4654473e+002	
  5.5175781e+000	  8.1296777e-003	 -4.3710048e+001	  5.7179148e+001	 -1.4938469e+002	
  5.5664063e+000	  7.4023378e-003	 -4.6493861e+001	  1.6790802e+002	 -1.4662261e+002	
  5.6152344e+000	  5.4441164e-003	 -4.3543680e+001	  7.8017822e+002	 -1.4706933e+002	
  5.6640625e+000	  1.2912282e-002	 -4.0956867e+001	  2.3485461e+003	 -1.4973903e+002	
  5.7128906e+000	  4.8884264e-003	 -3.7964657e+001	  2.0335143e+003	 -1.5254174e+002	
  5.7617188e+000	  1.1748770e-003	 -4.0704865e+001	  4.8344419e+002	 -1.5542733e+002	
  5.8105469e+000	  2.8653070e-003	 -4.0954046e+001	  3.9804705e+001	 -1.5603976e+002	
  5.8593750e+000	  1.1290252e-002	 -4.3587618e+001	  3.2800418e+002	 -1.5557492e+002	
  5.9082031e+000	  4.1083078e-003	 -4.6359466e+001	  1.5021172e+003	 -1.5853740e+002	
  5.9570313e+000	  6.0850270e-003	 -4.9325278e+001	  1.8882779e+003	 -1.6129457e+002	
  6.0058594e+000	  5.1528584e-003	 -4.6466356e+001	  6.5289065e+002	 -1.6387014e+002	
  6.0546875e+000	  8.5978317e-003	 -4.4652806e+001	  1.9399694e+002	 -1.6425268e+002	
  6.1035156e+000	  5.0092584e-003	 -4.2270155e+001	  6.7079869e+000	 -1.6594458e+002	
  6.1523438e+000	  6.6249479e-003	 -3.9247661e+001	  2.4457119e+002	 -1.6474748e+002	
  6.2011719e+000	  1.4476281e-003	 -4.2279414e+001	  3.2291805e+002	 -1.6648567e+002	
  6.2500000e+000	  1.8575252e-003	 -4.0309078e+001	  8.4442283e+002	 -1.6788887e+002	
  6.2988281e+000	  3.9637679e-003	 -4.3198427e+001	  9.1577660e+002	 -1.7030675e+002	
  6.3476563e+000	  6.5454445e-003	 -4.6175096e+001	  3.8057693e+002	 -1.6718570e+002	
  6.3964844e+000	  5.2948028e-003	 -4.3365946e+001	  2.8877543e+002	 -1.6768588e+002	
  6.4453125e+000	  5.4975455e-003	 -4.5775225e+001	  1.3800404e+003	 -1.6730547e+002	
  6.4941406e+000	  1.2122023e-002	 -4.6037090e+001	  1.1625296e+004	 -1.7016379e+002	
  6.5429688e+000	  6.6761191e-003	 -4.8486322e+001	  1.8287392e+004	 -1.7298396e+002	
  6.5917969e+000	  7.3749754e-003	 -5.1000666e+001	  9.4507740e+003	 -1.7579922e+002	
  6.6406250e+000	  9.3213295e-004	 -4.8691211e+001	  3.9766799e+002	 -1.7858187e+002	
  6.6894531e+000	  8.0682847e-003	 -4.7239686e+001	  2.2467046e+002	 -1.7847818e+002	
  6.7382813e+000	  9.6015912e-003	 -5.0368042e+001	  3.8385213e+002	 -1.7625628e+002	
  6.7871094e+000	  8.3940077e-003	 -5.3195071e+001	  8.4481267e+002	 -1.7849540e+002	
  6.8359375e+000	  9.8933587e-003	 -5.5656801e+001	  5.2501428e+002	 -1.8074194e+002	
  6.8847656e+000	  1.1326917e-002	 -5.8050023e+001	  5.1019736e+002	 -1.8235494e+002	
  6.9335938e+000	  6.1956348e-003	 -5.9807527e+001	  2.4195550e+002	 -1.8467000e+002	
  6.9824219e+000	  6.2066499e-003	 -6.1781763e+001	  8.6724411e+001	 -1.8245323e+002	
  7.0312500e+000	  4.1114102e-003	 -6.2474274e+001	  1.2405088e+002	 -1.8427623e+002	
  7.0800781e+000	  9.3361073e-003	 -6.4775120e+001	  1.2674394e+003	 -1.8507211e+002	
  7.1289063e+000	  5.9697837e-003	 -6.6811457e+001	  2.6464664e+003	 -1.8777515e+002	
  7.1777344e+000	  5.8714078e-003	 -6.9933243e+001	  1.7579613e+003	 -1.9056040e+002	
  7.2265625e+000	  8.7053890e-003	 -7.3058128e+001	  2.6674233e+002	 -1.9349653e+002	
  7.2753906e+000	  6.1242399e-004	 -7.5725880e+001	  3.8249649e+001	 -1.9253929e+002	
  7.3242188e+000	  5.1690650e-003	 -7.2994331e+001	  5.6965167e+002	 -1.9376404e+002	
  7.3730469e+000	  9.3950013e-003	 -7.0397433e+001	  1.7121005e+003	 -1.9654755e+002	
  7.4218750e+000	  3.2297821e-003	 -7.2871999e+001	  1.5914144e+003	 -1.9925214e+002	
  7.4707031e+000	  3.6452762e-003	 -7.4768983e+001	  3.4467512e+002	 -2.0145783e+002	
  7.5195313e+000	  3.8275261e-003	 -7.3107355e+001	  1.7772267e+002	 -2.0216776e+002	
  7.5683594e+000	  8.2915452e-003	 -7.5864819e+001	  7.3886865e+000	 -2.0126690e+002	
  7.6171875e+000	  7.6108848e-003	 -7.8344749e+001	  2.5168460e+002	 -2.0236204e+002	
  7.6660156e+000	  4.7086353e-003	 -8.0727174e+001	  4.0715160e+002	 -2.0386933e+002	
  7.7148438e+000	  2.4020428e-003	 -7.9762692e+001	  9.7313380e+002	 -2.0580508e+002	
  7.7636719e+000	  2.6326559e-003	 -8.2830656e+001	  7.9880759e+002	 -2.0826675e+002	
  7.8125000e+000	  1.7206209e-003	 -8.0264865e+001	  2.1891777e+002	 -2.1120627e+002	
  7.8613281e+000	  5.2003078e-003	 -7.7827464e+001	  3.8614973e+002	 -2.1204706e+002	
  7.9101563e+000	  2.2804345e-003	 -8.0526487e+001	  2.5361426e+003	 -2.1162166e+002	
  7.9589844e+000	  1.0471829e-002	 -8.2678037e+001	  1.1758547e+004	 -2.1446190e+002	
  8.0078125e+000	  1.0772094e-002	 -8.5055179e+001	  1.4190822e+004	 -2.1728038e+002	
  8.0566406e+000	  2.2882878e-003	 -8.7569743e+001	  5.3559651e+003	 -2.2009145e+002	
  8.1054688e+000	  3.5573497e-003	 -8.8700705e+001	  2.2322912e+002	 -2.1980567e+002	
  8.1542969e+000	  6.8461640e-003	 -9.1523854e+001	  5.5718231e+001	 -2.1828351e+002	
  8.2031250e+000	  3.0505846e-003	 -9.4407072e+001	  4.7789655e+002	 -2.2037973e+002	
  8.2519531e+000	  4.6887819e-004	 -9.1507068e+001	  8.0382335e+002	 -2.2279996e+002	
  8.3007813e+000	  5.0127331e-003	 -8.8394119e+001	  4.1957115e+002	 -2.2477962e+002	
  8.3496094e+000	  9.6277094e-003	 -8.5713957e+001	  4.1710378e+002	 -2.2639912e+002	
  8.3984375e+000	  1.6473297e-002	 -8.3532537e+001	  1.4177086e+002	 -2.2838993e+002	
  8.4472656e+000	  6.1259659e-003	 -8.6214108e+001	  1.3414439e+002	 -2.2676674e+002	
  8.4960938e+000	  7.7178686e-003	 -8.7690864e+001	  8.7796816e+001	 -2.2773008e+002	
  8.5449219e+000	  7.9441943e-003	 -8.8736251e+001	  1.6578779e+003	 -2.2928944e+002	
  8.5937500e+000	  5.2700082e-003	 -9.0594823e+001	  2.7135693e+003	 -2.3205049e+002	
  8.6425781e+000	  1.1617427e-002	 -9.1878240e+001	  1.3933144e+003	 -2.3482464e+002	
  8.6914063e+000	  6.9516318e-003	 -9.4469845e+001	  1.2376146e+002	 -2.3702570e+002	
  8.7402344e+000	  4.5722747e-003	 -9.1601665e+001	  5.3375676e+001	 -2.4015518e+002	
  8.7890625e+000	  9.1517398e-003	 -9.4273080e+001	  8.4515480e+002	 -2.3799113e+002	
  8.8378906e+000	  1.1257352e-002	 -9.6993198e+001	  1.8256454e+003	 -2.4081275e+002	
  8.8867188e+000	  3.5963014e-003	 -9.9954592e+001	  1.2805701e+003	 -2.4348614e+002	
  8.9355469e+000	  6.5978986e-003	 -9.7991057e+001	  2.3994013e+002	 -2.4511572e+002	
  8.9843750e+000	  2.5798701e-003	 -9.5034024e+001	  1.4294905e+002	 -2.4666665e+002	
  9.0332031e+000	  8.1764792e-003	 -9.6797493e+001	  1.0838193e+002	 -2.4436271e+002	
  9.0820313e+000	  1.2372031e-002	 -9.7969462e+001	  3.3059534e+002	 -2.4666776e+002	
  9.1308594e+000	  2.1634121e-003	 -1.0024353e+002	  4.8331480e+002	 -2.4786545e+002	
  9.1796875e+000	  4.7681495e-003	 -1.0249029e+002	  1.0515941e+003	 -2.5003748e+002	
  9.2285156e+000	  4.7551296e-003	 -9.9801519e+001	  7.4026824e+002	 -2.5273211e+002	
  9.2773438e+000	  5.4631925e-003	 -1.0262821e+002	  1.9633708e+002	 -2.4967147e+002	
  9.3261719e+000	  1.1259045e-002	 -1.0531168e+002	  1.8611125e+002	 -2.5003933e+002	
  9.3750000e+000	  2.9971151e-003	 -1.0821229e+002	  3.7808881e+003	 -2.4966608e+002	
  9.4238281e+000	  7.1740294e-003	 -1.0518299e+002	  1.1519827e+004	 -2.5248732e+002	
  9.4726563e+000	  3.7113696e-003	 -1.0232787e+002	  1.0638801e+004	 -2.5530383e+002	
  9.5214844e+000	  1.2254588e-002	 -1.0494915e+002	  2.6244948e+003	 -2.5811860e+002	
  9.5703125e+000	  5.5020055e-003	 -1.0674375e+002	  4.0315494e+002	 -2.5767614e+002	
  9.6191406e+000	  7.8611842e-003	 -1.0846315e+002	  1.1191681e+002	 -2.5682641e+002	
  9.6679688e+000	  3.1600263e-003	 -1.0987912e+002	  5.7360665e+002	 -2.5814832e+002	
  9.7167969e+000	  7.5185780e-003	 -1.1228232e+002	  7.2119466e+002	 -2.6062286e+002	
  9.7656250e+000	  3.8230729e-003	 -1.1478956e+002	  4.5351647e+002	 -2.6233073e+002	
  9.8144531e+000	  6.8325819e-003	 -1.1734417e+002	  3.9171517e+002	 -2.6436116e+002	
  9.8632813e+000	  4.2169652e-003	 -1.1479480e+002	  6.5818181e+001	 -2.6666884e+002	
  9.9121094e+000	  3.6031411e-003	 -1.1709162e+002	  1.6757422e+002	 -2.6452441e+002	
  9.9609375e+000	  1.2665418e-002	 -1.1929637e+002	  4.6188774e+002	 -2.6477551e+002	
  1.0009766e+001	  2.6086915e-003	 -1.2230699e+002	  2.3044479e+003	 -2.6730942e+002	
  1.0058594e+001	  4.1360152e-003	 -1.2002059e+002	  2.6904786e+003	 -2.7007942e+002	
  1.0107422e+001	  8.7556557e-003	 -1.1729668e+002	  1.0057692e+003	 -2.7286182e+002	
  1.0156250e+001	  4.2079873e-003	 -1.1512076e+002	  7.5603647e+001	 -2.7439045e+002	
  1.0205078e+001	  5.7661807e-003	 -1.1389148e+002	  7.8401228e+001	 -2.7290250e+002	
  1.0253906e+001	  8.7029393e-003	 -1.1166244e+002	  1.0396720e+003	 -2.6982670e+002	
  1.0302734e+001	  2.6227044e-003	 -1.0918365e+002	  1.8123490e+003	 -2.7255978e+002	
  1.0351563e+001	  5.8370129e-003	 -1.0723267e+002	  9.5301947e+002	 -2.7515757e+002	
  1.0400391e+001	  3.2169403e-003	 -1.0955425e+002	  2.1527870e+002	 -2.7605620e+002	
  1.0449219e+001	  4.8434244e-003	 -1.1138704e+002	  1.1415369e+002	 -2.7812004e+002	
  1.0498047e+001	  7.3340755e-003	 -1.1309090e+002	  1.8635237e+002	 -2.7585163e+002	
  1.0546875e+001	  1.3618936e-003	 -1.1523203e+002	  3.6835335e+002	 -2.7809655e+002	
  1.0595703e+001	  3.5539650e-003	 -1.1706386e+002	  6.9804084e+002	 -2.7933297e+002	
  1.0644531e+001	  9.2513688e-003	 -1.1392602e+002	  1.1003789e+003	 -2.8165792e+002	
  1.0693359e+001	  2.3935223e-003	 -1.1695507e+002	  5.9207141e+002	 -2.8436047e+002	
  1.0742188e+001	  5.5375699e-003	 -1.1388677e+002	  8.8578779e+001	 -2.8613817e+002	
  1.0791016e+001	  3.9985131e-003	 -1.1081657e+002	  1.0162810e+002	 -2.8466877e+002	
  1.0839844e+001	  2.3219032e-003	 -1.0830592e+002	  4.9093121e+003	 -2.8769209e+002	
  1.0888672e+001	  4.7149734e-003	 -1.1144562e+002	  1.0782059e+004	 -2.9051239e+002	
  1.0937500e+001	  4.2917701e-003	 -1.1424445e+002	  7.7169940e+003	 -2.9332867e+002	
  1.0986328e+001	  1.2446177e-003	 -1.1720691e+002	  1.1524548e+003	 -2.9614019e+002	
  1.1035156e+001	  3.6135054e-003	 -1.1706722e+002	  2.6915936e+002	 -2.9572014e+002	
  1.1083984e+001	  6.4161062e-003	 -1.1409428e+002	  1.8308851e+002	 -2.9429401e+002	
  1.1132813e+001	  7.9496427e-003	 -1.1111873e+002	  6.5226633e+002	 -2.9615722e+002	
  1.1181641e+001	  2.1021669e-003	 -1.1404202e+002	  5.7764710e+002	 -2.9850343e+002	
  1.1230469e+001	  1.3079244e-003	 -1.1516454e+002	  5.0489948e+002	 -2.9998096e+002	
  1.1279297e+001	  4.6489513e-003	 -1.1221069e+002	  3.7191340e+002	 -3.0216133e+002	
  1.1328125e+001	  7.0891962e-003	 -1.1493729e+002	  4.2547255e+001	 -3.0445632e+002	
  1.1376953e+001	  3.3535810e-003	 -1.1602570e+002	  1.6892355e+002	 -3.0269870e+002	
  1.1425781e+001	  8.4972434e-003	 -1.1831208e+002	  8.3981148e+002	 -3.0257296e+002	
  1.1474609e+001	  1.1943701e-003	 -1.2133446e+002	  2.7463839e+003	 -3.0530527e+002	
  1.1523438e+001	  4.7871675e-003	 -1.2112588e+002	  2.4570570e+003	 -3.0809480e+002	
  1.1572266e+001	  8.9068956e-003	 -1.2425351e+002	  5.8517278e+002	 -3.1088639e+002	
  1.1621094e+001	  4.2179749e-003	 -1.2674690e+002	  8.1966795e+001	 -3.1086743e+002	
  1.1669922e+001	  7.2525427e-003	 -1.2902372e+002	  3.1198935e+002	 -3.1130767e+002	
  1.1718750e+001	  8.0680564e-003	 -1.2655616e+002	  1.3545419e+003	 -3.1412060e+002	
  1.1767578e+001	  4.3117954e-003	 -1.2963486e+002	  1.7087810e+003	 -3.1683025e+002	
  1.1816406e+001	  2.0623036e-003	 -1.2702083e+002	  6.6957616e+002	 -3.1928555e+002	
  1.1865234e+001	  5.2387407e-003	 -1.2478749e+002	  2.0878094e+002	 -3.2036304e+002	
  1.1914063e+001	  7.6095778e-003	 -1.2220596e+002	  2.6566877e+001	 -3.2304883e+002	
  1.1962891e+001	  1.8926977e-003	 -1.1913225e+002	  2.0238555e+002	 -3.2011416e+002	
  1.2011719e+001	  2.9843763e-003	 -1.1885979e+002	  3.1705949e+002	 -3.2198677e+002	
  1.2060547e+001	  2.5748430e-003	 -1.1575244e+002	  8.4564127e+002	 -3.2348068e+002	
  1.2109375e+001	  7.6917810e-003	 -1.1285270e+002	  9.9509790e+002	 -3.2596503e+002	
  1.2158203e+001	  7.4167643e-003	 -1.1020666e+002	  3.8776240e+002	 -3.2881168e+002	
  1.2207031e+001	  5.4166924e-003	 -1.1291556e+002	  1.6519501e+002	 -3.2949454e+002	
  1.2255859e+001	  6.6391382e-003	 -1.1378032e+002	  6.4855033e+002	 -3.2914706e+002	
  1.2304688e+001	  2.2852395e-003	 -1.1588600e+002	  5.9655530e+003	 -3.3199139e+002	
  1.2353516e+001	  7.7931820e-004	 -1.1822912e+002	  9.7238103e+003	 -3.3481128e+002	
  1.2402344e+001	  1.0679528e-002	 -1.2117751e+002	  5.2282866e+003	 -3.3762408e+002	
  1.2451172e+001	  1.2614453e-002	 -1.2419075e+002	  2.6731265e+002	 -3.4028781e+002	
  1.2500000e+001	  4.0920735e-003	 -1.2728773e+002	  1.5094673e+002	 -3.4031592e+002	
  1.2548828e+001	  9.8935154e-003	 -1.3036866e+002	  2.9329363e+002	 -3.3790947e+002	
  1.2597656e+001	  5.8080238e-003	 -1.2863690e+002	  7.5317713e+002	 -3.4026246e+002	
  1.2646484e+001	  6.7701660e-003	 -1.3149322e+002	  5.4853218e+002	 -3.4248477e+002	
  1.2695313e+001	  7.2517137e-003	 -1.3406602e+002	  5.0095451e+002	 -3.4413172e+002	
  1.2744141e+001	  7.4106101e-003	 -1.3175561e+002	  2.5875628e+002	 -3.4631058e+002	
  1.2792969e+001	  3.3544454e-003	 -1.2866944e+002	  6.7981885e+001	 -3.4389023e+002	
  1.2841797e+001	  4.9457358e-003	 -1.3153424e+002	  1.3025549e+002	 -3.4661200e+002	
  1.2890625e+001	  2.8459782e-003	 -1.3431105e+002	  1.3451861e+003	 -3.4683482e+002	
  1.2939453e+001	  2.1826851e-003	 -1.3699745e+002	  3.0347468e+003	 -3.4959738e+002	
  1.2988281e+001	  4.8151932e-003	 -1.3677402e+002	  2.1287287e+003	 -3.5239645e+002	
  1.3037109e+001	  1.6570474e-003	 -1.3877427e+002	  3.8413574e+002	 -3.5517667e+002	
  1.3085938e+001	  8.9340499e-003	 -1.4143175e+002	  2.3202796e+001	 -3.5604487e+002	
  1.3134766e+001	  6.6208232e-003	 -1.3884548e+002	  5.0074544e+002	 -3.5558667e+002	
  1.3183594e+001	  9.2286694e-003	 -1.3627311e+002	  1.5147190e+003	 -3.5839664e+002	
  1.3232422e+001	  4.4232483e-003	 -1.3848020e+002	  1.4389367e+003	 -3.6109993e+002	
  1.3281250e+001	  4.0698204e-003	 -1.4076317e+002	  3.1224226e+002	 -3.6337058e+002	
  1.3330078e+001	  6.9002838e-003	 -1.3765531e+002	  1.7380112e+002	 -3.6379870e+002	
  1.3378906e+001	  4.0795357e-003	 -1.3948787e+002	  2.4262958e+001	 -3.6466344e+002	
  1.3427734e+001	  6.1479331e-003	 -1.4208930e+002	  2.6210522e+002	 -3.6446581e+002	
  1.3476563e+001	  3.9121516e-003	 -1.4487211e+002	  3.2823692e+002	 -3.6585615e+002	
  1.3525391e+001	  4.7402155e-003	 -1.4742073e+002	  1.0211797e+003	 -3.6768483e+002	
  1.3574219e+001	  5.7179522e-003	 -1.5008184e+002	  9.3245615e+002	 -3.7030309e+002	
  1.3623047e+001	  9.7338892e-003	 -1.5266901e+002	  2.7320630e+002	 -3.7337503e+002	
  1.3671875e+001	  9.9596821e-003	 -1.5554799e+002	  1.8753391e+002	 -3.7368551e+002	
  1.3720703e+001	  7.7986542e-003	 -1.5865069e+002	  1.3549377e+003	 -3.7347489e+002	
  1.3769531e+001	  1.5443977e-003	 -1.6074146e+002	  6.6685667e+003	 -3.7630425e+002	
  1.3818359e+001	  7.7294562e-003	 -1.6190549e+002	  8.3319760e+003	 -3.7912289e+002	
  1.3867188e+001	  6.1506569e-003	 -1.6408850e+002	  3.2700359e+003	 -3.8193257e+002	
  1.3916016e+001	  9.0592146e-003	 -1.6529951e+002	  1.1430774e+002	 -3.8219439e+002	
  1.3964844e+001	  1.4113063e-002	 -1.6774609e+002	  1.5552123e+002	 -3.8016603e+002	
  1.4013672e+001	  1.1586064e-002	 -1.7045265e+002	  4.5276990e+002	 -3.8231357e+002	
  1.4062500e+001	  7.7989351e-003	 -1.7335917e+002	  7.4562829e+002	 -3.8456532e+002	
  1.4111328e+001	  8.4207937e-003	 -1.7287309e+002	  5.2487834e+002	 -3.8652367e+002	
  1.4160156e+001	  5.1716886e-003	 -1.7587532e+002	  5.2948762e+002	 -3.8842107e+002	
  1.4208984e+001	  5.5949397e-003	 -1.7608689e+002	  2.5112548e+002	 -3.9067710e+002	
  1.4257813e+001	  1.6717032e-003	 -1.7389938e+002	  1.6008518e+002	 -3.8766643e+002	
  1.4306641e+001	  4.6197646e-003	 -1.7167630e+002	  1.8930888e+002	 -3.8909859e+002	
  1.4355469e+001	  6.1102963e-003	 -1.6888324e+002	  1.9584511e+003	 -3.9112287e+002	
  1.4404297e+001	  3.9201411e-003	 -1.6655027e+002	  3.1699240e+003	 -3.9389600e+002	
  1.4453125e+001	  2.5187155e-003	 -1.6967046e+002	  1.6878911e+003	 -3.9670226e+002	
  1.4501953e+001	  4.7085835e-003	 -1.6684979e+002	  1.8745213e+002	 -3.9365860e+002	
  1.4550781e+001	  9.8320877e-003	 -1.6986492e+002	  1.9822360e+002	 -3.9129875e+002	
  1.4599609e+001	  1.1598828e-002	 -1.7258070e+002	  8.2767938e+002	 -3.9366751e+002	
  1.4648438e+001	  1.8087152e-003	 -1.6977438e+002	  1.6641428e+003	 -3.9630217e+002	
  1.4697266e+001	  9.2249455e-003	 -1.6832543e+002	  1.2547973e+003	 -3.9887117e+002	
  1.4746094e+001	  4.6815871e-003	 -1.7077683e+002	  2.9557089e+002	 -4.0071265e+002	
  1.4794922e+001	  5.0084648e-003	 -1.7306497e+002	  1.5728425e+002	 -4.0161069e+002	
  1.4843750e+001	  1.1256739e-003	 -1.7002314e+002	  9.1104684e+001	 -3.9874415e+002	
  1.4892578e+001	  1.9020950e-004	 -1.7255917e+002	  3.1053981e+002	 -3.9570062e+002	
  1.4941406e+001	  8.5482359e-003	 -1.7543993e+002	  4.8908112e+002	 -3.9685915e+002	
  1.4990234e+001	  3.1645387e-003	 -1.7311888e+002	  1.1521971e+003	 -3.9917959e+002	
  1.5039063e+001	  4.5598457e-003	 -1.7109171e+002	  7.9171425e+002	 -4.0192778e+002	
  1.5087891e+001	  5.2179225e-003	 -1.6797951e+002	  1.7531190e+002	 -3.9894120e+002	
  1.5136719e+001	  1.1119168e-002	 -1.7042124e+002	  9.8127263e+001	 -3.9920822e+002	
  1.5185547e+001	  9.0463062e-003	 -1.7238072e+002	  2.1623725e+003	 -3.9894366e+002	
  1.5234375e+001	  4.4641481e-003	 -1.6964249e+002	  6.9238733e+003	 -4.0174932e+002	
  1.5283203e+001	  1.5175173e-002	 -1.6823040e+002	  6.6579706e+003	 -4.0454648e+002	
  1.5332031e+001	  6.2829610e-003	 -1.6524134e+002	  1.7163476e+003	 -4.0731817e+002	
  1.5380859e+001	  5.7453386e-003	 -1.6290364e+002	  3.3812969e+002	 -4.0675678e+002	
  1.5429688e+001	  5.2292260e-003	 -1.6263962e+002	  5.1520644e+001	 -4.0855499e+002	
  1.5478516e+001	  1.8320888e-003	 -1.6566397e+002	  5.1838585e+002	 -4.0747002e+002	
  1.5527344e+001	  4.2044726e-003	 -1.6836498e+002	  6.5058944e+002	 -4.1000504e+002	
  1.5576172e+001	  9.0663837e-003	 -1.7128379e+002	  4.4254154e+002	 -4.1142883e+002	
  1.5625000e+001	  1.5300217e-003	 -1.6827888e+002	  4.7811157e+002	 -4.1359151e+002	
  1.5673828e+001	  3.6091334e-003	 -1.6532446e+002	  6.8305887e+001	 -4.1643094e+002	
  1.5722656e+001	  4.9167998e-003	 -1.6763017e+002	  2.1447626e+002	 -4.1424073e+002	
  1.5771484e+001	  6.5471148e-003	 -1.7012264e+002	  4.5439454e+002	 -4.1390032e+002	
  1.5820313e+001	  7.2840122e-003	 -1.7313215e+002	  2.6368108e+003	 -4.1656286e+002	
  1.5869141e+001	  4.5855820e-003	 -1.7616371e+002	  3.1839110e+003	 -4.1934845e+002	
  1.5917969e+001	  3.4753453e-003	 -1.7804502e+002	  1.1887360e+003	 -4.2217841e+002	
  1.5966797e+001	  9.1712854e-003	 -1.8015002e+002	  2.8540323e+001	 -4.2080821e+002	
  1.6015625e+001	  1.1053659e-002	 -1.8254118e+002	  1.3265882e+002	 -4.2241843e+002	
  1.6064453e+001	  2.7921032e-003	 -1.7940621e+002	  9.4321360e+002	 -4.2535546e+002	
  1.6113281e+001	  1.0482902e-002	 -1.7679654e+002	  1.6285244e+003	 -4.2810146e+002	
  1.6162109e+001	  6.2780681e-003	 -1.7945570e+002	  9.1942760e+002	 -4.3067566e+002	
  1.6210938e+001	  4.6040310e-003	 -1.8120941e+002	  2.1048739e+002	 -4.3196696e+002	
  1.6259766e+001	  3.7146724e-003	 -1.8380618e+002	  6.9263117e+001	 -4.3353321e+002	
  1.6308594e+001	  6.9864368e-003	 -1.8678265e+002	  1.0332769e+002	 -4.3155715e+002	
  1.6357422e+001	  1.1910431e-002	 -1.8940736e+002	  2.6246124e+002	 -4.3355702e+002	
  1.6406250e+001	  2.5805612e-003	 -1.9235011e+002	  7.2630076e+002	 -4.3475962e+002	
  1.6455078e+001	  7.7661119e-003	 -1.9109432e+002	  1.1881778e+003	 -4.3724028e+002	
  1.6503906e+001	  4.4203387e-003	 -1.8977727e+002	  6.3382472e+002	 -4.4002168e+002	
  1.6552734e+001	  4.3484112e-003	 -1.8730517e+002	  8.2810109e+001	 -4.4312002e+002	
  1.6601563e+001	  2.8102747e-003	 -1.9028639e+002	  1.1431539e+002	 -4.4015008e+002	
  1.6650391e+001	  3.5573022e-003	 -1.9298500e+002	  3.0697118e+003	 -4.4322518e+002	
  1.6699219e+001	  4.3691146e-004	 -1.9535468e+002	  6.9235397e+003	 -4.4604619e+002	
  1.6748047e+001	  2.2555810e-003	 -1.9539835e+002	  5.0974078e+003	 -4.4884936e+002	
  1.6796875e+001	  2.1233352e-003	 -1.9247267e+002	  7.7521156e+002	 -4.5159431e+002	
  1.6845703e+001	  4.4603157e-003	 -1.9028507e+002	  2.3777286e+002	 -4.5106385e+002	
  1.6894531e+001	  4.5884018e-003	 -1.8827575e+002	  8.4948615e+001	 -4.4910855e+002	
  1.6943359e+001	  6.2845434e-003	 -1.8579487e+002	  6.2899506e+002	 -4.5160311e+002	
  1.6992188e+001	  7.3436933e-003	 -1.8308334e+002	  5.6085807e+002	 -4.5399895e+002	
  1.7041016e+001	  8.7613300e-003	 -1.8027813e+002	  5.1349062e+002	 -4.5546546e+002	
  1.7089844e+001	  6.0317172e-003	 -1.8337173e+002	  3.6238055e+002	 -4.5781284e+002	
  1.7138672e+001	  3.4079198e-003	 -1.8599188e+002	  4.6833758e+001	 -4.5602232e+002	
  1.7187500e+001	  4.0324551e-003	 -1.8565722e+002	  2.2367440e+002	 -4.5843466e+002	
  1.7236328e+001	  8.7352414e-003	 -1.8757624e+002	  9.4407985e+002	 -4.5812616e+002	
  1.7285156e+001	  1.1744216e-002	 -1.8888401e+002	  3.2260595e+003	 -4.6085949e+002	
  1.7333984e+001	  3.4101319e-003	 -1.9107474e+002	  3.0186900e+003	 -4.6365670e+002	
  1.7382813e+001	  3.1400340e-003	 -1.9167228e+002	  8.3199326e+002	 -4.6650013e+002	
  1.7431641e+001	  3.7772306e-003	 -1.9307312e+002	  4.7853791e+001	 -4.6686459e+002	
  1.7480469e+001	  9.9069686e-003	 -1.9561934e+002	  2.1716152e+002	 -4.6652008e+002	
  1.7529297e+001	  2.3064412e-003	 -1.9867544e+002	  1.1620050e+003	 -4.6960556e+002	
  1.7578125e+001	  3.2775207e-003	 -1.9732346e+002	  1.5667104e+003	 -4.7234997e+002	
  1.7626953e+001	  6.0405572e-003	 -2.0039759e+002	  5.9012419e+002	 -4.7483500e+002	
  1.7675781e+001	  5.4165014e-003	 -2.0331325e+002	  2.0818263e+002	 -4.7544731e+002	
  1.7724609e+001	  1.8940883e-003	 -2.0068015e+002	  4.8330008e+001	 -4.7676228e+002	
  1.7773438e+001	  5.3502269e-003	 -1.9845641e+002	  1.7348681e+002	 -4.7588667e+002	
  1.7822266e+001	  9.1912716e-003	 -1.9596351e+002	  3.0326910e+002	 -4.7748120e+002	
  1.7871094e+001	  9.4277338e-003	 -1.9344175e+002	  9.5170374e+002	 -4.7902118e+002	
  1.7919922e+001	  6.2204476e-003	 -1.9034911e+002	  1.1606547e+003	 -4.8157688e+002	
  1.7968750e+001	  2.1643366e-003	 -1.8790760e+002	  4.7358576e+002	 -4.8446287e+002	
  1.8017578e+001	  7.8795808e-003	 -1.8515927e+002	  2.9786418e+001	 -4.8481435e+002	
  1.8066406e+001	  8.3824684e-004	 -1.8764483e+002	  3.9730921e+002	 -4.8469680e+002	
  1.8115234e+001	  7.8982600e-003	 -1.9049753e+002	  3.8322679e+003	 -4.8753805e+002	
  1.8164063e+001	  5.4947916e-003	 -1.9363658e+002	  6.5433372e+003	 -4.9035552e+002	
  1.8212891e+001	  1.8102694e-003	 -1.9607576e+002	  3.6558840e+003	 -4.9316428e+002	
  1.8261719e+001	  8.7340296e-003	 -1.9840530e+002	  1.4755371e+002	 -4.9600156e+002	
  1.8310547e+001	  1.7519813e-003	 -2.0113041e+002	  1.9657366e+002	 -4.9534974e+002	
  1.8359375e+001	  7.5087698e-003	 -1.9800052e+002	  2.4439384e+002	 -4.9341875e+002	
  1.8408203e+001	  8.6486719e-003	 -2.0097276e+002	  7.1560907e+002	 -4.9594841e+002	
  1.8457031e+001	  4.6016032e-003	 -2.0359830e+002	  5.1696331e+002	 -4.9811896e+002	
  1.8505859e+001	  1.3825628e-003	 -2.0065332e+002	  5.5042640e+002	 -4.9969204e+002	
  1.8554688e+001	  4.1992603e-003	 -1.9860336e+002	  2.9088197e+002	 -5.0204464e+002	
  1.8603516e+001	  5.7191832e-003	 -1.9564693e+002	  7.5828417e+001	 -4.9983985e+002	
  1.8652344e+001	  6.0476711e-003	 -1.9844605e+002	  1.3136212e+002	 -5.0209251e+002	
  1.8701172e+001	  2.0467587e-003	 -2.0113215e+002	  1.6042618e+003	 -5.0241414e+002	
  1.8750000e+001	  1.0166919e-002	 -2.0397592e+002	  3.6777045e+003	 -5.0515826e+002	
  1.8798828e+001	  3.4952622e-003	 -2.0676363e+002	  2.6269557e+003	 -5.0795040e+002	
  1.8847656e+001	  3.0130747e-003	 -2.0484864e+002	  4.3265220e+002	 -5.1077086e+002	
  1.8896484e+001	  3.9927123e-003	 -2.0795510e+002	  7.1348566e+001	 -5.1024224e+002	
  1.8945313e+001	  4.3403220e-003	 -2.1087577e+002	  4.3718836e+002	 -5.1119838e+002	
  1.8994141e+001	  1.9222717e-003	 -2.0901243e+002	  1.3472551e+003	 -5.1397139e+002	
  1.9042969e+001	  6.2014795e-003	 -2.0616164e+002	  1.3466800e+003	 -5.1664311e+002	
  1.9091797e+001	  6.7202925e-003	 -2.0911384e+002	  3.4815216e+002	 -5.1876777e+002	
  1.9140625e+001	  4.3693343e-003	 -2.1103549e+002	  2.4433984e+002	 -5.1976284e+002	
  1.9189453e+001	  1.2241255e-002	 -2.1258861e+002	  6.2230843e+001	 -5.2288311e+002	
  1.9238281e+001	  1.0286464e-002	 -2.1498322e+002	  2.4823804e+002	 -5.1980447e+002	
  1.9287109e+001	  7.1334708e-003	 -2.1697795e+002	  3.9025793e+002	 -5.2115311e+002	
  1.9335938e+001	  8.5776610e-003	 -2.1727919e+002	  1.1564361e+003	 -5.2319442e+002	
  1.9384766e+001	  2.7609532e-003	 -2.1438743e+002	  1.0723738e+003	 -5.2582851e+002	
  1.9433594e+001	  4.1614176e-003	 -2.1350269e+002	  3.3405355e+002	 -5.2869665e+002	
  1.9482422e+001	  6.5006403e-003	 -2.1043331e+002	  1.2947661e+002	 -5.2950708e+002	
  1.9531250e+001	  3.5122423e-003	 -2.1287789e+002	  8.4917061e+002	 -5.2900612e+002	
  1.9580078e+001	  4.6174300e-003	 -2.1445642e+002	  4.4914830e+003	 -5.3184209e+002	
  1.9628906e+001	  2.9712022e-003	 -2.1701497e+002	  5.8273466e+003	 -5.3464901e+002	
  1.9677734e+001	  4.5166778e-003	 -2.1513260e+002	  2.3507618e+003	 -5.3743079e+002	
  1.9726563e+001	  1.0774900e-002	 -2.1792413e+002	  1.5325562e+002	 -5.3740334e+002	
  1.9775391e+001	  1.5445308e-002	 -2.2094415e+002	  6.4882803e+001	 -5.4011581e+002	
  1.9824219e+001	  7.8729119e-003	 -2.2389498e+002	  3.5202976e+002	 -5.3770361e+002	
  1.9873047e+001	  1.0126346e-002	 -2.2429030e+002	  6.2690894e+002	 -5.4015023e+002	
  1.9921875e+001	  4.1175086e-003	 -2.2674940e+002	  4.3438553e+002	 -5.4186847e+002	
  1.9970703e+001	  6.3136141e-003	 -2.2864221e+002	  5.3995314e+002	 -5.4379375e+002	
  2.0019531e+001	  5.2599827e-003	 -2.2641351e+002	  1.7744737e+002	 -5.4601984e+002	
  2.0068359e+001	  8.2021024e-003	 -2.2341984e+002	  9.1695818e+001	 -5.4416898e+002	
  2.0117188e+001	  7.0479323e-003	 -2.2081598e+002	  1.9802363e+002	 -5.4440136e+002	
  2.0166016e+001	  8.7233275e-003	 -2.1973157e+002	  2.3810378e+003	 -5.4667563e+002	
  2.0214844e+001	  6.2764089e-003	 -2.2281372e+002	  3.9251172e+003	 -5.4944619e+002	
  2.0263672e+001	  9.1174275e-003	 -2.2199488e+002	  2.1059836e+003	 -5.5225261e+002	
  2.0312500e+001	  4.5109452e-003	 -2.2351551e+002	  1.6026108e+002	 -5.5514048e+002	
  2.0361328e+001	  1.0177136e-002	 -2.2487074e+002	  1.3745799e+001	 -5.5304310e+002	
  2.0410156e+001	  5.8703091e-003	 -2.2785604e+002	  5.9324452e+002	 -5.5540093e+002	
  2.0458984e+001	  2.7604963e-003	 -2.3088168e+002	  1.4037575e+003	 -5.5821752e+002	
  2.0507813e+001	  3.9973081e-003	 -2.3374250e+002	  1.0733752e+003	 -5.6085081e+002	
  2.0556641e+001	  5.5318273e-003	 -2.3654441e+002	  2.4791126e+002	 -5.6253189e+002	
  2.0605469e+001	  5.2807292e-003	 -2.3918612e+002	  1.1808013e+002	 -5.6416255e+002	
  2.0654297e+001	  5.0993977e-003	 -2.3610019e+002	  7.5255425e+001	 -5.6217069e+002	
  2.0703125e+001	  6.1689289e-003	 -2.3846120e+002	  2.6222615e+002	 -5.6399573e+002	
  2.0751953e+001	  2.3341457e-003	 -2.3939958e+002	  5.3379180e+002	 -5.6509978e+002	
  2.0800781e+001	  6.5605607e-003	 -2.4119987e+002	  1.2585800e+003	 -5.6740627e+002	
  2.0849609e+001	  6.7427243e-004	 -2.4340169e+002	  9.2558063e+002	 -5.7005657e+002	
  2.0898438e+001	  3.3516128e-003	 -2.4466303e+002	  2.0568989e+002	 -5.7284067e+002	
  2.0947266e+001	  5.5357384e-003	 -2.4699358e+002	  9.0279202e+001	 -5.7386956e+002	
  2.0996094e+001	  6.0594651e-003	 -2.4902683e+002	  1.4822068e+003	 -5.7330812e+002	
  2.1044922e+001	  5.6252254e-003	 -2.4981390e+002	  4.9217369e+003	 -5.7613924e+002	
  2.1093750e+001	  6.7267739e-003	 -2.5223962e+002	  4.8848241e+003	 -5.7895002e+002	
  2.1142578e+001	  4.6322098e-003	 -2.4947921e+002	  1.3336328e+003	 -5.8174081e+002	
  2.1191406e+001	  3.1273137e-003	 -2.4666542e+002	  2.2027685e+002	 -5.8134466e+002	
  2.1240234e+001	  3.8988634e-003	 -2.4472990e+002	  6.5191633e+001	 -5.7938269e+002	
  2.1289063e+001	  1.0614565e-002	 -2.4737481e+002	  5.3211623e+002	 -5.8185751e+002	
  2.1337891e+001	  5.7541930e-003	 -2.5007873e+002	  6.7335105e+002	 -5.8428453e+002	
  2.1386719e+001	  3.5024169e-003	 -2.5304262e+002	  5.0606908e+002	 -5.8586422e+002	
  2.1435547e+001	  1.8108167e-003	 -2.4991905e+002	  5.0315923e+002	 -5.8795762e+002	
  2.1484375e+001	  3.7050334e-003	 -2.5253342e+002	  1.1276589e+002	 -5.9015798e+002	
  2.1533203e+001	  7.7683619e-003	 -2.5517349e+002	  1.7967642e+002	 -5.8856153e+002	
  2.1582031e+001	  2.7156614e-004	 -2.5257184e+002	  5.5824240e+002	 -5.8819306e+002	
  2.1630859e+001	  9.6912458e-003	 -2.5013433e+002	  3.1908591e+003	 -5.9093898e+002	
  2.1679688e+001	  6.6824777e-003	 -2.5312753e+002	  3.9950367e+003	 -5.9374134e+002	
  2.1728516e+001	  3.9642829e-003	 -2.5498773e+002	  1.5990733e+003	 -5.9655315e+002	
  2.1777344e+001	  1.0725476e-002	 -2.5729476e+002	  2.5770467e+001	 -5.9722713e+002	
  2.1826172e+001	  4.4433482e-003	 -2.5473202e+002	  6.8647387e+001	 -5.9728526e+002	
  2.1875000e+001	  7.7429372e-003	 -2.5283787e+002	  8.2177902e+002	 -5.9978631e+002	
  2.1923828e+001	  7.4266152e-003	 -2.5515232e+002	  1.4659115e+003	 -6.0249470e+002	
  2.1972656e+001	  1.4812391e-002	 -2.5720324e+002	  8.0631218e+002	 -6.0501478e+002	
  2.2021484e+001	  1.0538317e-003	 -2.5976584e+002	  2.6283378e+002	 -6.0596444e+002	
  2.2070313e+001	  1.3013370e-003	 -2.5700143e+002	  1.4839327e+002	 -6.0786902e+002	
  2.2119141e+001	  4.4717978e-003	 -2.6008069e+002	  1.0595252e+002	 -6.0606646e+002	
  2.2167969e+001	  3.6428496e-003	 -2.6312164e+002	  2.3308769e+002	 -6.0813884e+002	
  2.2216797e+001	  1.9686671e-003	 -2.6622568e+002	  7.6651772e+002	 -6.0912704e+002	
  2.2265625e+001	  6.0734714e-003	 -2.6903662e+002	  1.3179729e+003	 -6.1166554e+002	
  2.2314453e+001	  9.8164389e-003	 -2.7174611e+002	  6.9039265e+002	 -6.1441851e+002	
  2.2363281e+001	  1.2016745e-002	 -2.7421162e+002	  4.7483349e+001	 -6.1732744e+002	
  2.2412109e+001	  9.3538367e-003	 -2.7626230e+002	  2.9746232e+001	 -6.1480708e+002	
  2.2460938e+001	  6.1838022e-003	 -2.7835489e+002	  2.1531340e+003	 -6.1762875e+002	
  2.2509766e+001	  4.3819006e-003	 -2.7855020e+002	  5.0971727e+003	 -6.2044507e+002	
  2.2558594e+001	  3.7020683e-003	 -2.8013381e+002	  3.8875621e+003	 -6.2324576e+002	
  2.2607422e+001	  1.4093832e-002	 -2.8265599e+002	  6.0733446e+002	 -6.2597015e+002	
  2.2656250e+001	  2.9344198e-003	 -2.8567583e+002	  2.2213399e+002	 -6.2564426e+002	
  2.2705078e+001	  7.9367795e-003	 -2.8456279e+002	  1.2108131e+002	 -6.2361326e+002	
  2.2753906e+001	  4.0495481e-003	 -2.8734648e+002	  5.9060193e+002	 -6.2610743e+002	
  2.2802734e+001	  1.5041066e-003	 -2.8678510e+002	  5.5058700e+002	 -6.2843942e+002	
  2.2851563e+001	  8.5386889e-003	 -2.8980354e+002	  5.6604396e+002	 -6.2991742e+002	
  2.2900391e+001	  8.0062442e-003	 -2.9261388e+002	  4.4456082e+002	 -6.3226971e+002	
  2.2949219e+001	  7.6227184e-003	 -2.9493866e+002	  3.2499886e+001	 -6.3473477e+002	
  2.2998047e+001	  7.4330999e-004	 -2.9663754e+002	  1.8365913e+002	 -6.3276656e+002	
  2.3046875e+001	  6.5598491e-003	 -2.9923541e+002	  1.1368572e+003	 -6.3248690e+002	
  2.3095703e+001	  7.7764580e-003	 -2.9657574e+002	  3.9278960e+003	 -6.3524201e+002	
  2.3144531e+001	  6.4855698e-003	 -2.9429527e+002	  3.8053306e+003	 -6.3804474e+002	
  2.3193359e+001	  5.6031280e-003	 -2.9256790e+002	  1.1114822e+003	 -6.4086600e+002	
  2.3242188e+001	  5.0003235e-003	 -2.8984435e+002	  4.1470757e+001	 -6.4122185e+002	
  2.3291016e+001	  4.2152883e-003	 -2.8672930e+002	  2.0261829e+002	 -6.4102286e+002	
  2.3339844e+001	  3.2242699e-003	 -2.8953931e+002	  1.0033352e+003	 -6.4404699e+002	
  2.3388672e+001	  9.6887686e-004	 -2.8775214e+002	  1.3557021e+003	 -6.4674052e+002	
  2.3437500e+001	  4.2508334e-003	 -2.8464700e+002	  5.2198287e+002	 -6.4904292e+002	
  2.3486328e+001	  3.9515204e-003	 -2.8572167e+002	  3.1826247e+002	 -6.5000637e+002	
  2.3535156e+001	  1.0162941e-002	 -2.8800758e+002	  9.6911162e+001	 -6.5240890e+002	
  2.3583984e+001	  5.8992361e-003	 -2.9088661e+002	  1.5373214e+002	 -6.5021168e+002	
  2.3632813e+001	  5.4121976e-003	 -2.8934529e+002	  2.2476747e+002	 -6.5168932e+002	
  2.3681641e+001	  8.4108473e-003	 -2.8648898e+002	  1.0066076e+003	 -6.5331248e+002	
  2.3730469e+001	  4.4853063e-003	 -2.8940499e+002	  1.2691217e+003	 -6.5593682e+002	
  2.3779297e+001	  1.9491936e-003	 -2.9183714e+002	  4.8001030e+002	 -6.5870359e+002	
  2.3828125e+001	  5.1923325e-003	 -2.9415860e+002	  1.0112297e+002	 -6.5926053e+002	
  2.3876953e+001	  1.8119370e-003	 -2.9492068e+002	  2.1071619e+002	 -6.5914716e+002	
  2.3925781e+001	  9.0506863e-003	 -2.9714279e+002	  2.7759237e+003	 -6.6193808e+002	
  2.3974609e+001	  1.1771735e-002	 -3.0012541e+002	  4.9178572e+003	 -6.6474917e+002	
  2.4023438e+001	  5.0683947e-003	 -2.9803783e+002	  2.8230985e+003	 -6.6754870e+002	
  2.4072266e+001	  4.3963637e-003	 -2.9521816e+002	  1.5143673e+002	 -6.7029060e+002	
  2.4121094e+001	  6.4450262e-003	 -2.9639928e+002	  1.0591201e+002	 -6.6934340e+002	
  2.4169922e+001	  5.0911404e-003	 -2.9915258e+002	  1.4194851e+002	 -6.6828485e+002	
  2.4218750e+001	  3.2511453e-003	 -2.9610373e+002	  5.2542191e+002	 -6.7032003e+002	
  2.4267578e+001	  4.0079899e-003	 -2.9432473e+002	  4.4674079e+002	 -6.7227274e+002	
  2.4316406e+001	  4.2467087e-003	 -2.9130637e+002	  5.8018403e+002	 -6.7404229e+002	
  2.4365234e+001	  6.0495239e-003	 -2.9394379e+002	  2.6493526e+002	 -6.7655731e+002	
  2.4414063e+001	  7.6386522e-003	 -2.9581719e+002	  1.1624065e+002	 -6.7479708e+002	
  2.4462891e+001	  1.0089501e-003	 -2.9845205e+002	  1.3834017e+002	 -6.7677323e+002	
  2.4511719e+001	  6.5417915e-003	 -3.0137173e+002	  1.8842588e+003	 -6.7678234e+002	
  2.4560547e+001	  1.0087788e-002	 -3.0432895e+002	  4.4633290e+003	 -6.7954210e+002	
  2.4609375e+001	  6.6127406e-003	 -3.0147002e+002	  3.3143942e+003	 -6.8234907e+002	
  2.4658203e+001	  4.3869627e-003	 -2.9987314e+002	  6.2849083e+002	 -6.8523378e+002	
  2.4707031e+001	  8.3942871e-003	 -2.9685718e+002	  6.4115941e+001	 -6.8438363e+002	
  2.4755859e+001	  3.5076340e-003	 -2.9422244e+002	  3.7486021e+002	 -6.8562908e+002	
  2.4804688e+001	  4.2245645e-003	 -2.9361815e+002	  1.2171006e+003	 -6.8838006e+002	
  2.4853516e+001	  5.9242099e-003	 -2.9106106e+002	  1.2813294e+003	 -6.9099688e+002	
  2.4902344e+001	  7.8819988e-003	 -2.9061109e+002	  3.9030462e+002	 -6.9312603e+002	
  2.4951172e+001	  2.7307973e-003	 -2.8798071e+002	  2.0362738e+002	 -6.9419370e+002	
  2.5000000e+001	  4.9112560e-003	 -2.8588493e+002	  5.6471125e+000	 -6.9115038e+002	
