  0.0000000e+000	  7.1277504e+004	  3.0893874e+002	  1.2765893e-001	
  2.0000000e-002	  7.1998390e+004	  3.0894174e+002	  2.3189987e-001	
  4.4000000e-002	  7.1683002e+004	  3.0894533e+002	 -9.6042255e-002	
  6.4000000e-002	  7.1521213e+004	  3.0894832e+002	  6.2871054e-002	
  8.0000000e-002	  7.1615419e+004	  3.0895071e+002	  1.6065475e-001	
  1.0000000e-001	  7.1402431e+004	  3.0895370e+002	 -1.3334385e-001	
  1.2000000e-001	  7.1658427e+004	  3.0895668e+002	  6.7400217e-002	
  1.4000000e-001	  7.1291840e+004	  3.0895965e+002	  1.7536261e-002	
  1.6200000e-001	  7.1482301e+004	  3.0896292e+002	 -4.6807628e-002	
  1.8000000e-001	  7.1828408e+004	  3.0896559e+002	 -1.0295431e-001	
  1.9900000e-001	  7.1252928e+004	  3.0896841e+002	 -1.2467080e-001	
  2.2000000e-001	  7.1644091e+004	  3.0897151e+002	 -3.0251349e-001	
  2.4000000e-001	  7.1809975e+004	  3.0897447e+002	 -1.7505898e-001	
  2.6300000e-001	  7.1775161e+004	  3.0897786e+002	 -2.0164224e-001	
  2.7900000e-001	  7.1613371e+004	  3.0898022e+002	 -6.0180146e-002	
  3.0000000e-001	  7.1969718e+004	  3.0898331e+002	 -2.9210276e-001	
  3.2300000e-001	  7.1132099e+004	  3.0898669e+002	 -1.0275656e-001	
  3.4000000e-001	  7.1424958e+004	  3.0898919e+002	 -1.2717156e-001	
  3.6100000e-001	  7.1607227e+004	  3.0899227e+002	 -1.2939643e-001	
  3.8000000e-001	  7.1193538e+004	  3.0899505e+002	 -4.4430950e-001	
  4.0000000e-001	  7.1125955e+004	  3.0899797e+002	 -2.5679480e-001	
  4.2300000e-001	  7.1340992e+004	  3.0900133e+002	 -2.4104296e-001	
  4.4100000e-001	  7.1754681e+004	  3.0900395e+002	 -2.2005997e-001	
  4.6000000e-001	  7.1603131e+004	  3.0900672e+002	 -1.6635273e-001	
  4.8500000e-001	  7.1953334e+004	  3.0901035e+002	 -8.7707516e-002	
  5.0000000e-001	  7.1775161e+004	  3.0901253e+002	 -4.9734353e-001	
  5.2100000e-001	  7.1541692e+004	  3.0901557e+002	 -2.3417498e-001	
  5.4000000e-001	  6.0413235e+005	  3.0901832e+002	 -2.6961271e-001	
  5.6000000e-001	  6.0980113e+005	  3.0902121e+002	 -4.2849137e-001	
  5.8400000e-001	  6.0739067e+005	  3.0902468e+002	 -2.8927322e-001	
  6.0000000e-001	  6.0586698e+005	  3.0902698e+002	 -4.4422064e-001	
  6.2000000e-001	  6.0907205e+005	  3.0902986e+002	 -1.7136762e-001	
  6.4300000e-001	  6.0967620e+005	  3.0903317e+002	 -7.6131314e-002	
  6.6000000e-001	  6.0513381e+005	  3.0903561e+002	 -2.1570020e-001	
  6.8000000e-001	  6.0606768e+005	  3.0903848e+002	 -3.6104074e-001	
  7.0000000e-001	  6.1018205e+005	  3.0904134e+002	 -2.4948778e-001	
  7.2000000e-001	  6.0787808e+005	  3.0904420e+002	 -2.9515134e-001	
  7.4000000e-001	  6.0729032e+005	  3.0904706e+002	 -1.0313688e-001	
  7.6500000e-001	  6.1086607e+005	  3.0905062e+002	 -1.7922685e-001	
  7.8000000e-001	  6.0618851e+005	  3.0905276e+002	 -1.2706743e-001	
  8.0000000e-001	  6.0684181e+005	  3.0905560e+002	 -7.3433859e-002	
  8.2000000e-001	  6.0936081e+005	  3.0905845e+002	 -1.5072341e-001	
  8.4000000e-001	  6.1112411e+005	  3.0906128e+002	 -1.7037399e-001	
  8.6100000e-001	  6.0574820e+005	  3.0906426e+002	 -4.7065590e-002	
  8.8000000e-001	  6.0516043e+005	  3.0906694e+002	  1.1901283e-001	
  9.0000000e-001	  6.0535499e+005	  3.0906977e+002	 -3.2344632e-002	
  9.2000000e-001	  6.0654281e+005	  3.0907259e+002	 -1.0265068e-001	
  9.4400000e-001	  6.0514405e+005	  3.0907597e+002	 -1.0159191e-001	
  9.6000000e-001	  6.0604310e+005	  3.0907822e+002	  1.9645595e-002	
  9.8100000e-001	  6.0285442e+005	  3.0908117e+002	  5.0568362e-003	
  1.0000000e+000	  6.0465663e+005	  3.0908383e+002	  9.1101871e-002	
  1.0210000e+000	  6.0323944e+005	  3.0908678e+002	  7.7975386e-002	
  1.0400000e+000	  6.0663292e+005	  3.0908943e+002	  4.4167806e-002	
  1.0640000e+000	  6.0383949e+005	  3.0909279e+002	  1.4351368e-001	
  1.0800000e+000	  6.0190826e+005	  3.0909502e+002	  1.3728203e-001	
  1.1000000e+000	  6.0541847e+005	  3.0909780e+002	  5.4843247e-002	
  1.1200000e+000	  6.0556798e+005	  3.0910059e+002	  1.1344680e-001	
  1.1430000e+000	  6.0113822e+005	  3.0910378e+002	  1.5257129e-001	
  1.1600000e+000	  5.9999750e+005	  3.0910614e+002	  2.1649399e-001	
  1.1800000e+000	  6.0170755e+005	  3.0910891e+002	  3.0609972e-001	
  1.2000000e+000	  6.0090475e+005	  3.0911168e+002	  1.4730035e-001	
  1.2200000e+000	  6.0078392e+005	  3.0911444e+002	  2.6029413e-001	
  1.2400000e+000	  6.0294248e+005	  3.0911720e+002	  2.1301576e-001	
  1.2670000e+000	  6.0067947e+005	  3.0912092e+002	  3.5886218e-001	
  1.2800000e+000	  5.9852296e+005	  3.0912271e+002	  1.9684288e-001	
  1.3000000e+000	  5.9888750e+005	  3.0912546e+002	  2.4592621e-001	
  1.3200000e+000	  6.0269877e+005	  3.0912820e+002	  3.1233120e-001	
  1.3400000e+000	  6.0299778e+005	  3.0913094e+002	  2.3748582e-001	
  1.3610000e+000	  6.0101534e+005	  3.0913381e+002	  3.3944673e-001	
  1.3800000e+000	  6.0374119e+005	  3.0913641e+002	  2.4245393e-001	
  1.4000000e+000	  6.0410163e+005	  3.0913914e+002	  4.1108860e-001	
  1.4200000e+000	  6.0331521e+005	  3.0914186e+002	  4.5807162e-001	
  1.4450000e+000	  6.0521982e+005	  3.0914526e+002	  2.8545973e-001	
  1.4600000e+000	  6.0982161e+005	  3.0914730e+002	  5.6564917e-001	
  1.4810000e+000	  6.0902495e+005	  3.0915015e+002	  4.2985482e-001	
  1.5000000e+000	  6.1220749e+005	  3.0915273e+002	  3.8308071e-001	
  1.5210000e+000	  6.0879148e+005	  3.0915557e+002	  2.9056553e-001	
  1.5400000e+000	  6.1135963e+005	  3.0915814e+002	  4.2704569e-001	
  1.5600000e+000	  6.0713672e+005	  3.0916083e+002	  4.3254012e-001	
  1.5800000e+000	  6.0840441e+005	  3.0916353e+002	  4.2144228e-001	
  1.6000000e+000	  6.0619875e+005	  3.0916622e+002	  3.5927564e-001	
  1.6200000e+000	  6.0589975e+005	  3.0916891e+002	  4.0666366e-001	
  1.6480000e+000	  7.1994294e+004	  3.0917266e+002	  3.0264185e-001	
  1.6600000e+000	  7.1713722e+004	  3.0917427e+002	  3.4399379e-001	
  1.6800000e+000	  7.0867910e+004	  3.0917695e+002	  3.1390124e-001	
  1.7020000e+000	  7.1781305e+004	  3.0917989e+002	  3.4338527e-001	
  1.7210000e+000	  7.1556028e+004	  3.0918242e+002	  4.8750020e-001	
  1.7440000e+000	  7.1445438e+004	  3.0918549e+002	  3.3977923e-001	
  1.7600000e+000	  7.1459773e+004	  3.0918762e+002	  3.2352928e-001	
  1.7830000e+000	  7.1332800e+004	  3.0919067e+002	  4.5822594e-001	
  1.8000000e+000	  7.1617467e+004	  3.0919293e+002	  3.1279467e-001	
  1.8200000e+000	  7.1529405e+004	  3.0919558e+002	  1.8326673e-001	
  1.8400000e+000	  7.1615419e+004	  3.0919823e+002	  7.7874555e-002	
  1.8610000e+000	  7.1504829e+004	  3.0920100e+002	  3.6464538e-001	
  1.8800000e+000	  7.1920566e+004	  3.0920351e+002	  8.8724142e-002	
  1.9010000e+000	  7.1201729e+004	  3.0920628e+002	  1.8805782e-001	
  1.9240000e+000	  7.1820216e+004	  3.0920930e+002	  1.8691553e-001	
  1.9450000e+000	  7.1343039e+004	  3.0921206e+002	 -6.3241651e-002	
  1.9600000e+000	  7.1662523e+004	  3.0921403e+002	  3.7960444e-001	
  1.9840000e+000	  7.1185345e+004	  3.0921717e+002	  2.3868071e-001	
  2.0000000e+000	  7.1633851e+004	  3.0921927e+002	  1.2753963e-001	
  2.0210000e+000	  7.1369663e+004	  3.0922201e+002	  1.6852295e-001	
  2.0400000e+000	  7.1185346e+004	  3.0922449e+002	  8.4142222e-002	
  2.0610000e+000	  7.1537597e+004	  3.0922723e+002	  1.5248448e-001	
  2.0800000e+000	  7.2018869e+004	  3.0922970e+002	  2.3067830e-001	
  2.1010000e+000	  7.1551932e+004	  3.0923243e+002	  1.0527881e-001	
  2.1200000e+000	  7.1750585e+004	  3.0923490e+002	  5.0173621e-002	
  2.1400000e+000	  7.1482301e+004	  3.0923749e+002	  1.6433770e-001	
  2.1600000e+000	  7.1766969e+004	  3.0924008e+002	 -1.5278785e-001	
  2.1830000e+000	  7.1205825e+004	  3.0924305e+002	 -1.6791403e-001	
  2.2000000e+000	  7.1238593e+004	  3.0924524e+002	  9.2478511e-002	
  2.2210000e+000	  7.1744441e+004	  3.0924795e+002	 -3.1019354e-002	
  2.2400000e+000	  7.1932855e+004	  3.0925039e+002	 -1.6979140e-001	
  2.2600000e+000	  7.1388094e+004	  3.0925296e+002	  7.3257730e-002	
  2.2800000e+000	  7.2086452e+004	  3.0925553e+002	  2.1590679e-003	
  2.3000000e+000	  7.1295936e+004	  3.0925809e+002	  6.9591524e-002	
  2.3200000e+000	  7.1865272e+004	  3.0926065e+002	 -1.0448461e-001	
  2.3400000e+000	  7.1041988e+004	  3.0926321e+002	 -6.4303728e-002	
  2.3610000e+000	  7.1353279e+004	  3.0926589e+002	  2.1865266e-002	
  2.3830000e+000	  7.1250881e+004	  3.0926869e+002	 -1.7010026e-001	
  2.4040000e+000	  7.1822264e+004	  3.0927136e+002	 -2.7741488e-001	
  2.4200000e+000	  7.1402430e+004	  3.0927340e+002	 -1.7126340e-001	
  2.4480000e+000	  7.1027652e+004	  3.0927695e+002	 -3.0650635e-001	
  2.4640000e+000	  7.1703482e+004	  3.0927897e+002	 -3.3447730e-001	
  2.4810000e+000	  7.1396287e+004	  3.0928112e+002	 -3.7721588e-001	
  2.5040000e+000	  7.1560124e+004	  3.0928403e+002	 -1.9563895e-001	
  2.5210000e+000	  7.1302080e+004	  3.0928618e+002	 -2.8075654e-001	
  2.5400000e+000	  7.1771065e+004	  3.0928857e+002	 -1.8250110e-001	
  2.5610000e+000	  7.1205826e+004	  3.0929121e+002	 -1.8892505e-001	
  2.5800000e+000	  7.1527356e+004	  3.0929360e+002	 -1.4860226e-001	
  2.6010000e+000	  7.1625659e+004	  3.0929623e+002	 -1.8209967e-001	
  2.6200000e+000	  7.1537597e+004	  3.0929861e+002	 -3.1289292e-001	
  2.6410000e+000	  7.1562172e+004	  3.0930124e+002	 -2.9224867e-001	
  2.6600000e+000	  7.1601083e+004	  3.0930362e+002	 -2.7467077e-001	
  2.6830000e+000	  7.1463869e+004	  3.0930649e+002	 -2.9938118e-001	
  2.7000000e+000	  7.1779256e+004	  3.0930860e+002	 -4.1547537e-001	
  2.7210000e+000	  7.1742393e+004	  3.0931122e+002	 -3.7131891e-001	
  2.7400000e+000	  5.9267601e+005	  3.0931358e+002	 -4.7989634e-001	
  2.7600000e+000	  5.9478952e+005	  3.0931606e+002	 -2.9079227e-001	
  2.7800000e+000	  5.9773040e+005	  3.0931854e+002	 -5.7867765e-001	
  2.8000000e+000	  5.9823829e+005	  3.0932101e+002	 -4.5713067e-001	
  2.8200000e+000	  6.0177104e+005	  3.0932348e+002	 -2.7212136e-001	
  2.8450000e+000	  6.0020639e+005	  3.0932656e+002	 -1.3347166e-001	
  2.8610000e+000	  5.9931757e+005	  3.0932854e+002	 -3.5921929e-001	
  2.8800000e+000	  5.9829564e+005	  3.0933087e+002	 -1.5428758e-001	
  2.9040000e+000	  6.0150276e+005	  3.0933382e+002	 -1.6268162e-001	
  2.9200000e+000	  5.9789014e+005	  3.0933578e+002	 -4.4215044e-001	
  2.9410000e+000	  5.9962682e+005	  3.0933836e+002	 -1.7705845e-001	
  2.9600000e+000	  5.9924385e+005	  3.0934068e+002	 -6.3248017e-002	
  2.9810000e+000	  5.9817276e+005	  3.0934324e+002	 -1.9835884e-001	
  3.0000000e+000	  5.9796182e+005	  3.0934556e+002	 -2.3797884e-001	
  3.0210000e+000	  6.0368384e+005	  3.0934812e+002	 -8.1396652e-002	
  3.0400000e+000	  6.0323124e+005	  3.0935043e+002	  7.1661300e-003	
  3.0650000e+000	  6.0060984e+005	  3.0935347e+002	  9.0807977e-003	
  3.0800000e+000	  6.0099281e+005	  3.0935529e+002	 -1.2537114e-001	
  3.1010000e+000	  6.0010195e+005	  3.0935783e+002	  3.2708074e-002	
  3.1210000e+000	  6.0126519e+005	  3.0936025e+002	 -1.1217156e-001	
  3.1410000e+000	  6.0076344e+005	  3.0936266e+002	 -1.3300473e-001	
  3.1600000e+000	  6.0653871e+005	  3.0936496e+002	 -1.3941673e-002	
  3.1870000e+000	  6.0738043e+005	  3.0936821e+002	 -8.1192141e-002	
  3.2000000e+000	  6.0613322e+005	  3.0936977e+002	  4.7559301e-002	
  3.2210000e+000	  6.0438220e+005	  3.0937229e+002	  6.2522489e-002	
  3.2400000e+000	  6.1023530e+005	  3.0937457e+002	  1.1156691e-001	
  3.2610000e+000	  6.0661244e+005	  3.0937709e+002	 -1.0974300e-001	
  3.2800000e+000	  6.1050153e+005	  3.0937936e+002	 -1.6385492e-001	
  3.3000000e+000	  6.0970487e+005	  3.0938175e+002	  1.0479554e-001	
  3.3200000e+000	  6.1019639e+005	  3.0938413e+002	  1.4835610e-001	
  3.3450000e+000	  6.0841465e+005	  3.0938711e+002	 -1.3624327e-001	
  3.3610000e+000	  6.1015747e+005	  3.0938901e+002	 -5.0646697e-002	
  3.3840000e+000	  6.1024554e+005	  3.0939174e+002	  6.2665858e-002	
  3.4010000e+000	  6.0733537e+005	  3.0939376e+002	  8.8000874e-002	
  3.4200000e+000	  6.0687868e+005	  3.0939601e+002	  2.8098065e-001	
  3.4410000e+000	  6.0910277e+005	  3.0939849e+002	  9.9477064e-002	
  3.4600000e+000	  6.0888364e+005	  3.0940073e+002	  2.8431662e-001	
  3.4810000e+000	  6.1105858e+005	  3.0940321e+002	  3.0170458e-001	
  3.5030000e+000	  6.0838188e+005	  3.0940580e+002	  3.3100539e-001	
  3.5210000e+000	  6.0497406e+005	  3.0940791e+002	  1.6102525e-001	
  3.5400000e+000	  6.0577072e+005	  3.0941014e+002	  3.2244207e-002	
  3.5610000e+000	  6.0971716e+005	  3.0941261e+002	  3.4236975e-001	
  3.5800000e+000	  6.0769172e+005	  3.0941483e+002	  3.4227532e-001	
  3.6010000e+000	  6.0917650e+005	  3.0941729e+002	  1.4117383e-001	
  3.6200000e+000	  6.0776749e+005	  3.0941950e+002	  2.7663290e-001	
  3.6410000e+000	  6.0487986e+005	  3.0942195e+002	  7.4039316e-002	
  3.6600000e+000	  6.0228303e+005	  3.0942416e+002	  3.5828795e-001	
  3.6810000e+000	  6.0422451e+005	  3.0942660e+002	  1.0760250e-001	
  3.7030000e+000	  6.0234038e+005	  3.0942916e+002	  1.6116037e-001	
  3.7210000e+000	  5.9943841e+005	  3.0943124e+002	  3.4647864e-001	
  3.7400000e+000	  6.0110545e+005	  3.0943344e+002	  3.7450923e-001	
  3.7680000e+000	  6.0163792e+005	  3.0943668e+002	  4.3874512e-001	
  3.7800000e+000	  5.9778160e+005	  3.0943806e+002	  4.4971364e-001	
  3.8030000e+000	  5.9619033e+005	  3.0944071e+002	  2.8911174e-001	
  3.8200000e+000	  5.9595276e+005	  3.0944267e+002	  4.3818105e-001	
  3.8410000e+000	  7.1627708e+004	  3.0944508e+002	  3.3585167e-001	
  3.8640000e+000	  7.1326656e+004	  3.0944772e+002	  2.7805942e-001	
  3.8810000e+000	  7.1752633e+004	  3.0944967e+002	  4.3408832e-001	
  3.9010000e+000	  7.1676858e+004	  3.0945196e+002	  3.2178417e-001	
  3.9200000e+000	  7.1723962e+004	  3.0945413e+002	  3.2569783e-001	
  3.9410000e+000	  7.1445438e+004	  3.0945653e+002	  3.4463944e-001	
  3.9600000e+000	  7.1617467e+004	  3.0945869e+002	  3.8976207e-001	
  3.9810000e+000	  7.1373759e+004	  3.0946108e+002	  2.1449808e-001	
  4.0030000e+000	  7.1173058e+004	  3.0946358e+002	  1.3764881e-001	
  4.0220000e+000	  7.1726010e+004	  3.0946573e+002	  2.3672678e-001	
  4.0410000e+000	  7.1373759e+004	  3.0946789e+002	  1.1179703e-001	
  4.0610000e+000	  7.1232449e+004	  3.0947015e+002	  9.8085379e-002	
  4.0810000e+000	  7.1240641e+004	  3.0947241e+002	  1.0224582e-001	
  4.1010000e+000	  7.1564220e+004	  3.0947467e+002	  1.1565591e-001	
  4.1200000e+000	  7.1134146e+004	  3.0947681e+002	  2.5224026e-001	
  4.1410000e+000	  7.1214018e+004	  3.0947917e+002	  7.1008690e-002	
  4.1630000e+000	  7.1818168e+004	  3.0948164e+002	  2.0721647e-002	
  4.1810000e+000	  7.1746489e+004	  3.0948366e+002	  6.1282999e-002	
  4.2000000e+000	  7.1603131e+004	  3.0948579e+002	  4.4559873e-002	
  4.2210000e+000	  7.1107523e+004	  3.0948813e+002	  1.6835092e-002	
  4.2400000e+000	  7.1549884e+004	  3.0949026e+002	  1.1820421e-001	
  4.2610000e+000	  7.1549884e+004	  3.0949260e+002	 -9.9613149e-003	
  4.2800000e+000	  7.1312320e+004	  3.0949471e+002	  7.0673693e-002	
  4.3010000e+000	  7.1615419e+004	  3.0949705e+002	 -3.0912418e-002	
  4.3200000e+000	  7.1715770e+004	  3.0949916e+002	  3.6268415e-002	
  4.3410000e+000	  7.1515069e+004	  3.0950149e+002	 -2.1312643e-002	
  4.3610000e+000	  7.1115715e+004	  3.0950370e+002	  5.8446898e-002	
  4.3810000e+000	  7.1244737e+004	  3.0950591e+002	  1.1162734e-001	
  4.4040000e+000	  7.1605179e+004	  3.0950845e+002	  7.9283902e-002	
  4.4210000e+000	  7.1494589e+004	  3.0951033e+002	 -8.2274279e-002	
  4.4410000e+000	  7.1607227e+004	  3.0951253e+002	 -5.7699199e-002	
  4.4640000e+000	  7.1576508e+004	  3.0951506e+002	 -9.8725334e-002	
  4.4810000e+000	  7.1447486e+004	  3.0951692e+002	 -1.2269220e-001	
  4.5000000e+000	  7.1482301e+004	  3.0951901e+002	 -2.1250510e-001	
  4.5210000e+000	  7.1723962e+004	  3.0952131e+002	  3.4807089e-002	
  4.5440000e+000	  7.1504829e+004	  3.0952382e+002	 -1.4339950e-001	
  4.5610000e+000	  7.1644091e+004	  3.0952568e+002	 -2.6240997e-001	
  4.5800000e+000	  7.1418814e+004	  3.0952775e+002	 -1.1373056e-001	
  4.6010000e+000	  7.1979958e+004	  3.0953003e+002	 -1.7285951e-001	
  4.6210000e+000	  7.1332800e+004	  3.0953221e+002	 -1.7193956e-001	
  4.6410000e+000	  7.1502781e+004	  3.0953438e+002	 -2.5981393e-001	
  4.6630000e+000	  7.1386047e+004	  3.0953676e+002	 -1.5855310e-001	
  4.6810000e+000	  7.1662522e+004	  3.0953871e+002	 -2.9008893e-001	
  4.7010000e+000	  7.1019460e+004	  3.0954087e+002	 -1.7195913e-001	
  4.7210000e+000	  7.1531452e+004	  3.0954303e+002	 -3.8492780e-001	
  4.7400000e+000	  7.1605180e+004	  3.0954508e+002	 -3.9793916e-001	
  4.7610000e+000	  7.1543740e+004	  3.0954734e+002	 -5.2097400e-001	
  4.7830000e+000	  7.1429054e+004	  3.0954970e+002	 -4.1581388e-001	
  4.8010000e+000	  7.2076212e+004	  3.0955163e+002	 -3.4330823e-001	
  4.8210000e+000	  7.1367615e+004	  3.0955378e+002	 -3.4177621e-001	
  4.8410000e+000	  7.1343039e+004	  3.0955592e+002	 -3.3371887e-001	
  4.8610000e+000	  7.1351231e+004	  3.0955805e+002	 -4.8055585e-001	
  4.8840000e+000	  7.1603132e+004	  3.0956051e+002	 -3.1662136e-001	
  4.9010000e+000	  7.1398335e+004	  3.0956232e+002	 -5.0825446e-001	
  4.9210000e+000	  7.1580604e+004	  3.0956444e+002	 -3.4982421e-001	
  4.9410000e+000	  5.9749079e+005	  3.0956657e+002	 -4.1261806e-001	
  4.9640000e+000	  5.9820143e+005	  3.0956901e+002	 -3.6125494e-001	
  4.9810000e+000	  6.0018796e+005	  3.0957081e+002	 -2.4776737e-001	
  5.0010000e+000	  5.9844514e+005	  3.0957292e+002	 -3.3152268e-001	
  5.0210000e+000	  6.0046444e+005	  3.0957504e+002	 -2.8965548e-001	
  5.0400000e+000	  6.0506622e+005	  3.0957704e+002	 -2.8519253e-001	
  5.0610000e+000	  6.0237314e+005	  3.0957925e+002	 -3.4065414e-001	
  5.0810000e+000	  6.0352820e+005	  3.0958136e+002	 -1.8357859e-001	
  5.1010000e+000	  6.0075525e+005	  3.0958346e+002	 -3.4963837e-001	
  5.1230000e+000	  6.0363265e+005	  3.0958576e+002	 -2.6118277e-001	
  5.1410000e+000	  6.0185296e+005	  3.0958765e+002	 -2.2115719e-001	
  5.1600000e+000	  6.0425728e+005	  3.0958964e+002	 -8.0029431e-002	
  5.1810000e+000	  6.0273154e+005	  3.0959183e+002	 -1.9567290e-001	
  5.2040000e+000	  6.0486143e+005	  3.0959423e+002	 -2.1594133e-001	
  5.2220000e+000	  6.0249193e+005	  3.0959610e+002	 -1.9433101e-001	
  5.2400000e+000	  6.0449279e+005	  3.0959797e+002	 -2.2059179e-001	
  5.2610000e+000	  6.0241615e+005	  3.0960015e+002	 -2.7598107e-001	
  5.2810000e+000	  6.0267829e+005	  3.0960222e+002	 -3.1917961e-001	
  5.3010000e+000	  5.9599782e+005	  3.0960430e+002	 -3.3039825e-001	
  5.3200000e+000	  5.9974560e+005	  3.0960626e+002	 -2.3443870e-001	
  5.3410000e+000	  5.9715287e+005	  3.0960843e+002	 -1.3200981e-001	
  5.3630000e+000	  5.9476699e+005	  3.0961070e+002	 -7.7696120e-002	
  5.3810000e+000	  5.9792496e+005	  3.0961255e+002	 -9.7189623e-002	
  5.4010000e+000	  5.9532199e+005	  3.0961460e+002	 -9.6143368e-003	
  5.4210000e+000	  5.9534656e+005	  3.0961666e+002	 -2.8153509e-001	
  5.4410000e+000	  5.9471579e+005	  3.0961871e+002	 -1.3223953e-002	
  5.4610000e+000	  5.9428981e+005	  3.0962075e+002	  5.6154944e-002	
  5.4820000e+000	  5.9756861e+005	  3.0962290e+002	  9.2024071e-002	
  5.5030000e+000	  5.9479976e+005	  3.0962504e+002	  8.4665614e-002	
  5.5210000e+000	  5.9789219e+005	  3.0962688e+002	 -1.3166492e-001	
  5.5410000e+000	  5.9875029e+005	  3.0962891e+002	 -6.2105906e-002	
  5.5640000e+000	  5.9910868e+005	  3.0963125e+002	  9.0089572e-002	
  5.5800000e+000	  5.9768125e+005	  3.0963287e+002	  1.3281640e-001	
  5.6010000e+000	  5.9819529e+005	  3.0963500e+002	  1.5716719e-001	
  5.6200000e+000	  5.9712010e+005	  3.0963692e+002	  4.5513666e-002	
  5.6440000e+000	  5.9474651e+005	  3.0963935e+002	  1.4171431e-001	
  5.6610000e+000	  5.9663678e+005	  3.0964106e+002	  3.8271934e-002	
  5.6810000e+000	  5.9687025e+005	  3.0964308e+002	  1.1730903e-001	
  5.7010000e+000	  5.9294020e+005	  3.0964509e+002	  3.3105324e-001	
  5.7210000e+000	  5.9451714e+005	  3.0964710e+002	  2.7301378e-001	
  5.7400000e+000	  5.9430210e+005	  3.0964900e+002	  3.1917279e-001	
  5.7610000e+000	  5.9262891e+005	  3.0965111e+002	  3.5982121e-002	
  5.7830000e+000	  5.9236267e+005	  3.0965331e+002	  3.5324352e-001	
  5.8010000e+000	  5.8902858e+005	  3.0965510e+002	  1.3216569e-001	
  5.8210000e+000	  5.9104583e+005	  3.0965710e+002	  3.0682682e-001	
  5.8410000e+000	  5.8975356e+005	  3.0965909e+002	  3.6338485e-001	
  5.8620000e+000	  5.8938902e+005	  3.0966118e+002	  2.6637227e-001	
  5.8810000e+000	  5.8955491e+005	  3.0966307e+002	  2.6705715e-001	
  5.9010000e+000	  5.8975970e+005	  3.0966505e+002	  4.0108650e-001	
  5.9210000e+000	  5.8614504e+005	  3.0966703e+002	  3.3556039e-001	
  5.9410000e+000	  5.8864151e+005	  3.0966901e+002	  4.3266312e-001	
  5.9610000e+000	  5.9204524e+005	  3.0967098e+002	  3.2207819e-001	
  5.9820000e+000	  5.8931120e+005	  3.0967305e+002	  2.9330308e-001	
  6.0010000e+000	  5.8863742e+005	  3.0967492e+002	  4.6782333e-001	
  6.0250000e+000	  5.8972899e+005	  3.0967728e+002	  2.8224516e-001	
  6.0410000e+000	  7.1832503e+004	  3.0967885e+002	  3.6805589e-001	
  6.0610000e+000	  7.1564220e+004	  3.0968081e+002	  2.5915935e-001	
  6.0810000e+000	  7.1508925e+004	  3.0968277e+002	  1.5483662e-001	
  6.1010000e+000	  7.1711674e+004	  3.0968473e+002	  1.3853887e-001	
  6.1210000e+000	  7.1484350e+004	  3.0968668e+002	  4.3925366e-001	
  6.1440000e+000	  7.1250881e+004	  3.0968892e+002	  3.7839040e-001	
  6.1610000e+000	  7.1291840e+004	  3.0969058e+002	  2.6655587e-001	
  6.1810000e+000	  7.1472061e+004	  3.0969252e+002	  3.2640439e-001	
  6.2010000e+000	  7.1654331e+004	  3.0969446e+002	  3.2118119e-001	
  6.2210000e+000	  7.1816120e+004	  3.0969640e+002	  3.4210322e-001	
  6.2410000e+000	  7.1467965e+004	  3.0969833e+002	  2.5531522e-001	
  6.2640000e+000	  7.1449534e+004	  3.0970056e+002	  3.5073985e-001	
  6.2800000e+000	  7.1687098e+004	  3.0970210e+002	  2.2330297e-001	
  6.3010000e+000	  7.1586748e+004	  3.0970412e+002	  2.9136250e-001	
  6.3210000e+000	  7.1535548e+004	  3.0970605e+002	  1.1276871e-003	
  6.3450000e+000	  7.2287153e+004	  3.0970835e+002	  7.5633348e-002	
  6.3620000e+000	  7.1130051e+004	  3.0970999e+002	  1.4788403e-001	
  6.3810000e+000	  7.1664570e+004	  3.0971181e+002	  1.4719678e-001	
  6.4020000e+000	  7.1422910e+004	  3.0971381e+002	  2.6095772e-002	
  6.4210000e+000	  7.1451582e+004	  3.0971563e+002	 -5.0990633e-002	
  6.4450000e+000	  7.1816120e+004	  3.0971792e+002	 -8.5332563e-002	
  6.4610000e+000	  7.1470013e+004	  3.0971944e+002	 -3.6198777e-003	
  6.4810000e+000	  7.0992837e+004	  3.0972135e+002	  5.8575467e-002	
  6.5010000e+000	  7.1535549e+004	  3.0972325e+002	  1.8963280e-001	
  6.5250000e+000	  7.1619515e+004	  3.0972552e+002	 -1.5104832e-001	
  6.5410000e+000	  7.1330752e+004	  3.0972704e+002	 -1.2785684e-001	
  6.5620000e+000	  7.1465917e+004	  3.0972902e+002	 -7.4316818e-002	
  6.5810000e+000	  7.1830456e+004	  3.0973082e+002	 -8.6052147e-003	
  6.6040000e+000	  7.1777209e+004	  3.0973299e+002	 -1.5655924e-002	
  6.6210000e+000	  7.1789497e+004	  3.0973459e+002	  5.1135138e-003	
  6.6410000e+000	  7.1662522e+004	  3.0973647e+002	  5.3843673e-002	
  6.6610000e+000	  7.1695290e+004	  3.0973835e+002	 -1.1392292e-001	
  6.6810000e+000	  7.1816120e+004	  3.0974022e+002	 -5.5817963e-002	
  6.7010000e+000	  7.1414719e+004	  3.0974210e+002	 -4.1533922e-002	
  6.7210000e+000	  7.1232449e+004	  3.0974397e+002	 -2.2783356e-001	
  6.7410000e+000	  7.1328704e+004	  3.0974583e+002	 -1.9127919e-001	
  6.7640000e+000	  7.1908279e+004	  3.0974798e+002	 -1.6379909e-001	
  6.7810000e+000	  7.1797688e+004	  3.0974956e+002	 -4.9431630e-002	
  6.8010000e+000	  7.1148482e+004	  3.0975142e+002	 -5.3429568e-001	
  6.8200000e+000	  7.1787449e+004	  3.0975318e+002	 -1.2405273e-001	
  6.8410000e+000	  7.1111619e+004	  3.0975513e+002	 -2.1384696e-001	
  6.8620000e+000	  7.1795640e+004	  3.0975708e+002	 -3.9751380e-001	
  6.8810000e+000	  7.1246785e+004	  3.0975883e+002	 -6.8634328e-002	
  6.9020000e+000	  7.1482301e+004	  3.0976077e+002	 -3.5954057e-001	
  6.9250000e+000	  7.1574460e+004	  3.0976289e+002	 -2.0309507e-001	
  6.9410000e+000	  7.1297984e+004	  3.0976436e+002	 -3.1360649e-001	
  6.9610000e+000	  7.1392191e+004	  3.0976620e+002	 -2.4550774e-001	
  6.9810000e+000	  7.1455678e+004	  3.0976804e+002	 -2.8645861e-001	
  7.0040000e+000	  7.1889847e+004	  3.0977015e+002	 -4.3223859e-001	
  7.0210000e+000	  7.1855032e+004	  3.0977170e+002	 -4.1391207e-001	
  7.0410000e+000	  7.1201729e+004	  3.0977353e+002	 -4.5052580e-001	
  7.0610000e+000	  7.1476157e+004	  3.0977535e+002	 -3.0539732e-001	
  7.0840000e+000	  7.1228353e+004	  3.0977745e+002	 -1.8091436e-001	
  7.1020000e+000	  7.1568316e+004	  3.0977909e+002	 -2.6967866e-001	
  7.1210000e+000	  7.1429054e+004	  3.0978082e+002	 -5.3434102e-001	
  7.1420000e+000	  5.8409707e+005	  3.0978272e+002	 -3.5187516e-001	
  7.1610000e+000	  5.8451486e+005	  3.0978444e+002	 -4.8561818e-001	
  7.1840000e+000	  5.8733696e+005	  3.0978652e+002	 -4.4763945e-001	
  7.2010000e+000	  5.8794520e+005	  3.0978806e+002	 -2.4749855e-001	
  7.2210000e+000	  5.9074887e+005	  3.0978986e+002	 -3.5862765e-001	
  7.2410000e+000	  5.8583989e+005	  3.0979167e+002	 -3.5546118e-001	
  7.2610000e+000	  5.8787353e+005	  3.0979347e+002	 -4.5358394e-002	
  7.2810000e+000	  5.8476881e+005	  3.0979526e+002	 -2.8749538e-001	
  7.3040000e+000	  5.8742912e+005	  3.0979733e+002	 -3.3524492e-001	
  7.3210000e+000	  5.9056046e+005	  3.0979885e+002	 -3.2437739e-001	
  7.3410000e+000	  5.8662426e+005	  3.0980064e+002	 -1.9419307e-001	
  7.3620000e+000	  5.8605083e+005	  3.0980252e+002	 -1.9613272e-001	
  7.3810000e+000	  5.9177491e+005	  3.0980421e+002	 -5.0431773e-001	
  7.4020000e+000	  5.8475242e+005	  3.0980608e+002	 -3.5398226e-001	
  7.4210000e+000	  5.8362809e+005	  3.0980777e+002	 -2.6299011e-002	
  7.4410000e+000	  5.8487735e+005	  3.0980955e+002	 -1.0738372e-001	
  7.4650000e+000	  5.8335775e+005	  3.0981168e+002	 -2.2360738e-001	
  7.4810000e+000	  5.8696832e+005	  3.0981309e+002	  5.3347379e-002	
  7.5010000e+000	  5.8979452e+005	  3.0981486e+002	 -2.3581549e-001	
  7.5210000e+000	  5.8592181e+005	  3.0981663e+002	 -5.0763168e-003	
  7.5440000e+000	  5.8486301e+005	  3.0981866e+002	 -1.8819779e-001	
  7.5620000e+000	  5.8358303e+005	  3.0982024e+002	 -8.2300043e-003	
  7.5810000e+000	  5.8841828e+005	  3.0982192e+002	 -4.6769971e-002	
  7.6010000e+000	  5.9058299e+005	  3.0982367e+002	 -1.3045952e-002	
  7.6240000e+000	  5.8827698e+005	  3.0982569e+002	  1.0192002e-001	
  7.6420000e+000	  5.8920880e+005	  3.0982727e+002	 -1.7087804e-001	
  7.6610000e+000	  5.8802303e+005	  3.0982893e+002	  7.6417048e-002	
  7.6810000e+000	  5.8640718e+005	  3.0983067e+002	  2.9271702e-002	
  7.7010000e+000	  5.8618600e+005	  3.0983242e+002	  1.2216651e-001	
  7.7220000e+000	  5.8885450e+005	  3.0983425e+002	 -1.6461601e-001	
  7.7410000e+000	  5.8952214e+005	  3.0983590e+002	 -4.0382423e-002	
  7.7640000e+000	  5.9185068e+005	  3.0983790e+002	  9.3712825e-003	
  7.7810000e+000	  6.0020025e+005	  3.0983937e+002	  1.2731804e-001	
  7.8010000e+000	  5.9180358e+005	  3.0984110e+002	 -3.3955044e-002	
  7.8210000e+000	  5.9037819e+005	  3.0984283e+002	  1.8319688e-003	
  7.8420000e+000	  5.9380649e+005	  3.0984465e+002	  1.8643736e-001	
  7.8620000e+000	  5.9053179e+005	  3.0984637e+002	  3.1267485e-001	
  7.8810000e+000	  5.9006280e+005	  3.0984801e+002	  3.5429857e-001	
  7.9020000e+000	  5.8884836e+005	  3.0984981e+002	  1.2120429e-001	
  7.9210000e+000	  5.9186297e+005	  3.0985144e+002	  1.7760466e-001	
  7.9420000e+000	  5.9262072e+005	  3.0985324e+002	  1.6739109e-001	
  7.9610000e+000	  5.8790015e+005	  3.0985487e+002	  8.2646678e-002	
  7.9820000e+000	  5.9227051e+005	  3.0985667e+002	  1.4355434e-001	
  8.0010000e+000	  5.9137555e+005	  3.0985829e+002	  2.2582344e-001	
  8.0220000e+000	  5.9234219e+005	  3.0986008e+002	  3.2117728e-001	
  8.0410000e+000	  5.9556160e+005	  3.0986170e+002	  2.5461937e-001	
  8.0620000e+000	  5.9873595e+005	  3.0986348e+002	  1.4725694e-001	
  8.0810000e+000	  5.9199199e+005	  3.0986510e+002	  4.6989847e-001	
  8.1050000e+000	  5.9193670e+005	  3.0986713e+002	  1.7977202e-001	
  8.1210000e+000	  5.9554112e+005	  3.0986849e+002	 -6.4182073e-002	
  8.1410000e+000	  5.8803532e+005	  3.0987018e+002	  4.0075546e-001	
  8.1610000e+000	  5.8773631e+005	  3.0987186e+002	  2.1135285e-001	
  8.1820000e+000	  5.9032699e+005	  3.0987364e+002	  3.5469526e-001	
  8.2010000e+000	  5.8581532e+005	  3.0987524e+002	  2.7859148e-001	
  8.2210000e+000	  5.8347039e+005	  3.0987692e+002	  2.0417284e-001	
  8.2440000e+000	  1.4506787e+005	  3.0987885e+002	  3.4661185e-001	
  8.2620000e+000	  7.1615419e+004	  3.0988036e+002	  2.3682334e-001	
  8.2810000e+000	  7.1257025e+004	  3.0988195e+002	  3.6025091e-001	
  8.3010000e+000	  7.1510973e+004	  3.0988362e+002	  3.5906778e-001	
  8.3210000e+000	  7.1388095e+004	  3.0988529e+002	  3.2555730e-001	
  8.3420000e+000	  7.1467965e+004	  3.0988704e+002	  9.4676899e-002	
  8.3620000e+000	  7.1343040e+004	  3.0988870e+002	  3.2240929e-001	
  8.3810000e+000	  7.1748538e+004	  3.0989028e+002	  2.8246001e-001	
  8.4020000e+000	  7.1539644e+004	  3.0989203e+002	  2.0275428e-001	
  8.4210000e+000	  7.1578556e+004	  3.0989360e+002	  2.4851935e-001	
  8.4420000e+000	  7.1902135e+004	  3.0989534e+002	  1.6418516e-001	
  8.4650000e+000	  7.1451582e+004	  3.0989724e+002	  3.3361551e-001	
  8.4820000e+000	  7.1580603e+004	  3.0989865e+002	  3.7971481e-001	
  8.5010000e+000	  7.1627707e+004	  3.0990021e+002	  1.7462816e-001	
  8.5220000e+000	  7.1791545e+004	  3.0990194e+002	 -4.9866951e-002	
  8.5420000e+000	  7.1566268e+004	  3.0990359e+002	  1.5807756e-001	
  8.5620000e+000	  7.1521212e+004	  3.0990523e+002	  3.4242740e-002	
  8.5810000e+000	  7.1379902e+004	  3.0990679e+002	  1.6003769e-001	
  8.6020000e+000	  7.1752633e+004	  3.0990850e+002	  1.7926984e-001	
  8.6210000e+000	  7.1345088e+004	  3.0991006e+002	 -1.3785191e-001	
  8.6420000e+000	  7.2287153e+004	  3.0991177e+002	 -4.1959146e-002	
  8.6610000e+000	  7.1465917e+004	  3.0991332e+002	  2.2630610e-001	
  8.6820000e+000	  7.1451581e+004	  3.0991503e+002	 -1.5529283e-002	
  8.7010000e+000	  7.1381951e+004	  3.0991658e+002	  2.6649822e-002	
  8.7220000e+000	  7.1390143e+004	  3.0991828e+002	 -1.4645552e-001	
  8.7410000e+000	  7.1320512e+004	  3.0991982e+002	 -1.2020692e-001	
  8.7620000e+000	  7.1705530e+004	  3.0992152e+002	  5.0339177e-002	
  8.7810000e+000	  7.1590844e+004	  3.0992306e+002	  3.4347784e-003	
  8.8020000e+000	  7.1838648e+004	  3.0992475e+002	 -7.9348345e-003	
  8.8220000e+000	  7.1504829e+004	  3.0992637e+002	  8.1747043e-002	
  8.8410000e+000	  7.0867910e+004	  3.0992790e+002	 -1.0209770e-001	
  8.8640000e+000	  7.1236545e+004	  3.0992975e+002	 -1.0746578e-001	
  8.8820000e+000	  7.1809976e+004	  3.0993119e+002	 -1.5513288e-001	
  8.9020000e+000	  7.1496637e+004	  3.0993279e+002	 -5.3907292e-002	
  8.9210000e+000	  7.1496637e+004	  3.0993432e+002	  3.5245964e-002	
  8.9450000e+000	  7.1662522e+004	  3.0993623e+002	 -1.6606893e-001	
  8.9610000e+000	  7.1709626e+004	  3.0993751e+002	 -9.0826806e-002	
  8.9820000e+000	  7.1771065e+004	  3.0993919e+002	 -2.8640440e-001	
  9.0020000e+000	  7.1377854e+004	  3.0994078e+002	 -3.4438711e-001	
  9.0220000e+000	  7.1695290e+004	  3.0994237e+002	 -3.4992231e-001	
  9.0410000e+000	  7.1654331e+004	  3.0994388e+002	 -2.1390535e-001	
  9.0620000e+000	  7.1672762e+004	  3.0994554e+002	 -4.4088464e-001	
  9.0810000e+000	  7.2192947e+004	  3.0994705e+002	 -3.4123012e-001	
  9.1020000e+000	  7.1457726e+004	  3.0994871e+002	 -9.7283255e-003	
  9.1210000e+000	  7.1609276e+004	  3.0995021e+002	 -3.9733576e-001	
  9.1450000e+000	  7.1617467e+004	  3.0995210e+002	 -2.1670920e-001	
  9.1610000e+000	  7.1531453e+004	  3.0995336e+002	 -2.8113615e-001	
  9.1820000e+000	  7.1605179e+004	  3.0995502e+002	 -3.2246597e-001	
  9.2010000e+000	  7.1687098e+004	  3.0995651e+002	 -2.7434333e-001	
  9.2220000e+000	  7.1855032e+004	  3.0995815e+002	 -3.0153917e-001	
  9.2440000e+000	  7.1648187e+004	  3.0995988e+002	 -3.4746661e-001	
  9.2620000e+000	  7.1367615e+004	  3.0996129e+002	 -5.1701133e-001	
  9.2810000e+000	  7.1388095e+004	  3.0996277e+002	 -2.5576128e-001	
  9.3020000e+000	  7.1310272e+004	  3.0996441e+002	 -3.2367004e-001	
  9.3210000e+000	  7.1285696e+004	  3.0996589e+002	 -1.4290836e-001	
  9.3420000e+000	  4.3613338e+005	  3.0996752e+002	 -3.8880637e-001	
  9.3620000e+000	  5.8172757e+005	  3.0996908e+002	 -4.2329155e-001	
  9.3810000e+000	  5.8021003e+005	  3.0997055e+002	 -3.6258102e-001	
  9.4040000e+000	  5.8038615e+005	  3.0997233e+002	 -2.5575805e-001	
  9.4220000e+000	  5.8065034e+005	  3.0997372e+002	 -3.0327751e-001	
  9.4420000e+000	  5.8070768e+005	  3.0997527e+002	 -3.5579876e-001	
  9.4610000e+000	  5.7900787e+005	  3.0997674e+002	 -2.6358084e-001	
  9.4820000e+000	  5.7907136e+005	  3.0997835e+002	 -3.8330492e-001	
  9.5020000e+000	  5.7949529e+005	  3.0997989e+002	 -2.9276680e-001	
  9.5220000e+000	  5.7914508e+005	  3.0998143e+002	 -2.1160527e-001	
  9.5410000e+000	  5.7999499e+005	  3.0998289e+002	 -4.2110209e-001	
  9.5650000e+000	  5.7936831e+005	  3.0998473e+002	 -6.5822904e-002	
  9.5810000e+000	  5.8012811e+005	  3.0998595e+002	 -1.5225396e-001	
  9.6020000e+000	  5.8091658e+005	  3.0998756e+002	 -3.0319479e-001	
  9.6220000e+000	  5.8009739e+005	  3.0998908e+002	 -1.9748613e-001	
  9.6420000e+000	  5.8059095e+005	  3.0999061e+002	 -2.0902193e-001	
  9.6610000e+000	  5.8036158e+005	  3.0999205e+002	 -1.9125524e-001	
  9.6820000e+000	  5.8250375e+005	  3.0999365e+002	 -1.5536841e-001	
  9.7010000e+000	  5.8149410e+005	  3.0999509e+002	 -4.2898675e-002	
  9.7220000e+000	  5.8091043e+005	  3.0999669e+002	 -2.9070834e-002	
  9.7410000e+000	  5.8197128e+005	  3.0999812e+002	 -6.6302424e-002	
  9.7640000e+000	  5.8505757e+005	  3.0999986e+002	 -3.0631065e-002	
  9.7810000e+000	  5.7983320e+005	  3.1000115e+002	 -1.7176710e-002	
  9.8020000e+000	  5.8362604e+005	  3.1000273e+002	  1.8865708e-002	
  9.8210000e+000	  5.8324307e+005	  3.1000416e+002	  8.7734208e-002	
  9.8420000e+000	  5.8549379e+005	  3.1000574e+002	 -1.3038755e-001	
  9.8620000e+000	  5.8419742e+005	  3.1000724e+002	 -6.9933420e-002	
  9.8820000e+000	  5.8696013e+005	  3.1000874e+002	 -1.1837731e-001	
  9.9020000e+000	  5.8651163e+005	  3.1001024e+002	 -2.0016440e-002	
  9.9210000e+000	  5.8726118e+005	  3.1001166e+002	  1.5007017e-001	
  9.9450000e+000	  5.8983548e+005	  3.1001345e+002	  1.3599073e-001	
  9.9620000e+000	  5.9048059e+005	  3.1001472e+002	  1.5241919e-001	
  9.9820000e+000	  5.9341738e+005	  3.1001621e+002	  9.8038313e-002	
  1.0002000e+001	  5.9417103e+005	  3.1001770e+002	  1.1252096e-001	
  1.0022000e+001	  5.9475470e+005	  3.1001919e+002	  2.6038005e-001	
  1.0042000e+001	  5.9736177e+005	  3.1002067e+002	  8.6155154e-002	
  1.0062000e+001	  5.9187116e+005	  3.1002215e+002	  2.0633025e-001	
  1.0081000e+001	  5.9374096e+005	  3.1002356e+002	  1.5743299e-001	
  1.0102000e+001	  5.9364880e+005	  3.1002511e+002	  1.9832609e-001	
  1.0121000e+001	  5.9262891e+005	  3.1002651e+002	  1.2767036e-001	
  1.0145000e+001	  5.9056456e+005	  3.1002828e+002	  3.5734571e-001	
  1.0162000e+001	  5.9203090e+005	  3.1002953e+002	  2.7431069e-001	
  1.0182000e+001	  5.9077140e+005	  3.1003100e+002	  2.5213238e-001	
  1.0201000e+001	  5.8748032e+005	  3.1003240e+002	  2.1600405e-001	
  1.0222000e+001	  5.9285828e+005	  3.1003394e+002	  4.5522333e-001	
  1.0241000e+001	  5.9374096e+005	  3.1003533e+002	  2.2128145e-001	
  1.0262000e+001	  5.8807218e+005	  3.1003687e+002	  2.6067603e-001	
  1.0281000e+001	  5.9270264e+005	  3.1003825e+002	  2.5345193e-001	
  1.0305000e+001	  5.9294839e+005	  3.1004000e+002	  3.1367450e-001	
  1.0321000e+001	  5.9110522e+005	  3.1004117e+002	  3.9913167e-001	
  1.0342000e+001	  5.8686388e+005	  3.1004270e+002	  2.6951874e-001	
  1.0362000e+001	  5.9119533e+005	  3.1004415e+002	  2.4896853e-001	
  1.0385000e+001	  5.8994812e+005	  3.1004582e+002	  2.8901277e-001	
  1.0402000e+001	  5.8586242e+005	  3.1004705e+002	  3.4048337e-001	
  1.0422000e+001	  5.8734720e+005	  3.1004850e+002	  3.3020710e-001	
  1.0445000e+001	  4.1144511e+005	  3.1005016e+002	  3.6810646e-001	
  1.0461000e+001	  7.1691194e+004	  3.1005131e+002	  3.6874415e-001	
  1.0482000e+001	  7.1738297e+004	  3.1005283e+002	  2.7934501e-001	
  1.0501000e+001	  7.1762873e+004	  3.1005420e+002	  5.1371342e-001	
  1.0526000e+001	  7.1730106e+004	  3.1005599e+002	  3.1005775e-001	
  1.0542000e+001	  7.1193537e+004	  3.1005714e+002	  2.7140667e-001	
  1.0562000e+001	  7.1490493e+004	  3.1005857e+002	  3.5476690e-001	
  1.0582000e+001	  7.1508925e+004	  3.1006001e+002	  1.1672240e-001	
  1.0602000e+001	  7.1459774e+004	  3.1006144e+002	  3.1248174e-001	
  1.0622000e+001	  7.1486397e+004	  3.1006287e+002	  2.3323874e-001	
  1.0642000e+001	  7.1572412e+004	  3.1006429e+002	  3.2819275e-001	
  1.0662000e+001	  7.1562172e+004	  3.1006572e+002	  3.3337574e-001	
  1.0682000e+001	  7.1377855e+004	  3.1006714e+002	  1.5700892e-001	
  1.0701000e+001	  7.1683002e+004	  3.1006849e+002	  2.3347243e-001	
  1.0726000e+001	  7.1848888e+004	  3.1007026e+002	  6.4361092e-002	
  1.0741000e+001	  7.1965622e+004	  3.1007133e+002	  1.6176361e-001	
  1.0762000e+001	  7.1609275e+004	  3.1007281e+002	 -4.6569397e-003	
  1.0781000e+001	  7.1400383e+004	  3.1007416e+002	  1.7439912e-001	
  1.0802000e+001	  7.1650235e+004	  3.1007564e+002	  2.2117964e-001	
  1.0824000e+001	  7.1453630e+004	  3.1007719e+002	  1.2949490e-001	
  1.0842000e+001	  7.1711674e+004	  3.1007846e+002	  6.1106467e-002	
  1.0862000e+001	  7.2041397e+004	  3.1007986e+002	 -1.0278985e-001	
  1.0882000e+001	  7.1799737e+004	  3.1008127e+002	  7.0686149e-003	
  1.0902000e+001	  7.1467966e+004	  3.1008267e+002	  7.2989355e-003	
  1.0922000e+001	  7.1754681e+004	  3.1008407e+002	  9.2865325e-002	
  1.0942000e+001	  7.1748537e+004	  3.1008547e+002	 -2.3314842e-002	
  1.0965000e+001	  7.2254386e+004	  3.1008708e+002	 -6.2961977e-002	
  1.0982000e+001	  7.1545788e+004	  3.1008826e+002	  1.2348310e-001	
  1.1002000e+001	  7.1590843e+004	  3.1008966e+002	 -1.5276745e-002	
  1.1022000e+001	  7.1543741e+004	  3.1009105e+002	 -1.4260014e-001	
  1.1041000e+001	  7.1635899e+004	  3.1009237e+002	 -1.3754030e-001	
  1.1065000e+001	  7.1773113e+004	  3.1009404e+002	 -1.4330010e-002	
  1.1081000e+001	  7.1877560e+004	  3.1009515e+002	  1.0118243e-001	
  1.1102000e+001	  7.1769017e+004	  3.1009660e+002	 -1.9243635e-001	
  1.1121000e+001	  7.1439294e+004	  3.1009792e+002	 -6.0348379e-002	
  1.1145000e+001	  7.1639995e+004	  3.1009957e+002	  1.7154663e-002	
  1.1161000e+001	  7.1637947e+004	  3.1010068e+002	 -2.2970104e-001	
  1.1182000e+001	  7.1336896e+004	  3.1010212e+002	 -3.2903460e-001	
  1.1202000e+001	  7.1297984e+004	  3.1010350e+002	 -1.5705430e-001	
  1.1222000e+001	  7.1396287e+004	  3.1010488e+002	 -1.2728987e-001	
  1.1241000e+001	  7.1300032e+004	  3.1010618e+002	 -2.1874901e-001	
  1.1262000e+001	  7.1330751e+004	  3.1010762e+002	 -2.4096046e-001	
  1.1281000e+001	  7.1209921e+004	  3.1010892e+002	 -2.0088611e-001	
  1.1305000e+001	  7.2029109e+004	  3.1011056e+002	 -4.2699078e-001	
  1.1321000e+001	  7.1500733e+004	  3.1011165e+002	 -1.8711375e-001	
  1.1342000e+001	  7.2141747e+004	  3.1011309e+002	 -3.1532956e-001	
  1.1362000e+001	  7.1435198e+004	  3.1011445e+002	 -3.4584234e-002	
  1.1382000e+001	  7.1285696e+004	  3.1011581e+002	 -3.1116764e-001	
  1.1404000e+001	  7.0861767e+004	  3.1011731e+002	 -1.4427715e-001	
  1.1422000e+001	  7.1312320e+004	  3.1011853e+002	 -2.6751212e-001	
  1.1442000e+001	  7.1584700e+004	  3.1011988e+002	 -1.9090358e-001	
  1.1462000e+001	  7.1494589e+004	  3.1012124e+002	 -1.7872920e-001	
  1.1482000e+001	  7.1250880e+004	  3.1012259e+002	 -2.6497952e-001	
  1.1502000e+001	  7.1920567e+004	  3.1012394e+002	 -3.8948125e-001	
  1.1522000e+001	  7.1480254e+004	  3.1012529e+002	 -4.8517568e-001	
  1.1542000e+001	  1.0343266e+005	  3.1012664e+002	 -3.0414626e-001	
  1.1563000e+001	  5.9212101e+005	  3.1012805e+002	 -3.2950360e-001	
  1.1582000e+001	  5.8777317e+005	  3.1012933e+002	 -4.4565532e-001	
  1.1602000e+001	  5.9054203e+005	  3.1013067e+002	 -3.0775969e-001	
  1.1625000e+001	  5.9233400e+005	  3.1013221e+002	 -2.9470432e-001	
  1.1642000e+001	  5.9003004e+005	  3.1013335e+002	 -4.5231657e-001	
  1.1662000e+001	  5.8875210e+005	  3.1013469e+002	 -2.5845062e-001	
  1.1682000e+001	  5.8962454e+005	  3.1013602e+002	 -2.6575285e-001	
  1.1704000e+001	  5.8828312e+005	  3.1013749e+002	 -2.8932705e-001	
  1.1722000e+001	  5.8812543e+005	  3.1013869e+002	 -3.4663339e-001	
  1.1742000e+001	  5.9457653e+005	  3.1014002e+002	 -2.6552080e-001	
  1.1762000e+001	  5.9414850e+005	  3.1014135e+002	 -3.1758072e-001	
  1.1782000e+001	  5.9666341e+005	  3.1014268e+002	 -1.2491509e-001	
  1.1802000e+001	  6.0009171e+005	  3.1014400e+002	 -2.2967386e-001	
  1.1822000e+001	  6.0194307e+005	  3.1014533e+002	 -1.8140234e-001	
  1.1842000e+001	  5.9526669e+005	  3.1014665e+002	 -5.8553664e-002	
  1.1862000e+001	  5.9613298e+005	  3.1014797e+002	 -1.2320844e-001	
  1.1882000e+001	  5.8999522e+005	  3.1014929e+002	 -1.5244605e-001	
  1.1902000e+001	  5.8643176e+005	  3.1015061e+002	 -2.1323278e-001	
  1.1925000e+001	  5.8449233e+005	  3.1015212e+002	 -1.5075731e-001	
  1.1942000e+001	  5.7846516e+005	  3.1015324e+002	 -5.0047775e-002	
  1.1962000e+001	  5.7853684e+005	  3.1015455e+002	 -1.3328125e-001	
  1.1982000e+001	  5.7708892e+005	  3.1015587e+002	 -7.4573675e-002	
  1.2004000e+001	  5.7677149e+005	  3.1015731e+002	  1.1314934e-001	
  1.2022000e+001	  5.7251171e+005	  3.1015848e+002	 -7.5938940e-002	
  1.2042000e+001	  5.7428935e+005	  3.1015979e+002	 -4.9288413e-002	
  1.2062000e+001	  5.7228029e+005	  3.1016110e+002	  2.0744768e-001	
  1.2084000e+001	  5.7777704e+005	  3.1016253e+002	 -1.3278689e-001	
  1.2102000e+001	  5.8583989e+005	  3.1016370e+002	 -1.2033637e-001	
  1.2121000e+001	  5.9024507e+005	  3.1016494e+002	 -1.0330133e-001	
  1.2142000e+001	  5.9620876e+005	  3.1016630e+002	 -9.0001595e-003	
  1.2165000e+001	  5.9271492e+005	  3.1016780e+002	  1.1911785e-001	
  1.2182000e+001	  5.8332704e+005	  3.1016890e+002	  1.1171656e-001	
  1.2202000e+001	  5.7507167e+005	  3.1017019e+002	  7.1094447e-002	
  1.2226000e+001	  5.7737973e+005	  3.1017174e+002	  1.2795965e-002	
  1.2242000e+001	  5.7625745e+005	  3.1017278e+002	  1.7281634e-001	
  1.2262000e+001	  5.8151663e+005	  3.1017407e+002	 -4.8128732e-002	
  1.2282000e+001	  5.7237040e+005	  3.1017536e+002	 -3.9722520e-003	
  1.2302000e+001	  5.6516360e+005	  3.1017664e+002	  2.7705681e-001	
  1.2321000e+001	  5.5533130e+005	  3.1017787e+002	  2.7808950e-001	
  1.2342000e+001	  5.5018271e+005	  3.1017921e+002	  1.5330962e-001	
  1.2364000e+001	  5.5134186e+005	  3.1018062e+002	  1.6853475e-001	
  1.2382000e+001	  5.5782163e+005	  3.1018178e+002	  1.2718008e-001	
  1.2403000e+001	  5.5832748e+005	  3.1018312e+002	  5.5006201e-002	
  1.2422000e+001	  5.6418672e+005	  3.1018434e+002	  3.8412946e-001	
  1.2445000e+001	  5.6244185e+005	  3.1018580e+002	  3.2722442e-001	
  1.2462000e+001	  5.7698243e+005	  3.1018689e+002	  3.7823629e-001	
  1.2483000e+001	  5.8870705e+005	  3.1018822e+002	  4.2106433e-001	
  1.2502000e+001	  5.8986825e+005	  3.1018943e+002	  3.0681873e-001	
  1.2522000e+001	  5.8801074e+005	  3.1019070e+002	  6.8289293e-001	
  1.2542000e+001	  5.9077959e+005	  3.1019197e+002	  5.8310767e-001	
  1.2562000e+001	  5.8868043e+005	  3.1019324e+002	  4.6350650e-001	
  1.2585000e+001	  5.8352364e+005	  3.1019470e+002	  4.7913680e-001	
  1.2602000e+001	  5.8532380e+005	  3.1019577e+002	  6.7216106e-001	
  1.2622000e+001	  5.8873982e+005	  3.1019704e+002	  4.9338343e-001	
  1.2642000e+001	  5.7984754e+005	  3.1019830e+002	  5.0017698e-001	
  1.2662000e+001	  7.0867910e+004	  3.1019956e+002	  5.5363686e-001	
  1.2682000e+001	  7.1564220e+004	  3.1020082e+002	  3.6089391e-001	
  1.2702000e+001	  7.2102836e+004	  3.1020208e+002	  5.0672456e-001	
  1.2723000e+001	  7.1797688e+004	  3.1020340e+002	  5.6300946e-001	
  1.2742000e+001	  7.1422910e+004	  3.1020459e+002	  3.7021117e-001	
  1.2765000e+001	  7.1504829e+004	  3.1020603e+002	  3.1825686e-001	
  1.2782000e+001	  7.1523261e+004	  3.1020709e+002	  2.9686385e-001	
  1.2802000e+001	  7.1345088e+004	  3.1020834e+002	  3.5993998e-001	
  1.2822000e+001	  7.1390143e+004	  3.1020959e+002	  3.3995002e-001	
  1.2842000e+001	  7.1414718e+004	  3.1021084e+002	  1.5805334e-001	
  1.2862000e+001	  7.1472062e+004	  3.1021209e+002	  3.4377898e-001	
  1.2885000e+001	  7.1459774e+004	  3.1021352e+002	  2.9970552e-001	
  1.2903000e+001	  7.1383999e+004	  3.1021464e+002	  4.1161589e-002	
  1.2922000e+001	  7.1693242e+004	  3.1021582e+002	  1.9611960e-001	
  1.2943000e+001	  7.1717818e+004	  3.1021712e+002	  1.9271332e-001	
  1.2962000e+001	  7.1551932e+004	  3.1021830e+002	  2.4602057e-001	
  1.2983000e+001	  7.1756729e+004	  3.1021960e+002	  1.6721289e-001	
  1.3002000e+001	  7.1578556e+004	  3.1022078e+002	  2.9007999e-001	
  1.3022000e+001	  7.1402430e+004	  3.1022201e+002	  2.8763662e-002	
  1.3045000e+001	  7.1463870e+004	  3.1022343e+002	 -1.2576145e-001	
  1.3063000e+001	  7.1134146e+004	  3.1022454e+002	  1.8130259e-001	
  1.3082000e+001	  7.1236545e+004	  3.1022571e+002	  2.2774044e-001	
  1.3105000e+001	  7.1037892e+004	  3.1022712e+002	  1.4101542e-001	
  1.3122000e+001	  7.2104884e+004	  3.1022817e+002	  2.1091930e-003	
  1.3142000e+001	  7.1584700e+004	  3.1022940e+002	  1.4686532e-002	
  1.3165000e+001	  7.1422910e+004	  3.1023081e+002	 -4.3889059e-002	
  1.3182000e+001	  7.1984054e+004	  3.1023185e+002	  6.7738240e-002	
  1.3202000e+001	  7.1330752e+004	  3.1023307e+002	  6.8349023e-002	
  1.3222000e+001	  7.1910327e+004	  3.1023429e+002	  5.7623099e-002	
  1.3242000e+001	  7.1508925e+004	  3.1023551e+002	 -2.0280520e-001	
  1.3262000e+001	  7.2018869e+004	  3.1023673e+002	 -1.7164044e-001	
  1.3284000e+001	  7.1388095e+004	  3.1023807e+002	 -8.1309672e-002	
  1.3302000e+001	  7.1310272e+004	  3.1023917e+002	 -2.0183265e-001	
  1.3322000e+001	  7.1592892e+004	  3.1024038e+002	 -1.0050316e-001	
  1.3342000e+001	  7.1881655e+004	  3.1024160e+002	 -1.9044734e-001	
  1.3365000e+001	  7.1529405e+004	  3.1024299e+002	 -7.4068647e-002	
  1.3382000e+001	  7.1529405e+004	  3.1024402e+002	  2.1362976e-004	
  1.3403000e+001	  7.1347135e+004	  3.1024530e+002	 -6.3702228e-002	
  1.3422000e+001	  7.1785401e+004	  3.1024644e+002	 -1.8698160e-001	
  1.3443000e+001	  7.1074756e+004	  3.1024771e+002	 -2.3267966e-001	
  1.3462000e+001	  7.1523260e+004	  3.1024886e+002	 -1.4365263e-001	
  1.3482000e+001	  7.1537596e+004	  3.1025006e+002	 -2.7321564e-001	
  1.3502000e+001	  7.1850936e+004	  3.1025127e+002	 -4.1814849e-001	
  1.3526000e+001	  7.1582652e+004	  3.1025271e+002	 -3.8412200e-001	
  1.3542000e+001	  7.1523261e+004	  3.1025367e+002	 -3.4747465e-001	
  1.3563000e+001	  7.1707578e+004	  3.1025493e+002	 -2.5244347e-001	
  1.3582000e+001	  7.1783353e+004	  3.1025607e+002	 -2.2030977e-001	
  1.3603000e+001	  7.2047541e+004	  3.1025733e+002	 -1.5070772e-001	
  1.3622000e+001	  7.1492541e+004	  3.1025847e+002	 -3.7561061e-001	
  1.3642000e+001	  7.1910327e+004	  3.1025966e+002	 -2.6413530e-001	
  1.3662000e+001	  7.1410622e+004	  3.1026086e+002	 -2.3951691e-001	
  1.3683000e+001	  7.1117763e+004	  3.1026211e+002	 -3.1727586e-001	
  1.3702000e+001	  7.1089091e+004	  3.1026324e+002	 -3.1273332e-001	
  1.3726000e+001	  7.1558076e+004	  3.1026467e+002	 -2.4915438e-001	
  1.3742000e+001	  7.1680955e+004	  3.1026562e+002	 -2.9638554e-001	
  1.3762000e+001	  5.8765849e+005	  3.1026681e+002	 -4.2635332e-001	
  1.3782000e+001	  5.8973103e+005	  3.1026800e+002	 -4.8446225e-001	
  1.3802000e+001	  5.8481181e+005	  3.1026918e+002	 -5.5546083e-001	
  1.3822000e+001	  5.8354617e+005	  3.1027037e+002	 -2.6704160e-001	
  1.3842000e+001	  5.8382879e+005	  3.1027155e+002	 -1.4968747e-001	
  1.3862000e+001	  5.8290515e+005	  3.1027273e+002	 -4.4068425e-001	
  1.3885000e+001	  5.7624311e+005	  3.1027409e+002	 -2.7565903e-001	
  1.3903000e+001	  5.7711145e+005	  3.1027515e+002	 -2.6459123e-001	
  1.3924000e+001	  5.8170504e+005	  3.1027639e+002	 -1.6583320e-001	
  1.3943000e+001	  5.8107837e+005	  3.1027751e+002	 -9.7516554e-002	
  1.3962000e+001	  5.8555932e+005	  3.1027863e+002	 -3.4523593e-001	
  1.3983000e+001	  5.8890980e+005	  3.1027986e+002	 -1.8906833e-001	
  1.4002000e+001	  5.8663041e+005	  3.1028098e+002	 -1.7209761e-001	
  1.4025000e+001	  5.8668161e+005	  3.1028233e+002	 -3.3612454e-001	
  1.4042000e+001	  5.8643176e+005	  3.1028332e+002	  6.3957243e-002	
  1.4063000e+001	  5.9334775e+005	  3.1028455e+002	  1.2528428e-002	
  1.4082000e+001	  5.9245893e+005	  3.1028566e+002	 -8.7794742e-002	
  1.4102000e+001	  5.9588313e+005	  3.1028683e+002	 -1.3832748e-001	
  1.4125000e+001	  5.9525031e+005	  3.1028817e+002	  2.8068033e-003	
  1.4142000e+001	  5.8967164e+005	  3.1028917e+002	  6.0490870e-002	
  1.4162000e+001	  5.8495517e+005	  3.1029033e+002	  4.9916785e-002	
  1.4182000e+001	  5.8197742e+005	  3.1029149e+002	 -2.0051248e-001	
  1.4205000e+001	  5.7970623e+005	  3.1029283e+002	 -5.8993857e-002	
  1.4223000e+001	  5.7972056e+005	  3.1029388e+002	 -8.3643649e-002	
  1.4242000e+001	  5.7962021e+005	  3.1029498e+002	  1.7308073e-002	
  1.4263000e+001	  5.8450257e+005	  3.1029620e+002	 -4.3469367e-002	
  1.4282000e+001	  5.7860032e+005	  3.1029730e+002	 -7.5424883e-004	
  1.4305000e+001	  5.7294793e+005	  3.1029863e+002	 -5.0771897e-002	
  1.4322000e+001	  5.7419105e+005	  3.1029961e+002	  1.3830144e-001	
  1.4342000e+001	  5.7549356e+005	  3.1030077e+002	 -2.2621774e-002	
  1.4362000e+001	  5.7078732e+005	  3.1030192e+002	 -4.3437390e-002	
  1.4382000e+001	  5.6985140e+005	  3.1030307e+002	  1.7416145e-002	
  1.4403000e+001	  5.7014836e+005	  3.1030428e+002	  1.4792251e-001	
  1.4425000e+001	  5.6825399e+005	  3.1030555e+002	  2.1447464e-001	
  1.4443000e+001	  5.7464570e+005	  3.1030658e+002	  1.7497251e-001	
  1.4462000e+001	  5.7957311e+005	  3.1030767e+002	  8.1015414e-002	
  1.4483000e+001	  5.8258567e+005	  3.1030888e+002	  2.9080806e-002	
  1.4502000e+001	  5.8548559e+005	  3.1030997e+002	  2.0841875e-001	
  1.4523000e+001	  5.8632731e+005	  3.1031117e+002	  8.4128513e-002	
  1.4542000e+001	  5.8004414e+005	  3.1031226e+002	  1.7038247e-001	
  1.4563000e+001	  5.7260797e+005	  3.1031346e+002	 -2.8475187e-002	
  1.4585000e+001	  5.7326741e+005	  3.1031472e+002	  3.1914918e-001	
  1.4602000e+001	  5.7404154e+005	  3.1031569e+002	  4.0135592e-001	
  1.4622000e+001	  5.7805966e+005	  3.1031683e+002	  2.8612873e-001	
  1.4643000e+001	  5.8347858e+005	  3.1031802e+002	  3.0661609e-001	
  1.4662000e+001	  5.8723046e+005	  3.1031911e+002	  1.9883000e-001	
  1.4685000e+001	  5.8836913e+005	  3.1032041e+002	  2.7915223e-001	
  1.4702000e+001	  5.8804965e+005	  3.1032138e+002	  2.1342708e-001	
  1.4722000e+001	  5.9121786e+005	  3.1032251e+002	  3.3146171e-001	
  1.4745000e+001	  5.9105197e+005	  3.1032382e+002	  3.4154737e-001	
  1.4762000e+001	  5.9108679e+005	  3.1032478e+002	  3.9567828e-001	
  1.4782000e+001	  5.9572339e+005	  3.1032591e+002	  2.8353992e-001	
  1.4806000e+001	  5.9220088e+005	  3.1032727e+002	  4.1385386e-001	
  1.4822000e+001	  5.8584808e+005	  3.1032818e+002	  3.3073582e-001	
  1.4842000e+001	  5.7689436e+005	  3.1032931e+002	  4.2689605e-001	
  1.4865000e+001	  7.1719866e+004	  3.1033060e+002	  3.7440876e-001	
  1.4883000e+001	  7.1975862e+004	  3.1033162e+002	  2.9843957e-001	
  1.4903000e+001	  7.1496637e+004	  3.1033274e+002	  5.1533558e-001	
  1.4926000e+001	  7.1676858e+004	  3.1033404e+002	  4.4397755e-001	
  1.4943000e+001	  7.1463870e+004	  3.1033499e+002	  2.4506209e-001	
  1.4966000e+001	  7.2135603e+004	  3.1033629e+002	  2.1444767e-001	
  1.4983000e+001	  7.1633851e+004	  3.1033724e+002	  1.8985170e-001	
  1.5002000e+001	  7.1285696e+004	  3.1033831e+002	  1.2230699e-001	
  1.5023000e+001	  7.1652283e+004	  3.1033948e+002	  8.7560448e-002	
  1.5042000e+001	  7.1664571e+004	  3.1034055e+002	  2.6172785e-001	
  1.5063000e+001	  7.1783353e+004	  3.1034172e+002	  1.4294661e-001	
  1.5083000e+001	  7.1656379e+004	  3.1034284e+002	  1.3606655e-001	
  1.5103000e+001	  7.1080899e+004	  3.1034396e+002	  2.0989231e-001	
  1.5125000e+001	  7.1830456e+004	  3.1034518e+002	  1.9376750e-001	
  1.5143000e+001	  7.1740345e+004	  3.1034619e+002	  2.0869020e-001	
  1.5162000e+001	  7.1545788e+004	  3.1034725e+002	  4.0698953e-002	
  1.5182000e+001	  7.1257025e+004	  3.1034836e+002	  1.1770882e-001	
  1.5202000e+001	  7.1707578e+004	  3.1034947e+002	  7.0511022e-002	
  1.5223000e+001	  7.2078260e+004	  3.1035064e+002	  2.8937273e-001	
  1.5242000e+001	  7.1556028e+004	  3.1035170e+002	  1.6758373e-001	
  1.5262000e+001	  7.1539645e+004	  3.1035281e+002	  1.0429744e-001	
  1.5285000e+001	  7.1216065e+004	  3.1035408e+002	 -9.1034893e-002	
  1.5302000e+001	  7.1766969e+004	  3.1035502e+002	  2.4751724e-001	
  1.5322000e+001	  7.1539644e+004	  3.1035613e+002	 -4.4155940e-003	
  1.5342000e+001	  7.1852984e+004	  3.1035724e+002	 -1.8787443e-001	
  1.5362000e+001	  7.1869367e+004	  3.1035834e+002	  3.8175556e-002	
  1.5382000e+001	  7.1519165e+004	  3.1035945e+002	  6.2423941e-002	
  1.5403000e+001	  7.1625659e+004	  3.1036061e+002	  4.5001220e-002	
  1.5423000e+001	  7.1199682e+004	  3.1036171e+002	 -8.0696917e-002	
  1.5445000e+001	  7.1797689e+004	  3.1036292e+002	  8.1811607e-002	
  1.5463000e+001	  7.1494589e+004	  3.1036391e+002	 -1.6725728e-001	
  1.5483000e+001	  7.1289792e+004	  3.1036501e+002	 -1.1549506e-002	
  1.5503000e+001	  7.1648187e+004	  3.1036611e+002	  5.8116428e-002	
  1.5523000e+001	  7.1336895e+004	  3.1036721e+002	 -2.2509941e-001	
  1.5542000e+001	  7.1427006e+004	  3.1036825e+002	 -2.2422364e-001	
  1.5563000e+001	  7.1383999e+004	  3.1036940e+002	 -2.0453152e-001	
  1.5585000e+001	  7.1787449e+004	  3.1037061e+002	 -2.1284300e-001	
  1.5603000e+001	  7.2008629e+004	  3.1037160e+002	 -3.0821791e-001	
  1.5623000e+001	  7.1105475e+004	  3.1037269e+002	 -2.4468371e-001	
  1.5643000e+001	  7.1517117e+004	  3.1037378e+002	 -1.9920409e-001	
  1.5662000e+001	  7.1187394e+004	  3.1037482e+002	  3.8477503e-002	
  1.5682000e+001	  7.1273408e+004	  3.1037591e+002	 -1.2845621e-001	
  1.5702000e+001	  7.1603131e+004	  3.1037701e+002	 -2.4989470e-001	
  1.5723000e+001	  7.1556028e+004	  3.1037815e+002	 -2.5247859e-001	
  1.5742000e+001	  7.1670715e+004	  3.1037919e+002	 -7.3519652e-002	
  1.5765000e+001	  7.1492541e+004	  3.1038044e+002	 -3.4816256e-001	
  1.5782000e+001	  7.1173058e+004	  3.1038136e+002	 -2.4461695e-001	
  1.5802000e+001	  7.1787449e+004	  3.1038245e+002	 -3.6746044e-001	
  1.5825000e+001	  7.1291840e+004	  3.1038370e+002	 -3.9008404e-001	
  1.5843000e+001	  7.1666618e+004	  3.1038468e+002	 -3.0491077e-001	
  1.5862000e+001	  7.1332800e+004	  3.1038571e+002	 -4.3616097e-001	
  1.5886000e+001	  7.2022965e+004	  3.1038701e+002	 -2.7108089e-001	
  1.5903000e+001	  7.1572412e+004	  3.1038793e+002	 -5.5566522e-001	
  1.5923000e+001	  7.1797688e+004	  3.1038901e+002	 -3.6209486e-001	
  1.5943000e+001	  7.1252929e+004	  3.1039010e+002	 -3.5152940e-001	
  1.5963000e+001	  5.8329632e+005	  3.1039118e+002	 -3.5922043e-001	
  1.5983000e+001	  5.8811519e+005	  3.1039226e+002	 -2.7702267e-001	
  1.6002000e+001	  5.8777113e+005	  3.1039328e+002	 -3.0407089e-001	
  1.6023000e+001	  5.8683725e+005	  3.1039442e+002	 -4.2519192e-001	
  1.6043000e+001	  5.7869658e+005	  3.1039549e+002	 -7.1333664e-002	
  1.6063000e+001	  5.7194033e+005	  3.1039657e+002	 -2.8670080e-001	
  1.6082000e+001	  5.7293155e+005	  3.1039759e+002	 -2.5735089e-001	
  1.6107000e+001	  5.7620010e+005	  3.1039894e+002	 -2.8129089e-001	
  1.6122000e+001	  5.8246689e+005	  3.1039975e+002	 -1.5809506e-001	
  1.6143000e+001	  5.8157807e+005	  3.1040088e+002	 -4.1716023e-001	
  1.6163000e+001	  5.7361147e+005	  3.1040195e+002	 -1.4677031e-001	
  1.6183000e+001	  5.6989646e+005	  3.1040302e+002	 -2.8982309e-001	
  1.6202000e+001	  5.8098621e+005	  3.1040404e+002	 -1.4769431e-001	
  1.6223000e+001	  5.8578255e+005	  3.1040517e+002	 -1.0613059e-001	
  1.6245000e+001	  5.7848564e+005	  3.1040635e+002	 -3.7283189e-001	
  1.6263000e+001	  5.7206935e+005	  3.1040731e+002	 -5.2312710e-002	
  1.6282000e+001	  5.6901788e+005	  3.1040833e+002	 -9.3346174e-002	
  1.6303000e+001	  5.6329380e+005	  3.1040945e+002	 -2.3310309e-001	
  1.6322000e+001	  5.6496699e+005	  3.1041046e+002	 -1.3302030e-001	
  1.6347000e+001	  5.6914485e+005	  3.1041180e+002	 -1.0523980e-001	
  1.6362000e+001	  5.7247280e+005	  3.1041260e+002	 -6.7529178e-002	
  1.6382000e+001	  5.7255882e+005	  3.1041367e+002	  1.4177303e-001	
  1.6403000e+001	  5.7374664e+005	  3.1041478e+002	 -1.0057110e-001	
  1.6423000e+001	  5.7791016e+005	  3.1041585e+002	  4.4037798e-003	
  1.6443000e+001	  5.7859008e+005	  3.1041691e+002	 -9.3853844e-002	
  1.6462000e+001	  5.8169071e+005	  3.1041793e+002	  7.8572555e-002	
  1.6486000e+001	  5.7254243e+005	  3.1041920e+002	  1.2029662e-002	
  1.6502000e+001	  5.7290492e+005	  3.1042005e+002	  1.3524892e-001	
  1.6523000e+001	  5.7076070e+005	  3.1042117e+002	  3.4410293e-002	
  1.6543000e+001	  5.7894438e+005	  3.1042223e+002	  9.8415401e-002	
  1.6563000e+001	  5.7936422e+005	  3.1042329e+002	  1.7410976e-001	
  1.6586000e+001	  5.7904269e+005	  3.1042451e+002	  2.1182326e-001	
  1.6603000e+001	  5.7371387e+005	  3.1042541e+002	  3.2164799e-003	
  1.6623000e+001	  5.7779957e+005	  3.1042647e+002	 -1.0270703e-002	
  1.6643000e+001	  5.7450439e+005	  3.1042753e+002	  4.9955458e-002	
  1.6662000e+001	  5.7024666e+005	  3.1042853e+002	  1.3464766e-001	
  1.6683000e+001	  5.7024871e+005	  3.1042964e+002	  1.7587721e-001	
  1.6707000e+001	  5.7661379e+005	  3.1043091e+002	  2.0957745e-001	
  1.6723000e+001	  5.7666499e+005	  3.1043175e+002	  3.2918309e-001	
  1.6742000e+001	  5.8077322e+005	  3.1043276e+002	  2.3896275e-001	
  1.6765000e+001	  5.8630888e+005	  3.1043397e+002	  5.8332001e-002	
  1.6782000e+001	  5.7790606e+005	  3.1043487e+002	  2.0838695e-001	
  1.6805000e+001	  5.7393505e+005	  3.1043608e+002	  1.8590331e-001	
  1.6822000e+001	  5.6797956e+005	  3.1043697e+002	  4.9513957e-001	
  1.6843000e+001	  5.6989850e+005	  3.1043808e+002	  2.7383089e-001	
  1.6862000e+001	  5.6945000e+005	  3.1043908e+002	  2.6662524e-001	
  1.6886000e+001	  5.6993742e+005	  3.1044034e+002	  2.9955329e-001	
  1.6903000e+001	  5.7139762e+005	  3.1044123e+002	  3.3341765e-001	
  1.6923000e+001	  5.6965684e+005	  3.1044228e+002	  2.9714170e-001	
  1.6947000e+001	  5.6869020e+005	  3.1044354e+002	  4.4114901e-001	
  1.6962000e+001	  5.7071974e+005	  3.1044433e+002	  1.8706453e-001	
  1.6986000e+001	  5.8024279e+005	  3.1044559e+002	  3.9715680e-001	
  1.7002000e+001	  5.7633527e+005	  3.1044643e+002	  6.8623296e-001	
  1.7023000e+001	  5.7335957e+005	  3.1044753e+002	  3.7916544e-001	
  1.7043000e+001	  5.7483820e+005	  3.1044858e+002	  3.9513527e-001	
  1.7063000e+001	  7.1236545e+004	  3.1044962e+002	  3.7757264e-001	
  1.7083000e+001	  7.1189441e+004	  3.1045067e+002	  3.0568012e-001	
  1.7103000e+001	  7.1590843e+004	  3.1045171e+002	  4.7737704e-001	
  1.7126000e+001	  7.1934903e+004	  3.1045292e+002	  2.7207180e-001	
  1.7143000e+001	  7.1695290e+004	  3.1045380e+002	  2.9832815e-001	
  1.7163000e+001	  7.1758777e+004	  3.1045485e+002	  3.0399482e-001	
  1.7183000e+001	  7.1517117e+004	  3.1045589e+002	  3.1260572e-001	
  1.7205000e+001	  7.1879608e+004	  3.1045704e+002	  1.9766049e-001	
  1.7223000e+001	  7.1519165e+004	  3.1045798e+002	  4.0635070e-001	
  1.7243000e+001	  7.1386047e+004	  3.1045902e+002	  3.8537533e-001	
  1.7263000e+001	  7.1617467e+004	  3.1046006e+002	  1.3842384e-001	
  1.7282000e+001	  7.1441342e+004	  3.1046105e+002	  1.3128578e-001	
  1.7306000e+001	  7.1449534e+004	  3.1046230e+002	  2.2216481e-001	
  1.7323000e+001	  7.1572412e+004	  3.1046319e+002	  6.5570802e-002	
  1.7343000e+001	  7.1611323e+004	  3.1046423e+002	  1.9025007e-001	
  1.7362000e+001	  7.1902135e+004	  3.1046521e+002	  4.3870771e-002	
  1.7383000e+001	  7.1517117e+004	  3.1046630e+002	  1.6587321e-001	
  1.7405000e+001	  7.1422910e+004	  3.1046745e+002	  1.0393923e-001	
  1.7423000e+001	  7.1773113e+004	  3.1046838e+002	  1.5471967e-001	
  1.7443000e+001	  7.1203778e+004	  3.1046942e+002	  1.9215017e-001	
  1.7463000e+001	  7.1562172e+004	  3.1047046e+002	 -2.9423560e-002	
  1.7483000e+001	  7.1773113e+004	  3.1047149e+002	 -5.1115260e-002	
  1.7503000e+001	  7.1424959e+004	  3.1047253e+002	  2.4033084e-002	
  1.7523000e+001	  7.1394238e+004	  3.1047357e+002	  1.0043893e-001	
  1.7543000e+001	  7.1603131e+004	  3.1047460e+002	  1.5345190e-001	
  1.7563000e+001	  7.2065972e+004	  3.1047564e+002	  5.8985517e-002	
  1.7586000e+001	  7.1578556e+004	  3.1047683e+002	  2.3163889e-002	
  1.7603000e+001	  7.1588796e+004	  3.1047771e+002	 -1.5980111e-001	
  1.7622000e+001	  7.1828408e+004	  3.1047869e+002	 -1.2988132e-001	
  1.7643000e+001	  7.1349183e+004	  3.1047977e+002	 -7.7596462e-002	
  1.7665000e+001	  7.1529405e+004	  3.1048091e+002	 -9.6996146e-002	
  1.7683000e+001	  7.1109571e+004	  3.1048184e+002	 -1.3207752e-001	
  1.7702000e+001	  7.1433150e+004	  3.1048282e+002	 -1.4198415e-001	
  1.7727000e+001	  7.1304128e+004	  3.1048411e+002	 -1.7276803e-001	
  1.7743000e+001	  7.1848888e+004	  3.1048494e+002	 -1.6800134e-001	
  1.7763000e+001	  7.1713721e+004	  3.1048597e+002	 -4.0768003e-001	
  1.7783000e+001	  7.1777209e+004	  3.1048700e+002	 -9.0153855e-002	
  1.7803000e+001	  7.1805880e+004	  3.1048803e+002	 -9.5645958e-002	
  1.7823000e+001	  7.1621563e+004	  3.1048906e+002	 -2.3021491e-001	
  1.7843000e+001	  7.1863223e+004	  3.1049009e+002	 -2.1432272e-001	
  1.7863000e+001	  7.1840696e+004	  3.1049112e+002	 -1.7637037e-001	
  1.7883000e+001	  7.1660474e+004	  3.1049215e+002	 -1.9563822e-001	
  1.7904000e+001	  7.1627707e+004	  3.1049323e+002	 -2.3928983e-001	
  1.7923000e+001	  7.1125955e+004	  3.1049421e+002	 -1.3995888e-001	
  1.7943000e+001	  7.1969718e+004	  3.1049523e+002	 -2.2382061e-001	
  1.7966000e+001	  7.1531453e+004	  3.1049642e+002	 -2.8639803e-001	
  1.7983000e+001	  7.1588795e+004	  3.1049729e+002	 -2.9659392e-001	
  1.8006000e+001	  7.1619515e+004	  3.1049847e+002	 -4.6472071e-001	
  1.8024000e+001	  7.1480253e+004	  3.1049940e+002	 -4.0476503e-001	
  1.8043000e+001	  7.1285696e+004	  3.1050037e+002	 -3.7388166e-001	
  1.8063000e+001	  7.2225714e+004	  3.1050140e+002	 -4.0525336e-001	
  1.8083000e+001	  7.1824312e+004	  3.1050242e+002	 -3.0599723e-001	
  1.8103000e+001	  7.1478205e+004	  3.1050345e+002	 -3.0595052e-001	
  1.8123000e+001	  7.1381951e+004	  3.1050448e+002	 -4.8161931e-001	
  1.8143000e+001	  7.1484349e+004	  3.1050550e+002	 -5.7464686e-001	
  1.8163000e+001	  5.7972875e+005	  3.1050653e+002	 -5.1645225e-001	
  1.8183000e+001	  5.7529900e+005	  3.1050755e+002	 -4.1368986e-001	
  1.8206000e+001	  5.7528057e+005	  3.1050873e+002	 -2.5309400e-001	
  1.8224000e+001	  5.7784053e+005	  3.1050965e+002	 -2.2854368e-001	
  1.8243000e+001	  5.7284144e+005	  3.1051062e+002	 -3.0808414e-001	
  1.8263000e+001	  5.7191371e+005	  3.1051165e+002	 -2.5422410e-001	
  1.8283000e+001	  5.7040230e+005	  3.1051267e+002	 -1.6945628e-001	
  1.8303000e+001	  5.7810471e+005	  3.1051369e+002	 -2.0327024e-001	
  1.8323000e+001	  5.7966936e+005	  3.1051471e+002	 -3.3840283e-001	
  1.8343000e+001	  5.7981886e+005	  3.1051574e+002	 -1.8119752e-001	
  1.8363000e+001	  5.8107427e+005	  3.1051676e+002	 -2.0386087e-001	
  1.8383000e+001	  5.7754357e+005	  3.1051778e+002	 -2.4336172e-001	
  1.8405000e+001	  5.7907955e+005	  3.1051891e+002	 -1.5768585e-001	
  1.8423000e+001	  5.8012196e+005	  3.1051982e+002	 -5.0888915e-002	
  1.8443000e+001	  5.7993765e+005	  3.1052085e+002	 -1.2484710e-001	
  1.8463000e+001	  5.7588062e+005	  3.1052187e+002	 -1.6129390e-001	
  1.8483000e+001	  5.7882355e+005	  3.1052289e+002	 -1.6455275e-001	
  1.8503000e+001	  5.7710121e+005	  3.1052391e+002	  1.3945290e-001	
  1.8523000e+001	  5.7621239e+005	  3.1052493e+002	 -9.4088287e-002	
  1.8546000e+001	  5.7598712e+005	  3.1052610e+002	 -4.0905186e-003	
  1.8563000e+001	  5.7690870e+005	  3.1052697e+002	 -4.4864419e-002	
  1.8583000e+001	  5.7397601e+005	  3.1052799e+002	 -2.9810699e-001	
  1.8603000e+001	  5.7073407e+005	  3.1052901e+002	  1.3799036e-001	
  1.8623000e+001	  5.7197924e+005	  3.1053003e+002	 -1.3034047e-001	
  1.8643000e+001	  5.6976948e+005	  3.1053105e+002	 -5.2270036e-002	
  1.8663000e+001	  5.7138533e+005	  3.1053207e+002	 -3.3981918e-002	
  1.8683000e+001	  5.6905269e+005	  3.1053309e+002	 -1.6485647e-002	
  1.8703000e+001	  5.7155941e+005	  3.1053410e+002	 -3.5851931e-002	
  1.8727000e+001	  5.7469689e+005	  3.1053533e+002	  1.4405085e-001	
  1.8743000e+001	  5.7208983e+005	  3.1053614e+002	 -1.3508225e-001	
  1.8763000e+001	  5.7804737e+005	  3.1053716e+002	  2.0671530e-001	
  1.8783000e+001	  5.7797979e+005	  3.1053818e+002	  9.0395856e-002	
  1.8806000e+001	  5.7468870e+005	  3.1053935e+002	  2.6338298e-001	
  1.8823000e+001	  5.7541983e+005	  3.1054021e+002	  1.2090336e-001	
  1.8843000e+001	  5.8012196e+005	  3.1054123e+002	  2.2744116e-001	
  1.8863000e+001	  5.7945433e+005	  3.1054225e+002	  2.9545282e-001	
  1.8883000e+001	  5.7606084e+005	  3.1054327e+002	  2.0673551e-001	
  1.8904000e+001	  5.7189118e+005	  3.1054434e+002	  1.6946664e-001	
  1.8923000e+001	  5.7349269e+005	  3.1054530e+002	  5.4401481e-002	
  1.8944000e+001	  5.7151640e+005	  3.1054637e+002	  1.0808114e-001	
  1.8963000e+001	  5.6663404e+005	  3.1054734e+002	  2.7759778e-001	
  1.8984000e+001	  5.6440995e+005	  3.1054840e+002	  2.8701718e-001	
  1.9003000e+001	  5.7118872e+005	  3.1054937e+002	  2.4841280e-001	
  1.9024000e+001	  5.7238883e+005	  3.1055044e+002	  3.4214015e-001	
  1.9043000e+001	  5.7719951e+005	  3.1055140e+002	  4.1485952e-001	
  1.9064000e+001	  5.7126040e+005	  3.1055247e+002	  1.9029898e-001	
  1.9083000e+001	  5.6687365e+005	  3.1055343e+002	  3.8827412e-001	
  1.9104000e+001	  5.6583943e+005	  3.1055450e+002	  2.7716786e-001	
  1.9123000e+001	  5.6676102e+005	  3.1055547e+002	  2.7209403e-001	
  1.9143000e+001	  5.6765598e+005	  3.1055648e+002	  4.1721916e-001	
  1.9163000e+001	  5.6948072e+005	  3.1055750e+002	  2.8402693e-001	
  1.9183000e+001	  5.7002138e+005	  3.1055851e+002	  2.6442646e-001	
  1.9203000e+001	  5.7028557e+005	  3.1055953e+002	  3.8583250e-001	
  1.9223000e+001	  5.6636371e+005	  3.1056055e+002	  4.8671385e-001	
  1.9243000e+001	  5.6968142e+005	  3.1056156e+002	  3.9774512e-001	
  1.9263000e+001	  7.1535549e+004	  3.1056258e+002	  3.1108289e-001	
  1.9283000e+001	  7.1588796e+004	  3.1056359e+002	  2.8607929e-001	
  1.9303000e+001	  7.1568316e+004	  3.1056461e+002	  4.3518793e-001	
  1.9326000e+001	  7.1760825e+004	  3.1056578e+002	  2.2253398e-001	
  1.9343000e+001	  7.1101379e+004	  3.1056664e+002	  3.5759318e-001	
  1.9363000e+001	  7.1330751e+004	  3.1056766e+002	  2.3179215e-001	
  1.9383000e+001	  7.1701434e+004	  3.1056867e+002	  3.0865542e-001	
  1.9404000e+001	  7.1369663e+004	  3.1056974e+002	  2.2862185e-001	
  1.9424000e+001	  7.1332800e+004	  3.1057075e+002	  5.2240811e-002	
  1.9443000e+001	  7.1906231e+004	  3.1057172e+002	  2.5878173e-001	
  1.9463000e+001	  7.1756729e+004	  3.1057273e+002	  1.7703212e-001	
  1.9483000e+001	  7.1369663e+004	  3.1057375e+002	  1.9514086e-001	
  1.9506000e+001	  7.1359423e+004	  3.1057492e+002	  1.2981955e-001	
  1.9523000e+001	  7.1439294e+004	  3.1057578e+002	  2.0336264e-001	
  1.9543000e+001	  7.1973814e+004	  3.1057679e+002	  1.8269687e-001	
  1.9564000e+001	  7.1898039e+004	  3.1057786e+002	  2.9933312e-002	
  1.9583000e+001	  7.1816120e+004	  3.1057882e+002	  2.2549703e-001	
  1.9604000e+001	  7.2250290e+004	  3.1057989e+002	  1.5981929e-001	
  1.9623000e+001	  7.1535549e+004	  3.1058086e+002	  1.7985134e-001	
  1.9646000e+001	  7.1762873e+004	  3.1058202e+002	  2.1471192e-001	
  1.9663000e+001	  7.1390143e+004	  3.1058289e+002	  1.2498314e-001	
  1.9683000e+001	  7.1742393e+004	  3.1058390e+002	 -2.6533214e-002	
  1.9703000e+001	  7.2360880e+004	  3.1058492e+002	  8.1177033e-002	
  1.9727000e+001	  7.1730106e+004	  3.1058614e+002	  2.9490965e-002	
  1.9743000e+001	  7.2186803e+004	  3.1058695e+002	  5.1716300e-002	
  1.9763000e+001	  7.1533501e+004	  3.1058796e+002	  8.5541438e-002	
  1.9786000e+001	  7.1605179e+004	  3.1058913e+002	 -4.6664363e-002	
  1.9804000e+001	  7.1885751e+004	  3.1059005e+002	  1.1025643e-001	
  1.9823000e+001	  7.1494589e+004	  3.1059101e+002	  9.4651497e-002	
  1.9847000e+001	  7.1814072e+004	  3.1059223e+002	  1.5894671e-002	
  1.9863000e+001	  7.1195585e+004	  3.1059304e+002	  5.2295894e-002	
  1.9883000e+001	  7.1398334e+004	  3.1059406e+002	 -9.5529208e-002	
  1.9904000e+001	  7.1027652e+004	  3.1059513e+002	 -1.7089765e-001	
  1.9926000e+001	  7.1732153e+004	  3.1059624e+002	 -8.5034290e-002	
  1.9944000e+001	  7.1834552e+004	  3.1059716e+002	 -1.3277463e-001	
  1.9963000e+001	  7.1431102e+004	  3.1059812e+002	 -1.1820643e-001	
  1.9984000e+001	  7.1754681e+004	  3.1059919e+002	 -2.4808306e-001	
  2.0003000e+001	  7.1328703e+004	  3.1060016e+002	 -8.5720860e-002	
  2.0024000e+001	  7.1687098e+004	  3.1060122e+002	 -2.5880924e-001	
  2.0043000e+001	  7.1510973e+004	  3.1060219e+002	 -2.5382357e-001	
  2.0064000e+001	  7.1556028e+004	  3.1060326e+002	 -3.3748719e-001	
  2.0083000e+001	  7.1478205e+004	  3.1060422e+002	 -1.7531487e-001	
  2.0107000e+001	  7.1517117e+004	  3.1060544e+002	 -2.3172156e-001	
  2.0123000e+001	  7.1470013e+004	  3.1060626e+002	 -3.0684429e-001	
  2.0143000e+001	  7.1308224e+004	  3.1060728e+002	 -3.4687727e-001	
  2.0166000e+001	  7.1728058e+004	  3.1060845e+002	 -2.6889839e-001	
  2.0183000e+001	  7.1603131e+004	  3.1060931e+002	 -1.5135525e-001	
  2.0203000e+001	  7.1973814e+004	  3.1061033e+002	 -2.6130456e-001	
  2.0224000e+001	  7.1431102e+004	  3.1061140e+002	 -2.9372016e-001	
  2.0243000e+001	  7.1836600e+004	  3.1061236e+002	 -3.7783586e-001	
  2.0263000e+001	  7.1357375e+004	  3.1061338e+002	 -4.2568433e-001	
  2.0286000e+001	  7.1623611e+004	  3.1061455e+002	 -2.2492624e-001	
  2.0303000e+001	  7.1826360e+004	  3.1061542e+002	 -3.9551730e-001	
  2.0323000e+001	  7.1707578e+004	  3.1061644e+002	 -2.7064212e-001	
  2.0343000e+001	  7.1101379e+004	  3.1061746e+002	 -4.3972599e-001	
  2.0363000e+001	  5.7062349e+005	  3.1061848e+002	 -4.0627832e-001	
  2.0383000e+001	  5.7002548e+005	  3.1061950e+002	 -5.0366008e-001	
  2.0404000e+001	  5.7077503e+005	  3.1062057e+002	 -3.6503440e-001	
  2.0423000e+001	  5.6601351e+005	  3.1062153e+002	 -3.4401945e-001	
  2.0446000e+001	  5.7107813e+005	  3.1062271e+002	 -4.4211312e-001	
  2.0463000e+001	  5.6769694e+005	  3.1062357e+002	 -3.7661301e-001	
  2.0484000e+001	  5.6456150e+005	  3.1062465e+002	 -3.8768848e-001	
  2.0506000e+001	  5.6253606e+005	  3.1062577e+002	 -2.1278461e-001	
  2.0524000e+001	  5.6397783e+005	  3.1062669e+002	 -4.3354387e-001	
  2.0543000e+001	  5.5981840e+005	  3.1062766e+002	 -2.6915773e-001	
  2.0563000e+001	  5.5606652e+005	  3.1062868e+002	 -3.1071847e-001	
  2.0583000e+001	  5.5347584e+005	  3.1062970e+002	 -2.1267932e-001	
  2.0607000e+001	  5.5738337e+005	  3.1063092e+002	 -1.6228450e-001	
  2.0623000e+001	  5.5424178e+005	  3.1063174e+002	 -2.1588729e-001	
  2.0643000e+001	  5.6098370e+005	  3.1063276e+002	 -2.0984689e-001	
  2.0663000e+001	  5.6235788e+005	  3.1063379e+002	 -2.9152783e-001	
  2.0684000e+001	  5.6429117e+005	  3.1063486e+002	 -2.0594360e-001	
  2.0703000e+001	  5.6309310e+005	  3.1063583e+002	 -9.2392736e-002	
  2.0723000e+001	  5.6205888e+005	  3.1063685e+002	 -1.6207682e-001	
  2.0743000e+001	  5.6409661e+005	  3.1063788e+002	 -5.3438014e-002	
  2.0764000e+001	  5.6597869e+005	  3.1063895e+002	 -3.4876030e-002	
  2.0783000e+001	  5.6987802e+005	  3.1063992e+002	 -1.3073053e-002	
  2.0806000e+001	  5.6593159e+005	  3.1064110e+002	 -1.9539193e-001	
  2.0823000e+001	  5.6854480e+005	  3.1064197e+002	 -7.3689614e-002	
  2.0843000e+001	  5.6682041e+005	  3.1064300e+002	 -1.9716556e-001	
  2.0863000e+001	  5.7050061e+005	  3.1064402e+002	  9.4857149e-003	
  2.0883000e+001	  5.6902197e+005	  3.1064505e+002	 -1.3549031e-001	
  2.0904000e+001	  5.7278409e+005	  3.1064612e+002	  5.0487079e-002	
  2.0926000e+001	  5.7173963e+005	  3.1064725e+002	  1.4237751e-001	
  2.0944000e+001	  5.6907317e+005	  3.1064817e+002	 -2.1486480e-003	
  2.0963000e+001	  5.6761707e+005	  3.1064915e+002	 -6.2338353e-003	
  2.0987000e+001	  5.6988826e+005	  3.1065038e+002	  1.4579532e-001	
  2.1003000e+001	  5.6608314e+005	  3.1065120e+002	  1.9943808e-002	
  2.1027000e+001	  5.6393277e+005	  3.1065244e+002	  1.3030828e-001	
  2.1043000e+001	  5.6951758e+005	  3.1065326e+002	  1.1740119e-001	
  2.1064000e+001	  5.6889090e+005	  3.1065434e+002	  1.4678825e-001	
  2.1083000e+001	  5.6576365e+005	  3.1065531e+002	  2.2585248e-001	
  2.1104000e+001	  5.6519432e+005	  3.1065639e+002	  1.1514189e-001	
  2.1123000e+001	  5.6878441e+005	  3.1065737e+002	  9.8430707e-002	
  2.1144000e+001	  5.6416419e+005	  3.1065845e+002	  2.2170871e-001	
  2.1163000e+001	  5.6486664e+005	  3.1065943e+002	  3.4074532e-001	
  2.1184000e+001	  5.6800004e+005	  3.1066051e+002	  2.6975268e-001	
  2.1203000e+001	  5.7100236e+005	  3.1066149e+002	  3.1528938e-001	
  2.1227000e+001	  5.6748600e+005	  3.1066273e+002	  3.6062130e-001	
  2.1243000e+001	  5.7089996e+005	  3.1066355e+002	  2.6849992e-001	
  2.1264000e+001	  5.7512697e+005	  3.1066463e+002	  3.9171404e-001	
  2.1283000e+001	  5.7231511e+005	  3.1066561e+002	  2.6069947e-001	
  2.1304000e+001	  5.7221476e+005	  3.1066670e+002	  2.0444274e-001	
  2.1323000e+001	  5.7822555e+005	  3.1066768e+002	  4.2293519e-001	
  2.1343000e+001	  5.7615300e+005	  3.1066871e+002	  3.6525038e-001	
  2.1366000e+001	  5.7565944e+005	  3.1066990e+002	  1.5488752e-001	
  2.1383000e+001	  5.7358690e+005	  3.1067078e+002	  3.5956554e-001	
  2.1404000e+001	  5.6918786e+005	  3.1067186e+002	  3.0975393e-001	
  2.1423000e+001	  5.6593568e+005	  3.1067284e+002	  2.9917839e-001	
  2.1444000e+001	  5.6647020e+005	  3.1067393e+002	  3.9745077e-001	
  2.1463000e+001	  7.2000437e+004	  3.1067491e+002	  4.4346057e-001	
  2.1484000e+001	  7.1416766e+004	  3.1067600e+002	  4.4014348e-001	
  2.1506000e+001	  7.1400382e+004	  3.1067714e+002	  3.2021820e-001	
  2.1524000e+001	  7.1332800e+004	  3.1067807e+002	  3.2936885e-001	
  2.1544000e+001	  7.1332800e+004	  3.1067911e+002	  3.6947714e-001	
  2.1564000e+001	  7.1658427e+004	  3.1068015e+002	  4.6833238e-001	
  2.1583000e+001	  7.1463870e+004	  3.1068113e+002	  3.2516288e-001	
  2.1604000e+001	  7.1422910e+004	  3.1068222e+002	  4.0372530e-001	
  2.1624000e+001	  7.1429054e+004	  3.1068326e+002	  1.3556042e-001	
  2.1644000e+001	  7.1717818e+004	  3.1068430e+002	  2.1287958e-001	
  2.1663000e+001	  7.1615420e+004	  3.1068529e+002	  1.8226365e-001	
  2.1684000e+001	  7.1345087e+004	  3.1068638e+002	  1.4189575e-001	
  2.1703000e+001	  7.2025013e+004	  3.1068737e+002	  1.8639239e-001	
  2.1724000e+001	  7.1803832e+004	  3.1068846e+002	  1.9876577e-001	
  2.1746000e+001	  7.1906231e+004	  3.1068961e+002	  2.6545197e-001	
  2.1764000e+001	  7.2008629e+004	  3.1069054e+002	  2.0589352e-001	
  2.1783000e+001	  7.1648187e+004	  3.1069153e+002	  1.9270474e-001	
  2.1803000e+001	  7.1588796e+004	  3.1069258e+002	  9.1559905e-002	
  2.1826000e+001	  7.1267265e+004	  3.1069378e+002	  1.2857960e-001	
  2.1844000e+001	  7.1594939e+004	  3.1069472e+002	 -1.4601051e-001	
  2.1863000e+001	  7.1431102e+004	  3.1069571e+002	  9.9736732e-002	
  2.1883000e+001	  7.1529404e+004	  3.1069675e+002	  2.0065052e-001	
  2.1904000e+001	  7.1562172e+004	  3.1069785e+002	  2.6813498e-001	
  2.1923000e+001	  7.1476157e+004	  3.1069884e+002	 -5.8938918e-002	
  2.1949000e+001	  7.1621563e+004	  3.1070020e+002	  4.4912368e-002	
  2.1963000e+001	  7.0904774e+004	  3.1070093e+002	  3.2089370e-002	
  2.1987000e+001	  7.1365567e+004	  3.1070219e+002	  1.9547934e-002	
  2.2003000e+001	  7.1422910e+004	  3.1070303e+002	  1.5851318e-001	
  2.2024000e+001	  7.1596987e+004	  3.1070413e+002	 -1.1172869e-001	
  2.2043000e+001	  7.1723962e+004	  3.1070513e+002	 -1.0331873e-001	
  2.2064000e+001	  7.1908279e+004	  3.1070623e+002	 -1.5362106e-001	
  2.2083000e+001	  7.1742393e+004	  3.1070722e+002	 -1.9649642e-001	
  2.2108000e+001	  7.1584700e+004	  3.1070854e+002	  1.4045178e-002	
  2.2124000e+001	  7.1308223e+004	  3.1070938e+002	  1.8373027e-002	
  2.2144000e+001	  7.1556028e+004	  3.1071043e+002	 -2.4737553e-001	
  2.2163000e+001	  7.1437246e+004	  3.1071143e+002	  6.5477597e-002	
  2.2184000e+001	  7.1199682e+004	  3.1071253e+002	 -4.4803831e-002	
  2.2203000e+001	  7.1762873e+004	  3.1071353e+002	 -9.2165548e-002	
  2.2224000e+001	  7.1639995e+004	  3.1071464e+002	 -1.9509622e-002	
  2.2243000e+001	  7.1275457e+004	  3.1071564e+002	 -1.6258455e-001	
  2.2266000e+001	  7.1713722e+004	  3.1071685e+002	 -3.1017408e-001	
  2.2283000e+001	  7.1259073e+004	  3.1071775e+002	 -1.7611432e-001	
  2.2304000e+001	  7.1396286e+004	  3.1071886e+002	 -9.2076686e-002	
  2.2326000e+001	  7.1846840e+004	  3.1072002e+002	 -3.2012634e-001	
  2.2343000e+001	  7.1738297e+004	  3.1072092e+002	 -4.4916009e-001	
  2.2363000e+001	  7.1695290e+004	  3.1072198e+002	 -3.3847583e-001	
  2.2384000e+001	  7.1566268e+004	  3.1072309e+002	 -3.2327879e-001	
  2.2404000e+001	  7.1947190e+004	  3.1072415e+002	 -1.9746842e-001	
  2.2427000e+001	  7.1793593e+004	  3.1072537e+002	 -3.1572318e-001	
  2.2444000e+001	  7.1691194e+004	  3.1072627e+002	 -2.7276816e-001	
  2.2464000e+001	  7.1693242e+004	  3.1072733e+002	 -3.6573788e-001	
  2.2484000e+001	  7.1855032e+004	  3.1072839e+002	 -2.7311610e-001	
  2.2504000e+001	  7.1590844e+004	  3.1072945e+002	 -4.3762429e-001	
  2.2524000e+001	  7.1801785e+004	  3.1073051e+002	 -4.6292753e-001	
  2.2546000e+001	  7.1523261e+004	  3.1073168e+002	 -3.8025268e-001	
  2.2564000e+001	  5.8128111e+005	  3.1073264e+002	 -3.8729655e-001	
  2.2588000e+001	  5.7996017e+005	  3.1073392e+002	 -4.1651178e-001	
  2.2604000e+001	  5.8062372e+005	  3.1073477e+002	 -1.8127292e-001	
  2.2626000e+001	  5.8266964e+005	  3.1073594e+002	 -2.2543799e-001	
  2.2644000e+001	  5.7793883e+005	  3.1073690e+002	 -4.0363142e-001	
  2.2663000e+001	  5.7513721e+005	  3.1073792e+002	 -3.0885439e-001	
  2.2684000e+001	  5.7288239e+005	  3.1073904e+002	 -2.5031772e-001	
  2.2703000e+001	  5.7147954e+005	  3.1074005e+002	 -1.4828146e-001	
  2.2731000e+001	  5.7171096e+005	  3.1074155e+002	 -5.1104496e-002	
  2.2743000e+001	  5.7242365e+005	  3.1074219e+002	 -1.8941083e-001	
  2.2764000e+001	  5.7491808e+005	  3.1074331e+002	 -2.4584396e-001	
  2.2784000e+001	  5.7461907e+005	  3.1074439e+002	 -1.7423787e-001	
  2.2807000e+001	  5.7595435e+005	  3.1074562e+002	 -3.2292347e-001	
  2.2824000e+001	  5.7643357e+005	  3.1074653e+002	 -2.9746887e-001	
  2.2844000e+001	  5.7084262e+005	  3.1074760e+002	 -1.9542219e-001	
  2.2863000e+001	  5.6804509e+005	  3.1074862e+002	 -1.9947541e-001	
  2.2884000e+001	  5.6523528e+005	  3.1074975e+002	 -3.7519396e-002	
  2.2904000e+001	  5.6487074e+005	  3.1075083e+002	 -5.2803140e-003	
  2.2927000e+001	  5.6917762e+005	  3.1075206e+002	 -4.7686392e-002	
  2.2944000e+001	  5.7385928e+005	  3.1075298e+002	 -2.3193625e-002	
  2.2964000e+001	  5.7655235e+005	  3.1075406e+002	  2.5235545e-002	
  2.2984000e+001	  5.7358280e+005	  3.1075513e+002	 -1.8497511e-001	
  2.3004000e+001	  5.7019751e+005	  3.1075621e+002	 -5.2826382e-002	
  2.3027000e+001	  5.6886428e+005	  3.1075745e+002	  1.4005123e-002	
  2.3043000e+001	  5.6614867e+005	  3.1075832e+002	 -1.5900820e-001	
  2.3064000e+001	  5.7069312e+005	  3.1075945e+002	 -7.2769549e-002	
  2.3083000e+001	  5.7547922e+005	  3.1076048e+002	  4.7893730e-002	
  2.3104000e+001	  5.7397601e+005	  3.1076162e+002	  8.9512041e-002	
  2.3124000e+001	  5.7304623e+005	  3.1076270e+002	 -1.0954690e-002	
  2.3144000e+001	  5.7291516e+005	  3.1076378e+002	  1.5519688e-001	
  2.3163000e+001	  5.7558367e+005	  3.1076481e+002	  6.0901936e-002	
  2.3184000e+001	  5.7524575e+005	  3.1076595e+002	  7.3370127e-002	
  2.3206000e+001	  5.7604241e+005	  3.1076715e+002	 -6.3241308e-002	
  2.3224000e+001	  5.7670595e+005	  3.1076813e+002	  1.6688122e-001	
  2.3243000e+001	  5.7027943e+005	  3.1076916e+002	  8.8167594e-002	
  2.3264000e+001	  5.6112296e+005	  3.1077030e+002	  2.2779002e-001	
  2.3284000e+001	  5.5805715e+005	  3.1077139e+002	  2.3593380e-001	
  2.3304000e+001	  5.5987574e+005	  3.1077248e+002	  1.3957173e-001	
  2.3326000e+001	  5.6002729e+005	  3.1077368e+002	  1.2997607e-001	
  2.3344000e+001	  5.5914257e+005	  3.1077467e+002	  1.6394689e-001	
  2.3363000e+001	  5.6125608e+005	  3.1077570e+002	  1.5049404e-001	
  2.3384000e+001	  5.6805533e+005	  3.1077685e+002	  4.0654857e-001	
  2.3404000e+001	  5.7114572e+005	  3.1077795e+002	  2.1149586e-001	
  2.3424000e+001	  5.7087539e+005	  3.1077904e+002	  2.9899379e-001	
  2.3444000e+001	  5.6744094e+005	  3.1078014e+002	  6.3855217e-002	
  2.3471000e+001	  5.6003344e+005	  3.1078162e+002	  2.7195146e-001	
  2.3484000e+001	  5.5784826e+005	  3.1078233e+002	  3.2753356e-001	
  2.3506000e+001	  5.6042460e+005	  3.1078354e+002	  9.6351171e-002	
  2.3524000e+001	  5.6371364e+005	  3.1078453e+002	  4.2439895e-001	
  2.3543000e+001	  5.6551380e+005	  3.1078557e+002	  9.9729275e-002	
  2.3567000e+001	  5.7091634e+005	  3.1078689e+002	  4.2405701e-001	
  2.3583000e+001	  5.7423610e+005	  3.1078778e+002	  3.3372545e-001	
  2.3604000e+001	  5.7338619e+005	  3.1078893e+002	  5.8077441e-001	
  2.3623000e+001	  5.7665885e+005	  3.1078998e+002	  2.9205667e-001	
  2.3647000e+001	  5.7714012e+005	  3.1079131e+002	  4.4139309e-001	
  2.3663000e+001	  7.1537596e+004	  3.1079219e+002	  4.7656495e-001	
  2.3684000e+001	  7.1207873e+004	  3.1079335e+002	  3.3632220e-001	
  2.3703000e+001	  7.1019460e+004	  3.1079440e+002	  2.8995093e-001	
  2.3724000e+001	  7.1760825e+004	  3.1079557e+002	  3.2869592e-001	
  2.3747000e+001	  7.1422910e+004	  3.1079684e+002	  2.9640409e-001	
  2.3764000e+001	  7.0955973e+004	  3.1079778e+002	  2.9643175e-001	
  2.3784000e+001	  7.1617467e+004	  3.1079889e+002	  3.3892866e-001	
  2.3804000e+001	  7.1578556e+004	  3.1080001e+002	  2.6494979e-001	
  2.3827000e+001	  7.1510973e+004	  3.1080129e+002	  2.7428416e-001	
  2.3844000e+001	  7.1242689e+004	  3.1080223e+002	  3.1761255e-001	
  2.3864000e+001	  7.1044036e+004	  3.1080335e+002	  1.8338359e-001	
  2.3884000e+001	  7.2043445e+004	  3.1080446e+002	  1.7402803e-001	
  2.3904000e+001	  7.1578556e+004	  3.1080558e+002	  2.4174140e-001	
  2.3924000e+001	  7.2113076e+004	  3.1080669e+002	  2.3342469e-001	
  2.3946000e+001	  7.1113667e+004	  3.1080792e+002	  2.9198750e-001	
  2.3964000e+001	  7.1359423e+004	  3.1080893e+002	  6.2224712e-002	
  2.3984000e+001	  7.1809976e+004	  3.1081005e+002	  3.1145677e-001	
  2.4004000e+001	  7.1455678e+004	  3.1081117e+002	  1.8230643e-001	
  2.4027000e+001	  7.1500733e+004	  3.1081246e+002	  7.6404370e-002	
  2.4044000e+001	  7.1605180e+004	  3.1081341e+002	  1.8751478e-001	
  2.4064000e+001	  7.1617467e+004	  3.1081454e+002	  6.7019789e-002	
  2.4084000e+001	  7.1596987e+004	  3.1081566e+002	  1.3173642e-001	
  2.4104000e+001	  7.1480254e+004	  3.1081678e+002	  2.1530072e-002	
  2.4124000e+001	  7.1644091e+004	  3.1081791e+002	  1.2523358e-001	
  2.4147000e+001	  7.1314368e+004	  3.1081921e+002	  3.8303275e-003	
  2.4163000e+001	  7.1689146e+004	  3.1082011e+002	 -8.7388229e-003	
  2.4184000e+001	  7.1533500e+004	  3.1082129e+002	 -2.3304161e-002	
  2.4204000e+001	  7.1224257e+004	  3.1082242e+002	 -3.9178832e-002	
  2.4224000e+001	  7.1275456e+004	  3.1082356e+002	 -9.2830068e-003	
  2.4244000e+001	  7.1574460e+004	  3.1082469e+002	 -3.9757164e-002	
  2.4264000e+001	  7.1629755e+004	  3.1082582e+002	 -2.8460340e-002	
  2.4286000e+001	  7.1934902e+004	  3.1082707e+002	 -1.0392562e-001	
  2.4304000e+001	  7.1613371e+004	  3.1082809e+002	  7.8921791e-003	
  2.4324000e+001	  7.1639995e+004	  3.1082923e+002	 -2.6903158e-001	
  2.4344000e+001	  7.1535548e+004	  3.1083036e+002	 -2.0742909e-001	
  2.4364000e+001	  7.1015364e+004	  3.1083150e+002	 -1.9660739e-001	
  2.4388000e+001	  7.1859128e+004	  3.1083287e+002	 -4.7752252e-003	
  2.4404000e+001	  7.1459773e+004	  3.1083378e+002	 -9.6892016e-002	
  2.4427000e+001	  7.1652282e+004	  3.1083509e+002	  5.7643902e-002	
  2.4444000e+001	  7.1498685e+004	  3.1083606e+002	 -4.7361645e-002	
  2.4464000e+001	  7.1625659e+004	  3.1083720e+002	 -1.6023332e-001	
  2.4485000e+001	  7.1848888e+004	  3.1083841e+002	 -2.1112537e-001	
  2.4504000e+001	  7.1424958e+004	  3.1083949e+002	 -1.3859747e-001	
  2.4525000e+001	  7.1693242e+004	  3.1084070e+002	 -2.8172861e-001	
  2.4544000e+001	  7.1629755e+004	  3.1084179e+002	 -2.8024258e-001	
  2.4564000e+001	  7.1424958e+004	  3.1084294e+002	 -3.8133699e-001	
  2.4584000e+001	  7.1578556e+004	  3.1084409e+002	 -4.6033808e-001	
  2.4604000e+001	  7.1668666e+004	  3.1084524e+002	 -3.5238228e-001	
  2.4624000e+001	  7.1508925e+004	  3.1084639e+002	 -3.6059521e-001	
  2.4644000e+001	  7.1484349e+004	  3.1084754e+002	 -3.2572128e-001	
  2.4664000e+001	  7.1197633e+004	  3.1084869e+002	 -2.7548317e-001	
  2.4684000e+001	  7.1574460e+004	  3.1084985e+002	 -2.4124502e-001	
  2.4704000e+001	  7.2063924e+004	  3.1085100e+002	 -4.2433526e-001	
  2.4724000e+001	  7.1957430e+004	  3.1085216e+002	 -3.3966225e-001	
  2.4744000e+001	  7.1701434e+004	  3.1085332e+002	 -2.7791535e-001	
  2.4764000e+001	  5.7036339e+005	  3.1085448e+002	 -4.0507530e-001	
  2.4784000e+001	  5.7636804e+005	  3.1085564e+002	 -4.3445255e-001	
  2.4804000e+001	  5.7101260e+005	  3.1085680e+002	 -3.1502867e-001	
  2.4824000e+001	  5.7307900e+005	  3.1085796e+002	 -2.5175955e-001	
  2.4848000e+001	  5.7048832e+005	  3.1085936e+002	 -3.2736535e-001	
  2.4867000e+001	  5.6781367e+005	  3.1086046e+002	 -4.4776959e-001	
  2.4884000e+001	  5.7063782e+005	  3.1086145e+002	 -3.0629211e-001	
  2.4906000e+001	  5.7186046e+005	  3.1086274e+002	 -4.6186921e-001	
  2.4924000e+001	  5.6837277e+005	  3.1086379e+002	 -2.0943705e-001	
  2.4945000e+001	  5.6827037e+005	  3.1086502e+002	 -3.0917254e-001	
  2.4964000e+001	  5.6929435e+005	  3.1086613e+002	 -1.5722122e-001	
  2.4985000e+001	  5.6648044e+005	  3.1086736e+002	 -3.2534804e-001	
  2.5004000e+001	  5.6715013e+005	  3.1086847e+002	 -3.3889614e-001	
  2.5028000e+001	  5.6861852e+005	  3.1086988e+002	 -2.6150581e-001	
  2.5044000e+001	  5.6726277e+005	  3.1087082e+002	 -2.2396796e-001	
  2.5064000e+001	  5.6457788e+005	  3.1087200e+002	 -1.2862009e-001	
  2.5084000e+001	  5.6376689e+005	  3.1087317e+002	 -6.1263479e-002	
  2.5104000e+001	  5.6431779e+005	  3.1087435e+002	 -3.5267901e-001	
  2.5124000e+001	  5.6372183e+005	  3.1087553e+002	 -8.8945669e-002	
  2.5147000e+001	  5.6495266e+005	  3.1087689e+002	 -1.1958998e-001	
  2.5164000e+001	  5.6512264e+005	  3.1087789e+002	  5.5188266e-002	
  2.5184000e+001	  5.6628998e+005	  3.1087908e+002	  1.7470811e-001	
  2.5204000e+001	  5.6539912e+005	  3.1088026e+002	 -1.4794077e-002	
  2.5228000e+001	  5.7158603e+005	  3.1088168e+002	 -2.9353685e-002	
  2.5244000e+001	  5.6700882e+005	  3.1088263e+002	 -1.1058041e-001	
  2.5268000e+001	  5.6390615e+005	  3.1088406e+002	  4.1943699e-002	
  2.5284000e+001	  5.6666681e+005	  3.1088501e+002	  8.8638433e-002	
  2.5304000e+001	  5.6877417e+005	  3.1088620e+002	  1.0445441e-001	
  2.5324000e+001	  5.6534997e+005	  3.1088739e+002	  2.0429684e-001	
  2.5344000e+001	  5.6643334e+005	  3.1088858e+002	  1.1066625e-001	
  2.5368000e+001	  5.6595207e+005	  3.1089002e+002	  1.6265568e-002	
  2.5384000e+001	  5.6761092e+005	  3.1089097e+002	  1.8860705e-002	
  2.5404000e+001	  5.7027123e+005	  3.1089217e+002	  5.7218002e-002	
  2.5424000e+001	  5.6633504e+005	  3.1089336e+002	 -5.8777025e-002	
  2.5445000e+001	  5.6602989e+005	  3.1089462e+002	  1.3413630e-001	
  2.5464000e+001	  5.6159399e+005	  3.1089576e+002	 -8.5220591e-002	
  2.5485000e+001	  5.6369725e+005	  3.1089702e+002	  2.1293859e-001	
  2.5504000e+001	  5.6540526e+005	  3.1089817e+002	  2.3278355e-001	
  2.5528000e+001	  5.6851613e+005	  3.1089961e+002	  1.2135165e-001	
  2.5544000e+001	  5.6356823e+005	  3.1090058e+002	  7.3182031e-002	
  2.5567000e+001	  5.6264255e+005	  3.1090196e+002	  2.0489256e-001	
  2.5584000e+001	  5.6309106e+005	  3.1090299e+002	  1.4329292e-001	
  2.5605000e+001	  5.6131547e+005	  3.1090426e+002	  1.2520989e-001	
  2.5624000e+001	  5.6720952e+005	  3.1090541e+002	  1.3090081e-001	
  2.5644000e+001	  5.6476015e+005	  3.1090662e+002	  2.2193450e-001	
  2.5664000e+001	  5.6239475e+005	  3.1090783e+002	  7.6214104e-003	
  2.5684000e+001	  5.6818026e+005	  3.1090905e+002	  1.7025702e-001	
  2.5704000e+001	  5.6646816e+005	  3.1091026e+002	  2.6005893e-001	
  2.5728000e+001	  5.6510421e+005	  3.1091172e+002	  3.0451616e-001	
  2.5744000e+001	  5.6294770e+005	  3.1091269e+002	  2.8705702e-001	
  2.5764000e+001	  5.6349860e+005	  3.1091391e+002	  3.1354016e-001	
  2.5784000e+001	  5.6960564e+005	  3.1091513e+002	  2.3032349e-001	
  2.5804000e+001	  5.6714603e+005	  3.1091636e+002	  5.2241171e-001	
  2.5824000e+001	  5.6641081e+005	  3.1091758e+002	  5.3886580e-001	
  2.5847000e+001	  5.6635961e+005	  3.1091899e+002	  3.5251649e-001	
  2.5864000e+001	  7.2168371e+004	  3.1092003e+002	  2.5055542e-001	
  2.5884000e+001	  7.1433150e+004	  3.1092125e+002	  3.0234658e-001	
  2.5904000e+001	  7.1334847e+004	  3.1092248e+002	  2.0531816e-001	
  2.5924000e+001	  7.1429054e+004	  3.1092371e+002	  1.0217709e-001	
  2.5945000e+001	  7.1777209e+004	  3.1092501e+002	  2.3377073e-001	
  2.5964000e+001	  7.1424958e+004	  3.1092618e+002	  9.9563908e-002	
  2.5984000e+001	  7.1936950e+004	  3.1092741e+002	  1.5496381e-001	
  2.6007000e+001	  7.1642043e+004	  3.1092883e+002	  3.0603451e-001	
  2.6025000e+001	  7.2168371e+004	  3.1092994e+002	  2.4552101e-001	
  2.6044000e+001	  7.1461822e+004	  3.1093112e+002	  3.0813884e-001	
  2.6064000e+001	  7.1492541e+004	  3.1093236e+002	  6.7785589e-002	
  2.6084000e+001	  7.1756729e+004	  3.1093360e+002	  3.2754631e-001	
  2.6105000e+001	  7.0628298e+004	  3.1093490e+002	  1.4325604e-001	
  2.6124000e+001	  7.1320512e+004	  3.1093608e+002	  9.2505716e-002	
  2.6148000e+001	  7.1603132e+004	  3.1093758e+002	  2.9706184e-001	
  2.6164000e+001	  7.1203777e+004	  3.1093857e+002	  1.3647477e-001	
  2.6184000e+001	  7.1320511e+004	  3.1093982e+002	  1.2995506e-001	
  2.6207000e+001	  7.1683002e+004	  3.1094126e+002	 -2.9691410e-002	
  2.6224000e+001	  7.1635899e+004	  3.1094232e+002	  2.6971467e-001	
  2.6244000e+001	  7.1848888e+004	  3.1094357e+002	  1.6982090e-001	
  2.6265000e+001	  7.1445438e+004	  3.1094489e+002	  2.2203678e-002	
  2.6284000e+001	  7.1893943e+004	  3.1094608e+002	  1.5330258e-001	
  2.6304000e+001	  7.1590844e+004	  3.1094733e+002	  1.8593334e-003	
  2.6327000e+001	  7.1261121e+004	  3.1094878e+002	  2.9483021e-002	
  2.6344000e+001	  7.1240641e+004	  3.1094985e+002	 -7.8939019e-002	
  2.6364000e+001	  7.2012726e+004	  3.1095111e+002	 -1.5362227e-001	
  2.6384000e+001	  7.1232449e+004	  3.1095237e+002	  1.9826180e-001	
  2.6404000e+001	  7.1084995e+004	  3.1095363e+002	 -6.3325116e-002	
  2.6424000e+001	  7.1838648e+004	  3.1095490e+002	 -1.4602141e-001	
  2.6445000e+001	  7.1177154e+004	  3.1095623e+002	 -9.2186270e-003	
  2.6464000e+001	  7.1816120e+004	  3.1095743e+002	 -1.4442623e-001	
  2.6485000e+001	  7.1324608e+004	  3.1095876e+002	 -6.6626279e-002	
  2.6508000e+001	  7.1709626e+004	  3.1096022e+002	 -3.7360883e-002	
  2.6525000e+001	  7.2025013e+004	  3.1096131e+002	 -3.0303549e-001	
  2.6544000e+001	  7.1492541e+004	  3.1096251e+002	 -3.4349859e-002	
  2.6565000e+001	  7.1543741e+004	  3.1096385e+002	 -5.2108415e-002	
  2.6584000e+001	  7.1332800e+004	  3.1096507e+002	 -2.0516453e-001	
  2.6605000e+001	  7.1732154e+004	  3.1096641e+002	 -6.1950415e-002	
  2.6624000e+001	  7.1472061e+004	  3.1096762e+002	 -1.3344846e-001	
  2.6645000e+001	  7.1257024e+004	  3.1096897e+002	 -2.3680098e-001	
  2.6664000e+001	  7.1474109e+004	  3.1097018e+002	 -1.9912113e-001	
  2.6685000e+001	  7.1558076e+004	  3.1097153e+002	 -2.8531165e-001	
  2.6704000e+001	  7.1453630e+004	  3.1097275e+002	 -1.6059254e-001	
  2.6729000e+001	  7.1510973e+004	  3.1097436e+002	 -3.5600582e-001	
  2.6744000e+001	  7.1226305e+004	  3.1097533e+002	 -4.5188275e-001	
  2.6765000e+001	  7.1895991e+004	  3.1097668e+002	 -2.5085323e-001	
  2.6784000e+001	  7.1367615e+004	  3.1097791e+002	 -1.8732407e-001	
  2.6805000e+001	  7.1574460e+004	  3.1097926e+002	 -3.6559897e-001	
  2.6824000e+001	  7.1650235e+004	  3.1098049e+002	 -4.7095495e-001	
  2.6845000e+001	  7.1228353e+004	  3.1098185e+002	 -5.5604039e-001	
  2.6864000e+001	  7.1785400e+004	  3.1098309e+002	 -3.9952739e-001	
  2.6884000e+001	  7.1371711e+004	  3.1098438e+002	 -3.5709680e-001	
  2.6904000e+001	  7.2074165e+004	  3.1098568e+002	 -4.6186467e-001	
  2.6928000e+001	  7.1427006e+004	  3.1098725e+002	 -4.1875970e-001	
  2.6945000e+001	  7.1564220e+004	  3.1098835e+002	 -4.2994980e-001	
  2.6964000e+001	  5.6897487e+005	  3.1098959e+002	 -4.4579880e-001	
  2.6985000e+001	  5.6885199e+005	  3.1099097e+002	 -4.4101377e-001	
  2.7004000e+001	  5.6779114e+005	  3.1099221e+002	 -3.0448825e-001	
  2.7025000e+001	  5.6651321e+005	  3.1099358e+002	 -3.5616785e-001	
  2.7044000e+001	  5.7120511e+005	  3.1099483e+002	 -4.8612122e-001	
  2.7065000e+001	  5.7032039e+005	  3.1099621e+002	 -3.6810135e-001	
  2.7087000e+001	  5.7578027e+005	  3.1099765e+002	 -4.1260862e-001	
  2.7105000e+001	  5.7622263e+005	  3.1099884e+002	 -3.8793868e-001	
  2.7125000e+001	  5.7225981e+005	  3.1100015e+002	 -1.4357470e-001	
  2.7145000e+001	  5.6674463e+005	  3.1100147e+002	 -3.2079493e-001	
  2.7164000e+001	  5.6744504e+005	  3.1100273e+002	 -3.8532699e-001	
  2.7185000e+001	  5.6745937e+005	  3.1100412e+002	 -2.6185620e-001	
  2.7204000e+001	  5.6583738e+005	  3.1100537e+002	 -9.7066627e-002	
  2.7224000e+001	  5.7223524e+005	  3.1100670e+002	 -2.2526511e-001	
  2.7247000e+001	  5.7089382e+005	  3.1100823e+002	 -2.2046855e-001	
  2.7265000e+001	  5.6675078e+005	  3.1100942e+002	 -1.7240866e-001	
  2.7284000e+001	  5.6946638e+005	  3.1101069e+002	 -2.1004338e-001	
  2.7305000e+001	  5.6925954e+005	  3.1101208e+002	 -2.3224868e-001	
  2.7324000e+001	  5.7013812e+005	  3.1101335e+002	 -1.0380827e-001	
  2.7345000e+001	  5.6942133e+005	  3.1101475e+002	 -1.3978732e-001	
  2.7364000e+001	  5.6961384e+005	  3.1101602e+002	 -1.3352745e-001	
  2.7385000e+001	  5.6963227e+005	  3.1101743e+002	 -2.5052779e-001	
  2.7404000e+001	  5.6730782e+005	  3.1101870e+002	 -1.0428565e-001	
  2.7424000e+001	  5.6720747e+005	  3.1102004e+002	 -2.5799205e-002	
  2.7447000e+001	  5.6954830e+005	  3.1102159e+002	 -5.0691327e-002	
  2.7465000e+001	  5.6764983e+005	  3.1102280e+002	 -9.5791779e-002	
  2.7485000e+001	  5.6825603e+005	  3.1102414e+002	  4.7799601e-003	
  2.7507000e+001	  5.7091839e+005	  3.1102563e+002	 -1.0561891e-001	
  2.7525000e+001	  5.6941109e+005	  3.1102684e+002	  4.3082365e-002	
  2.7548000e+001	  5.6462294e+005	  3.1102840e+002	  5.1893815e-003	
  2.7565000e+001	  5.6488917e+005	  3.1102955e+002	 -9.3368684e-002	
  2.7587000e+001	  5.6681836e+005	  3.1103104e+002	 -1.0684386e-001	
  2.7605000e+001	  5.6970190e+005	  3.1103226e+002	 -1.0724649e-002	
  2.7625000e+001	  5.7195466e+005	  3.1103362e+002	  7.9718909e-002	
  2.7645000e+001	  5.7158193e+005	  3.1103498e+002	 -8.1987916e-002	
  2.7664000e+001	  5.7344968e+005	  3.1103627e+002	  7.4550424e-002	
  2.7685000e+001	  5.6757201e+005	  3.1103770e+002	  6.8490475e-004	
  2.7704000e+001	  5.6823555e+005	  3.1103900e+002	  1.9884446e-001	
  2.7725000e+001	  5.6582714e+005	  3.1104044e+002	  1.9770344e-001	
  2.7744000e+001	  5.6702316e+005	  3.1104174e+002	  1.7112017e-001	
  2.7765000e+001	  5.6591930e+005	  3.1104318e+002	  8.3900350e-002	
  2.7787000e+001	  5.6485845e+005	  3.1104468e+002	 -4.8116554e-002	
  2.7805000e+001	  5.6123355e+005	  3.1104592e+002	  2.0385025e-001	
  2.7824000e+001	  5.6018499e+005	  3.1104723e+002	  2.0057963e-001	
  2.7844000e+001	  5.6195034e+005	  3.1104861e+002	  1.9604774e-001	
  2.7864000e+001	  5.6211008e+005	  3.1104998e+002	  3.4227743e-001	
  2.7888000e+001	  5.6729758e+005	  3.1105164e+002	  2.7817196e-001	
  2.7904000e+001	  5.6410070e+005	  3.1105275e+002	  1.4156207e-001	
  2.7925000e+001	  5.6785668e+005	  3.1105420e+002	  1.3847872e-001	
  2.7945000e+001	  5.7125836e+005	  3.1105559e+002	  3.0961465e-001	
  2.7964000e+001	  5.7011149e+005	  3.1105691e+002	  3.9895766e-001	
  2.7988000e+001	  5.6249100e+005	  3.1105857e+002	  3.3085294e-001	
  2.8005000e+001	  5.4693463e+005	  3.1105976e+002	  1.4695705e-001	
  2.8025000e+001	  5.4300663e+005	  3.1106115e+002	  2.4339848e-001	
  2.8044000e+001	  5.3733990e+005	  3.1106247e+002	  2.4564105e-001	
  2.8065000e+001	  7.3513886e+004	  3.1106394e+002	  4.8606611e-001	
  2.8084000e+001	  7.1146434e+004	  3.1106527e+002	  3.4101072e-001	
  2.8109000e+001	  7.1822264e+004	  3.1106702e+002	  4.4244338e-001	
  2.8124000e+001	  7.1617467e+004	  3.1106807e+002	  2.6840580e-001	
  2.8145000e+001	  7.1623611e+004	  3.1106955e+002	  2.2422624e-001	
  2.8167000e+001	  7.1457725e+004	  3.1107109e+002	  2.7801721e-001	
  2.8185000e+001	  7.1470013e+004	  3.1107236e+002	  2.3320632e-001	
  2.8205000e+001	  7.1252928e+004	  3.1107377e+002	  1.6780300e-001	
  2.8225000e+001	  7.1439294e+004	  3.1107518e+002	  1.9794198e-001	
  2.8244000e+001	  7.1199682e+004	  3.1107652e+002	  3.3486984e-001	
  2.8265000e+001	  7.1166914e+004	  3.1107801e+002	  2.2820732e-001	
  2.8284000e+001	  7.1392191e+004	  3.1107935e+002	  1.5038321e-001	
  2.8305000e+001	  7.1693242e+004	  3.1108084e+002	  1.8220912e-001	
  2.8324000e+001	  7.1340991e+004	  3.1108219e+002	  2.2829080e-001	
  2.8345000e+001	  7.1769017e+004	  3.1108368e+002	  2.5412156e-002	
  2.8368000e+001	  7.1377855e+004	  3.1108532e+002	  1.3492883e-001	
  2.8385000e+001	  7.1891895e+004	  3.1108653e+002	  1.4461308e-001	
