  0.0000000e+000	  1.0051621e-010	  0.0000000e+000	  4.0861675e+003	  3.1415927e+000	
  4.8828125e-002	  2.8068200e-003	 -2.3684361e+000	  3.5939746e+003	  2.0201050e-002	
  9.7656250e-002	  1.6864942e-002	 -4.4534104e+000	  1.9625088e+003	 -2.8183135e+000	
  1.4648438e-001	  1.3625415e-002	 -6.3058945e+000	  5.0274670e+002	 -5.0940778e+000	
  1.9531250e-001	  2.1567764e-002	 -8.2326656e+000	  6.3117986e+002	 -4.3288733e+000	
  2.4414063e-001	  2.6423723e-003	 -1.0032508e+001	  2.7842423e+003	 -6.7964823e+000	
  2.9296875e-001	  1.2125068e-002	 -1.1927444e+001	  3.7684991e+003	 -9.2946173e+000	
  3.4179688e-001	  1.2684011e-002	 -1.4486681e+001	  2.1684078e+003	 -1.1882016e+001	
  3.9062500e-001	  7.4085207e-003	 -1.7149696e+001	  6.6844866e+002	 -8.7791442e+000	
  4.3945313e-001	  8.4581640e-003	 -1.6221529e+001	  1.6852843e+002	 -9.2711850e+000	
  4.8828125e-001	  9.1380571e-003	 -1.8945716e+001	  3.3162622e+002	 -6.1794782e+000	
  5.3710938e-001	  4.0936448e-003	 -1.5827085e+001	  2.7784498e+002	 -8.5938765e+000	
  5.8593750e-001	  1.3404956e-002	 -1.8138342e+001	  6.7792113e+002	 -9.9623193e+000	
  6.3476563e-001	  2.5923132e-002	 -2.0203495e+001	  1.0322414e+003	 -8.7219376e+000	
  6.8359375e-001	  2.2627072e-003	 -2.2240043e+001	  3.1292016e+003	 -8.3213001e+000	
  7.3242188e-001	  8.3892109e-003	 -2.3272408e+001	  1.9407786e+003	 -7.8541601e+000	
  7.8125000e-001	  1.1262866e-002	 -2.4215631e+001	  6.5676125e+004	 -1.0063806e+001	
  8.3007813e-001	  1.4957714e-001	 -2.6596701e+001	  1.5259735e+005	 -1.2504858e+001	
  8.7890625e-001	  1.3881253e-001	 -2.8997671e+001	  1.4706142e+005	 -1.4950023e+001	
  9.2773438e-001	  2.7346605e-002	 -3.1294056e+001	  5.7420568e+004	 -1.7387986e+001	
  9.7656250e-001	  8.9771819e-003	 -3.2578889e+001	  5.7011611e+002	 -1.8354504e+001	
  1.0253906e+000	  1.9340596e-002	 -3.4570294e+001	  1.7695358e+003	 -1.9192991e+001	
  1.0742188e+000	  1.9344595e-002	 -3.6550233e+001	  1.4896429e+003	 -1.8625725e+001	
  1.1230469e+000	  1.7479281e-003	 -3.8471695e+001	  7.9821053e+002	 -1.6932502e+001	
  1.1718750e+000	  3.9560780e-003	 -4.0697556e+001	  8.1643891e+002	 -1.8658775e+001	
  1.2207031e+000	  2.5303877e-003	 -4.1308677e+001	  6.7342391e+002	 -2.1310845e+001	
  1.2695313e+000	  8.2307645e-003	 -4.3657521e+001	  5.9563247e+002	 -2.3847042e+001	
  1.3183594e+000	  7.3721922e-003	 -4.6073739e+001	  3.1009838e+002	 -2.4090203e+001	
  1.3671875e+000	  1.0227029e-002	 -4.8276969e+001	  2.1354381e+003	 -2.5287099e+001	
  1.4160156e+000	  5.2729059e-003	 -5.0065530e+001	  3.5798028e+003	 -2.7738122e+001	
  1.4648438e+000	  5.5619513e-003	 -5.1976299e+001	  2.5794767e+003	 -3.0323510e+001	
  1.5136719e+000	  1.4868119e-002	 -5.4432354e+001	  1.0000802e+003	 -3.3294762e+001	
  1.5625000e+000	  8.3486035e-003	 -5.3249688e+001	  7.1242171e+002	 -3.6180738e+001	
  1.6113281e+000	  1.6169287e-002	 -5.5981193e+001	  6.0647587e+002	 -3.8191755e+001	
  1.6601563e+000	  8.0144732e-003	 -5.8502541e+001	  4.2242984e+002	 -4.0912950e+001	
  1.7089844e+000	  4.5810104e-003	 -6.0242531e+001	  4.7123693e+002	 -4.4037104e+001	
  1.7578125e+000	  1.3855845e-002	 -6.1705308e+001	  4.6900533e+002	 -4.6369296e+001	
  1.8066406e+000	  1.0895880e-002	 -6.3940491e+001	  2.6488720e+002	 -4.8147045e+001	
  1.8554688e+000	  5.2624645e-003	 -6.6185992e+001	  2.9490355e+002	 -4.9184422e+001	
  1.9042969e+000	  1.8859526e-003	 -6.5404835e+001	  6.6026798e+002	 -4.6997973e+001	
  1.9531250e+000	  1.2716638e-002	 -6.7649087e+001	  2.4011747e+003	 -4.9748250e+001	
  2.0019531e+000	  3.2902347e-003	 -7.0061824e+001	  2.9169588e+003	 -5.2158127e+001	
  2.0507813e+000	  1.7822265e-003	 -7.2968331e+001	  1.4084049e+003	 -5.4399278e+001	
  2.0996094e+000	  5.0441940e-003	 -7.0004890e+001	  4.1024727e+002	 -5.4999902e+001	
  2.1484375e+000	  3.5503968e-003	 -6.7923534e+001	  5.3035789e+002	 -5.6935870e+001	
  2.1972656e+000	  7.2438447e-003	 -6.4875343e+001	  1.6980094e+002	 -5.8335823e+001	
  2.2460938e+000	  8.3897559e-003	 -6.7392606e+001	  9.5036718e+001	 -5.9671284e+001	
  2.2949219e+000	  2.2621988e-003	 -6.9707926e+001	  9.6720367e+001	 -5.7815316e+001	
  2.3437500e+000	  3.1134222e-003	 -7.1289363e+001	  7.0634353e+002	 -5.8800985e+001	
  2.3925781e+000	  1.3528288e-002	 -7.3571934e+001	  7.1725574e+002	 -5.7438026e+001	
  2.4414063e+000	  9.1616939e-003	 -7.6127660e+001	  2.2725670e+003	 -5.7093875e+001	
  2.4902344e+000	  3.4360760e-003	 -7.3076428e+001	  2.5319939e+004	 -5.9505780e+001	
  2.5390625e+000	  1.9427235e-002	 -7.5923379e+001	  5.2742329e+004	 -6.1954624e+001	
  2.5878906e+000	  8.8496642e-003	 -7.8214111e+001	  4.7184253e+004	 -6.4402565e+001	
  2.6367188e+000	  9.5733383e-003	 -7.9184827e+001	  1.6793974e+004	 -6.6836776e+001	
  2.6855469e+000	  4.4649427e-003	 -8.0760606e+001	  4.7009840e+002	 -6.7301906e+001	
  2.7343750e+000	  1.6836733e-003	 -8.2655095e+001	  4.2477325e+002	 -7.0178372e+001	
  2.7832031e+000	  7.0582215e-003	 -8.4392792e+001	  8.3604821e+002	 -6.7397521e+001	
  2.8320313e+000	  9.1203715e-003	 -8.6436450e+001	  3.4614928e+002	 -6.8906087e+001	
  2.8808594e+000	  3.4122061e-003	 -8.9187725e+001	  3.8984860e+002	 -7.1896352e+001	
  2.9296875e+000	  8.1592766e-003	 -8.6868229e+001	  3.2614219e+002	 -7.3815275e+001	
  2.9785156e+000	  3.0094105e-004	 -8.9654378e+001	  2.0129404e+002	 -7.5299985e+001	
  3.0273438e+000	  5.2550862e-003	 -9.1479204e+001	  5.9494734e+002	 -7.8384214e+001	
  3.0761719e+000	  1.1725168e-002	 -9.3699732e+001	  2.4143130e+003	 -8.0939991e+001	
  3.1250000e+000	  5.1388598e-003	 -9.6283106e+001	  3.6606658e+003	 -8.3419831e+001	
  3.1738281e+000	  4.6628314e-003	 -9.8783635e+001	  2.4913925e+003	 -8.5874519e+001	
  3.2226563e+000	  6.5416570e-003	 -9.8992589e+001	  5.1413157e+002	 -8.8292451e+001	
  3.2714844e+000	  4.9989281e-003	 -1.0141805e+002	  2.7114199e+002	 -8.7745919e+001	
  3.3203125e+000	  7.2929052e-004	 -9.9723238e+001	  2.7205821e+002	 -9.0118782e+001	
  3.3691406e+000	  1.1267792e-002	 -1.0249570e+002	  3.1690459e+002	 -9.2029318e+001	
  3.4179688e+000	  1.1481380e-002	 -1.0510161e+002	  3.3099977e+002	 -9.4075349e+001	
  3.4667969e+000	  9.3141466e-003	 -1.0765930e+002	  2.3606114e+002	 -9.6308044e+001	
  3.5156250e+000	  6.3874531e-003	 -1.1003927e+002	  2.0725950e+002	 -9.3687507e+001	
  3.5644531e+000	  1.0790883e-003	 -1.1081214e+002	  4.3559239e+002	 -9.6427287e+001	
  3.6132813e+000	  8.3518399e-003	 -1.1228915e+002	  9.6892791e+002	 -9.7405988e+001	
  3.6621094e+000	  3.4010233e-003	 -1.1496155e+002	  2.7417620e+003	 -9.9485573e+001	
  3.7109375e+000	  4.7099074e-003	 -1.1297350e+002	  3.0405781e+003	 -1.0186926e+002	
  3.7597656e+000	  9.1590558e-003	 -1.1537583e+002	  1.4023242e+003	 -1.0437437e+002	
  3.8085938e+000	  1.3604361e-003	 -1.1721036e+002	  1.6384261e+002	 -1.0140265e+002	
  3.8574219e+000	  5.6748198e-003	 -1.1909772e+002	  1.5555832e+001	 -1.0352562e+002	
  3.9062500e+000	  5.1818689e-003	 -1.1597822e+002	  2.2763196e+002	 -1.0581409e+002	
  3.9550781e+000	  7.6628838e-003	 -1.1316730e+002	  2.5970550e+002	 -1.0806600e+002	
  4.0039063e+000	  1.1396951e-002	 -1.1580365e+002	  2.7156676e+002	 -1.1040724e+002	
  4.0527344e+000	  6.1798152e-003	 -1.1838806e+002	  3.8680183e+002	 -1.0744111e+002	
  4.1015625e+000	  5.6000827e-003	 -1.2089025e+002	  7.3820202e+002	 -1.0721915e+002	
  4.1503906e+000	  6.5689528e-003	 -1.2312400e+002	  1.7231056e+003	 -1.0655968e+002	
  4.1992188e+000	  8.7764705e-003	 -1.2543530e+002	  1.6698782e+004	 -1.0896481e+002	
  4.2480469e+000	  2.1409295e-003	 -1.2703220e+002	  3.2301041e+004	 -1.1140954e+002	
  4.2968750e+000	  1.1233471e-002	 -1.2792617e+002	  2.6912810e+004	 -1.1385505e+002	
  4.3457031e+000	  5.0632212e-003	 -1.2933295e+002	  8.4585008e+003	 -1.1628719e+002	
  4.3945313e+000	  6.2702238e-003	 -1.3066089e+002	  7.1167962e+002	 -1.1576345e+002	
  4.4433594e+000	  3.6188358e-003	 -1.3335471e+002	  3.2442790e+002	 -1.1790725e+002	
  4.4921875e+000	  7.9318120e-003	 -1.3588755e+002	  1.2366237e+002	 -1.1871674e+002	
  4.5410156e+000	  2.2111026e-003	 -1.3746162e+002	  2.7982486e+002	 -1.1619241e+002	
  4.5898438e+000	  6.8451564e-003	 -1.3955902e+002	  1.2054180e+002	 -1.1851384e+002	
  4.6386719e+000	  5.7870570e-003	 -1.3758646e+002	  1.9724380e+002	 -1.2113390e+002	
  4.6875000e+000	  9.9819922e-003	 -1.3489819e+002	  3.1565992e+002	 -1.2286299e+002	
  4.7363281e+000	  6.5268902e-003	 -1.3768920e+002	  3.5101003e+002	 -1.2168513e+002	
  4.7851563e+000	  4.7625582e-003	 -1.4054852e+002	  2.3180975e+003	 -1.2417451e+002	
  4.8339844e+000	  8.6282171e-003	 -1.4343225e+002	  3.3728176e+003	 -1.2665172e+002	
  4.8828125e+000	  5.6931344e-003	 -1.4204522e+002	  2.0081706e+003	 -1.2916165e+002	
  4.9316406e+000	  4.6426403e-003	 -1.4510669e+002	  2.9261388e+002	 -1.3224255e+002	
  4.9804688e+000	  3.7363373e-003	 -1.4723766e+002	  2.6702369e+002	 -1.3019139e+002	
  5.0292969e+000	  1.1126182e-002	 -1.4897373e+002	  1.6920398e+002	 -1.3215656e+002	
  5.0781250e+000	  8.3917112e-003	 -1.5074358e+002	  2.6325647e+002	 -1.3463829e+002	
  5.1269531e+000	  4.8236222e-003	 -1.5276954e+002	  3.1555222e+002	 -1.3714262e+002	
  5.1757813e+000	  4.0217979e-003	 -1.5532228e+002	  2.6594719e+002	 -1.3943383e+002	
  5.2246094e+000	  2.9669630e-003	 -1.5515437e+002	  9.0099963e+001	 -1.4180173e+002	
  5.2734375e+000	  8.1722487e-003	 -1.5767392e+002	  7.1353488e+001	 -1.4277804e+002	
  5.3222656e+000	  9.3008149e-003	 -1.6015294e+002	  1.0746045e+003	 -1.3994628e+002	
  5.3710938e+000	  2.4420056e-003	 -1.6187749e+002	  2.7648897e+003	 -1.4246380e+002	
  5.4199219e+000	  7.1366366e-003	 -1.6354020e+002	  2.8687096e+003	 -1.4490570e+002	
  5.4687500e+000	  7.6717475e-003	 -1.6584142e+002	  1.1792324e+003	 -1.4726295e+002	
  5.5175781e+000	  7.1310032e-003	 -1.6783907e+002	  2.7200237e+002	 -1.4772825e+002	
  5.5664063e+000	  1.1135797e-002	 -1.7003193e+002	  4.2380629e+002	 -1.4991091e+002	
  5.6152344e+000	  3.6825557e-003	 -1.7251126e+002	  2.4973232e+002	 -1.5212019e+002	
  5.6640625e+000	  6.2174356e-003	 -1.7504809e+002	  2.4087939e+002	 -1.5429537e+002	
  5.7128906e+000	  7.9116608e-003	 -1.7780984e+002	  2.5768654e+002	 -1.5627655e+002	
  5.7617188e+000	  6.9145561e-003	 -1.7482677e+002	  3.9629064e+002	 -1.5813350e+002	
  5.8105469e+000	  8.7369750e-003	 -1.7771929e+002	  5.6591649e+002	 -1.5613613e+002	
  5.8593750e+000	  6.3800270e-003	 -1.8002941e+002	  1.9618591e+003	 -1.5608805e+002	
  5.9082031e+000	  5.0543342e-003	 -1.8206457e+002	  1.3369726e+004	 -1.5842713e+002	
  5.9570313e+000	  5.7435659e-003	 -1.8504540e+002	  2.3621502e+004	 -1.6086813e+002	
  6.0058594e+000	  1.1516680e-002	 -1.8203866e+002	  1.8274495e+004	 -1.6331598e+002	
  6.0546875e+000	  1.4450698e-002	 -1.8457958e+002	  5.1875218e+003	 -1.6576145e+002	
  6.1035156e+000	  4.9728875e-003	 -1.8677334e+002	  3.8903036e+002	 -1.6518892e+002	
  6.1523438e+000	  8.1201235e-003	 -1.8909343e+002	  1.8132304e+002	 -1.6371946e+002	
  6.2011719e+000	  1.1579550e-002	 -1.9178772e+002	  3.0105443e+002	 -1.6614335e+002	
  6.2500000e+000	  1.8362392e-003	 -1.9472350e+002	  1.7530674e+002	 -1.6768370e+002	
  6.2988281e+000	  5.2854957e-003	 -1.9250759e+002	  2.0767359e+002	 -1.7044691e+002	
  6.3476563e+000	  2.7884503e-003	 -1.9444525e+002	  2.2317929e+002	 -1.7238719e+002	
  6.3964844e+000	  4.2503388e-003	 -1.9620778e+002	  1.6098144e+002	 -1.7464096e+002	
  6.4453125e+000	  2.3936291e-003	 -1.9328836e+002	  9.8073296e+002	 -1.7737411e+002	
  6.4941406e+000	  5.0206027e-003	 -1.9082235e+002	  2.9539468e+003	 -1.7983823e+002	
  6.5429688e+000	  4.4831372e-003	 -1.9336202e+002	  3.7048825e+003	 -1.8229058e+002	
  6.5917969e+000	  2.8101223e-003	 -1.9567100e+002	  2.0634150e+003	 -1.8469780e+002	
  6.6406250e+000	  5.6525431e-003	 -1.9838481e+002	  3.2093905e+002	 -1.8669359e+002	
  6.6894531e+000	  6.9650739e-003	 -2.0145818e+002	  1.7228996e+002	 -1.8741182e+002	
  6.7382813e+000	  6.4705165e-003	 -1.9896982e+002	  8.8742514e+001	 -1.9017890e+002	
  6.7871094e+000	  1.5875663e-003	 -2.0153894e+002	  1.2888768e+002	 -1.9151174e+002	
  6.8359375e+000	  5.5995330e-003	 -2.0339993e+002	  1.5298321e+002	 -1.9377452e+002	
  6.8847656e+000	  4.8805097e-003	 -2.0631363e+002	  8.6330104e+001	 -1.9648495e+002	
  6.9335938e+000	  3.0998934e-003	 -2.0333497e+002	  2.0425167e+002	 -1.9371891e+002	
  6.9824219e+000	  4.9473054e-003	 -2.0596484e+002	  1.7167866e+002	 -1.9573291e+002	
  7.0312500e+000	  4.5144046e-003	 -2.0861396e+002	  1.1861148e+003	 -1.9597373e+002	
  7.0800781e+000	  5.2380446e-003	 -2.1125285e+002	  2.9243732e+003	 -1.9832703e+002	
  7.1289063e+000	  9.8594224e-003	 -2.1332365e+002	  2.8549595e+003	 -2.0075764e+002	
  7.1777344e+000	  7.8207692e-003	 -2.1440298e+002	  1.1514219e+003	 -2.0326342e+002	
  7.2265625e+000	  1.0300983e-002	 -2.1607025e+002	  6.4119573e+001	 -2.0050557e+002	
  7.2753906e+000	  3.7808964e-003	 -2.1717087e+002	  4.2353414e+001	 -1.9975478e+002	
  7.3242188e+000	  9.1551986e-003	 -2.1926333e+002	  1.1311428e+002	 -1.9767837e+002	
  7.3730469e+000	  9.1851392e-003	 -2.2237747e+002	  1.8196612e+002	 -1.9951238e+002	
  7.4218750e+000	  8.9055871e-003	 -2.1960701e+002	  1.4522806e+002	 -2.0185535e+002	
  7.4707031e+000	  1.1122598e-002	 -2.2227580e+002	  1.2249705e+001	 -2.0396854e+002	
  7.5195313e+000	  6.8429278e-003	 -2.2470405e+002	  5.8668300e+002	 -2.0603929e+002	
  7.5683594e+000	  9.1537213e-003	 -2.2726312e+002	  1.9140335e+003	 -2.0543750e+002	
  7.6171875e+000	  5.7690564e-003	 -2.3032613e+002	  1.1285612e+004	 -2.0787003e+002	
  7.6660156e+000	  8.5629058e-003	 -2.2848604e+002	  1.8451020e+004	 -2.1031875e+002	
  7.7148438e+000	  8.1766643e-003	 -2.3137926e+002	  1.3203632e+004	 -2.1276641e+002	
  7.7636719e+000	  7.1063148e-003	 -2.3422397e+002	  3.1816487e+003	 -2.1518669e+002	
  7.8125000e+000	  7.2909695e-003	 -2.3694333e+002	  5.4034811e+002	 -2.1474422e+002	
  7.8613281e+000	  1.7680473e-003	 -2.3935548e+002	  6.9585515e+001	 -2.1179379e+002	
  7.9101563e+000	  4.1394279e-003	 -2.4195760e+002	  2.0560501e+001	 -2.1306318e+002	
  7.9589844e+000	  4.0114223e-003	 -2.4488955e+002	  1.5270125e+002	 -2.1504284e+002	
  8.0078125e+000	  6.1619487e-003	 -2.4750978e+002	  7.5567897e+001	 -2.1714034e+002	
  8.0566406e+000	  7.2677834e-003	 -2.4973028e+002	  1.1196413e+002	 -2.2002717e+002	
  8.1054688e+000	  4.2736381e-003	 -2.5142339e+002	  8.1618263e+001	 -2.2228122e+002	
  8.1542969e+000	  2.8431216e-003	 -2.5254051e+002	  1.0004994e+003	 -2.2060317e+002	
  8.2031250e+000	  4.1887519e-003	 -2.5368946e+002	  3.0962040e+003	 -2.2307290e+002	
  8.2519531e+000	  7.1727289e-003	 -2.5544253e+002	  3.7123429e+003	 -2.2553699e+002	
  8.3007813e+000	  7.5333281e-003	 -2.5707741e+002	  1.9544012e+003	 -2.2800697e+002	
  8.3496094e+000	  1.6052489e-003	 -2.5717009e+002	  2.5828598e+002	 -2.3062852e+002	
  8.3984375e+000	  1.1542054e-002	 -2.5947348e+002	  7.7642537e+001	 -2.2936661e+002	
  8.4472656e+000	  7.3613775e-003	 -2.6220758e+002	  4.7626765e+001	 -2.3098683e+002	
  8.4960938e+000	  2.6064748e-003	 -2.6425870e+002	  1.2033015e+002	 -2.3384701e+002	
  8.5449219e+000	  1.1903794e-002	 -2.6599392e+002	  9.2150967e+001	 -2.3623196e+002	
  8.5937500e+000	  4.2266703e-003	 -2.6847097e+002	  4.0225019e+001	 -2.3831857e+002	
  8.6425781e+000	  2.5147609e-003	 -2.7108785e+002	  9.8560715e+001	 -2.3697137e+002	
  8.6914063e+000	  8.2493461e-003	 -2.7321111e+002	  6.6793671e+001	 -2.3715290e+002	
  8.7402344e+000	  8.5916918e-003	 -2.7510313e+002	  1.3671087e+003	 -2.3901856e+002	
  8.7890625e+000	  3.5683275e-003	 -2.7731373e+002	  2.9205184e+003	 -2.4143950e+002	
  8.8378906e+000	  3.3640896e-003	 -2.7965607e+002	  2.5990755e+003	 -2.4386763e+002	
  8.8867188e+000	  5.9850035e-003	 -2.8182196e+002	  8.9563658e+002	 -2.4628761e+002	
  8.9355469e+000	  3.1368921e-003	 -2.8316003e+002	  6.5342869e+001	 -2.4667865e+002	
  8.9843750e+000	  1.0151447e-003	 -2.8413610e+002	  8.2488388e+001	 -2.4968081e+002	
  9.0332031e+000	  1.8312412e-003	 -2.8447118e+002	  6.1923373e+001	 -2.4691551e+002	
  9.0820313e+000	  5.1215892e-003	 -2.8470375e+002	  7.3671240e+001	 -2.4825052e+002	
  9.1308594e+000	  6.5563805e-003	 -2.8623376e+002	  3.3589488e+001	 -2.4834939e+002	
  9.1796875e+000	  1.1440090e-002	 -2.8856997e+002	  1.0671299e+002	 -2.5060154e+002	
  9.2285156e+000	  1.9680595e-003	 -2.9098498e+002	  4.0501424e+002	 -2.4908724e+002	
  9.2773438e+000	  2.8332216e-003	 -2.9157778e+002	  2.0770067e+003	 -2.4862170e+002	
  9.3261719e+000	  1.0423367e-002	 -2.9405338e+002	  1.0049939e+004	 -2.5104301e+002	
  9.3750000e+000	  2.9124744e-003	 -2.9686487e+002	  1.5202182e+004	 -2.5348818e+002	
  9.4238281e+000	  4.7527629e-003	 -2.9980908e+002	  1.0082894e+004	 -2.5593063e+002	
  9.4726563e+000	  2.8278197e-003	 -2.9872577e+002	  2.0849043e+003	 -2.5831980e+002	
  9.5214844e+000	  5.9563948e-003	 -2.9587160e+002	  4.5455130e+002	 -2.5796031e+002	
  9.5703125e+000	  6.4622493e-003	 -2.9878521e+002	  5.0179203e+001	 -2.5581734e+002	
  9.6191406e+000	  7.2833930e-003	 -3.0031082e+002	  5.2408972e+001	 -2.5612671e+002	
  9.6679688e+000	  1.1062154e-002	 -3.0166638e+002	  1.4247716e+002	 -2.5843575e+002	
  9.7167969e+000	  9.4009469e-003	 -3.0370941e+002	  7.6119774e+001	 -2.6146023e+002	
  9.7656250e+000	  1.3506874e-003	 -3.0601902e+002	  9.0528293e+001	 -2.6353309e+002	
  9.8144531e+000	  2.4265845e-003	 -3.0448313e+002	  2.0985977e+001	 -2.6511260e+002	
  9.8632813e+000	  3.0367293e-003	 -3.0704014e+002	  1.1957129e+003	 -2.6381499e+002	
  9.9121094e+000	  5.1222907e-003	 -3.0981655e+002	  3.3570357e+003	 -2.6623960e+002	
  9.9609375e+000	  6.4375151e-003	 -3.1242401e+002	  3.7325611e+003	 -2.6868282e+002	
  1.0009766e+001	  2.5463744e-003	 -3.1336633e+002	  1.7711328e+003	 -2.7110976e+002	
  1.0058594e+001	  6.5281145e-003	 -3.1461792e+002	  1.5144728e+002	 -2.7326213e+002	
  1.0107422e+001	  1.0079699e-002	 -3.1693090e+002	  4.8442311e+001	 -2.7328394e+002	
  1.0156250e+001	  1.2862605e-002	 -3.1949926e+002	  6.2921582e+001	 -2.7276079e+002	
  1.0205078e+001	  7.3132506e-003	 -3.2241810e+002	  6.7032917e+001	 -2.7052678e+002	
  1.0253906e+001	  7.1134424e-003	 -3.1959383e+002	  7.7540568e+001	 -2.7340668e+002	
  1.0302734e+001	  3.4943931e-003	 -3.1657338e+002	  6.8220965e+001	 -2.7562098e+002	
  1.0351563e+001	  1.9708707e-003	 -3.1495611e+002	  6.9532520e+001	 -2.7341819e+002	
  1.0400391e+001	  1.0980939e-003	 -3.1783296e+002	  1.6963401e+002	 -2.7360196e+002	
  1.0449219e+001	  1.0181157e-002	 -3.2012222e+002	  1.5380626e+003	 -2.7587217e+002	
  1.0498047e+001	  2.7637994e-004	 -3.2259160e+002	  2.9787082e+003	 -2.7830169e+002	
  1.0546875e+001	  9.8458727e-004	 -3.2477775e+002	  2.4930172e+003	 -2.8072941e+002	
  1.0595703e+001	  5.1935685e-003	 -3.2596766e+002	  8.1066629e+002	 -2.8312969e+002	
  1.0644531e+001	  1.0935906e-002	 -3.2802523e+002	  5.1933981e+001	 -2.8371204e+002	
  1.0693359e+001	  8.5333784e-003	 -3.3020089e+002	  3.4523677e+001	 -2.8088205e+002	
  1.0742188e+001	  3.5854423e-003	 -3.3210398e+002	  3.9704534e+001	 -2.7801355e+002	
  1.0791016e+001	  2.8414611e-003	 -3.3259372e+002	  9.7591738e+001	 -2.7870015e+002	
  1.0839844e+001	  7.1508895e-003	 -3.3475191e+002	  3.6586165e+001	 -2.8081269e+002	
  1.0888672e+001	  7.3367132e-003	 -3.3695116e+002	  3.5371573e+001	 -2.8313382e+002	
  1.0937500e+001	  4.1509377e-003	 -3.3780906e+002	  3.4650201e+002	 -2.8613663e+002	
  1.0986328e+001	  1.2077776e-002	 -3.4003710e+002	  2.2593166e+003	 -2.8547591e+002	
  1.1035156e+001	  1.3424951e-003	 -3.4281128e+002	  9.2191422e+003	 -2.8792459e+002	
  1.1083984e+001	  3.8237739e-003	 -3.4119580e+002	  1.2823828e+004	 -2.9037345e+002	
  1.1132813e+001	  7.5831688e-003	 -3.4405191e+002	  7.8194188e+003	 -2.9281768e+002	
  1.1181641e+001	  7.7517822e-003	 -3.4673381e+002	  1.3528765e+003	 -2.9520953e+002	
  1.1230469e+001	  5.1589595e-003	 -3.4897220e+002	  3.1946505e+002	 -2.9474000e+002	
  1.1279297e+001	  1.4529599e-002	 -3.5108079e+002	  8.9629607e+001	 -2.9379226e+002	
  1.1328125e+001	  1.0806556e-002	 -3.5347976e+002	  2.7827234e+001	 -2.9333652e+002	
  1.1376953e+001	  5.1278555e-003	 -3.5631447e+002	  5.8819739e+001	 -2.9569584e+002	
  1.1425781e+001	  6.2214384e-003	 -3.5405029e+002	  6.3453545e+001	 -2.9373144e+002	
  1.1474609e+001	  9.1982801e-003	 -3.5095915e+002	  3.8573330e+001	 -2.9240875e+002	
  1.1523438e+001	  7.1373562e-003	 -3.5350349e+002	  3.1913620e+001	 -2.9429717e+002	
  1.1572266e+001	  3.7982267e-003	 -3.5564144e+002	  1.3960986e+003	 -2.9439370e+002	
  1.1621094e+001	  5.0197898e-003	 -3.5766360e+002	  3.6281775e+003	 -2.9683864e+002	
  1.1669922e+001	  1.2513195e-002	 -3.5997626e+002	  3.7725635e+003	 -2.9929681e+002	
  1.1718750e+001	  9.1396678e-004	 -3.5746668e+002	  1.6439535e+003	 -3.0176308e+002	
  1.1767578e+001	  1.2303244e-002	 -3.5506931e+002	  8.1628950e+001	 -3.0455428e+002	
  1.1816406e+001	  7.7224352e-003	 -3.5732319e+002	  7.3281670e+001	 -3.0332134e+002	
  1.1865234e+001	  7.3369467e-003	 -3.5920672e+002	  4.7935879e+001	 -3.0417065e+002	
  1.1914063e+001	  4.0248167e-003	 -3.6063827e+002	  9.7910545e+001	 -3.0713418e+002	
  1.1962891e+001	  5.0810826e-003	 -3.6198980e+002	  1.1034239e+002	 -3.0930969e+002	
  1.2011719e+001	  5.0458779e-003	 -3.6363289e+002	  1.0667122e+002	 -3.1176158e+002	
  1.2060547e+001	  9.2611271e-003	 -3.6578885e+002	  5.2692950e+001	 -3.1013090e+002	
  1.2109375e+001	  2.6476380e-003	 -3.6828002e+002	  2.3144471e+002	 -3.1046350e+002	
  1.2158203e+001	  2.7304658e-003	 -3.6714868e+002	  1.6582014e+003	 -3.1275354e+002	
  1.2207031e+001	  4.8826381e-003	 -3.6994896e+002	  2.9781232e+003	 -3.1518548e+002	
  1.2255859e+001	  7.6698909e-003	 -3.7190191e+002	  2.3154423e+003	 -3.1762597e+002	
  1.2304688e+001	  1.0347714e-002	 -3.7377587e+002	  6.3629153e+002	 -3.2006765e+002	
  1.2353516e+001	  5.9398090e-003	 -3.7610399e+002	  1.1929757e+002	 -3.1980377e+002	
  1.2402344e+001	  5.9859267e-003	 -3.7426387e+002	  9.0269110e+001	 -3.2280757e+002	
  1.2451172e+001	  4.1553948e-003	 -3.7691430e+002	  5.4959121e+001	 -3.2570046e+002	
  1.2500000e+001	  5.7895663e-003	 -3.7820875e+002	  1.1518450e+002	 -3.2806979e+002	
  1.2548828e+001	  3.4411123e-003	 -3.7519971e+002	  3.3942352e+001	 -3.2942988e+002	
  1.2597656e+001	  8.1143981e-003	 -3.7237489e+002	  5.8505324e+001	 -3.3211056e+002	
  1.2646484e+001	  1.0500819e-003	 -3.7535541e+002	  2.4190590e+002	 -3.2914829e+002	
  1.2695313e+001	  2.6569788e-003	 -3.7224450e+002	  2.4154343e+003	 -3.2866061e+002	
  1.2744141e+001	  7.0343795e-003	 -3.7496792e+002	  8.5996623e+003	 -3.3109820e+002	
  1.2792969e+001	  3.9192728e-003	 -3.7769352e+002	  1.1133234e+004	 -3.3354504e+002	
  1.2841797e+001	  4.1143239e-003	 -3.7993036e+002	  6.3036325e+003	 -3.3598697e+002	
  1.2890625e+001	  6.0163453e-003	 -3.8147214e+002	  9.3070603e+002	 -3.3835403e+002	
  1.2939453e+001	  8.3971925e-003	 -3.8414604e+002	  2.3427481e+002	 -3.3795302e+002	
  1.2988281e+001	  5.8483570e-003	 -3.8256309e+002	  9.0972704e+001	 -3.3672976e+002	
  1.3037109e+001	  1.3260578e-002	 -3.7995142e+002	  6.0146420e+001	 -3.3716966e+002	
  1.3085938e+001	  1.0405084e-002	 -3.8306893e+002	  4.9819112e+001	 -3.3941953e+002	
  1.3134766e+001	  1.0254352e-002	 -3.8043971e+002	  5.8746925e+001	 -3.3635389e+002	
  1.3183594e+001	  5.4878680e-003	 -3.7757978e+002	  7.5481887e+001	 -3.3683551e+002	
  1.3232422e+001	  3.2706376e-003	 -3.8019791e+002	  1.1078874e+002	 -3.3471221e+002	
  1.3281250e+001	  4.6417045e-003	 -3.8124132e+002	  1.7281246e+003	 -3.3755596e+002	
  1.3330078e+001	  4.9511698e-003	 -3.8303718e+002	  3.9278247e+003	 -3.4001825e+002	
  1.3378906e+001	  7.5951405e-003	 -3.8547048e+002	  3.7907602e+003	 -3.4247309e+002	
  1.3427734e+001	  7.0251550e-003	 -3.8804692e+002	  1.5431359e+003	 -3.4491687e+002	
  1.3476563e+001	  3.5138616e-003	 -3.9061696e+002	  8.9407681e+001	 -3.4709571e+002	
  1.3525391e+001	  8.4893532e-003	 -3.9334444e+002	  8.6729215e+000	 -3.4824398e+002	
  1.3574219e+001	  6.3759635e-003	 -3.9023733e+002	  7.7408138e+001	 -3.4658436e+002	
  1.3623047e+001	  1.2252042e-002	 -3.8712724e+002	  3.9769817e+001	 -3.4345338e+002	
  1.3671875e+001	  7.2043988e-003	 -3.9017888e+002	  1.1171047e+001	 -3.4645834e+002	
  1.3720703e+001	  8.6828258e-003	 -3.8839715e+002	  4.5202367e+001	 -3.4385581e+002	
  1.3769531e+001	  4.2867433e-003	 -3.8551312e+002	  1.3935698e+002	 -3.4120712e+002	
  1.3818359e+001	  3.6478149e-003	 -3.8833832e+002	  2.4535337e+002	 -3.4090150e+002	
  1.3867188e+001	  7.1096632e-003	 -3.9102087e+002	  1.7884939e+003	 -3.4333498e+002	
  1.3916016e+001	  5.5778216e-003	 -3.9353302e+002	  2.9768730e+003	 -3.4578753e+002	
  1.3964844e+001	  3.8247525e-003	 -3.9561278e+002	  2.1235723e+003	 -3.4822464e+002	
  1.4013672e+001	  1.1138875e-002	 -3.9745381e+002	  5.3163285e+002	 -3.5056910e+002	
  1.4062500e+001	  4.7538170e-003	 -3.9904430e+002	  1.0038790e+002	 -3.5130191e+002	
  1.4111328e+001	  7.2507124e-003	 -4.0070317e+002	  7.4240854e+001	 -3.4845153e+002	
  1.4160156e+001	  7.2548666e-003	 -3.9967798e+002	  7.3846651e+000	 -3.4984782e+002	
  1.4208984e+001	  5.4685569e-003	 -4.0175186e+002	  9.6782440e+001	 -3.5186347e+002	
  1.4257813e+001	  5.7383255e-003	 -4.0389488e+002	  3.9161485e+001	 -3.5252812e+002	
  1.4306641e+001	  4.2804985e-003	 -4.0198423e+002	  4.8404626e+001	 -3.5262000e+002	
  1.4355469e+001	  4.5810117e-003	 -4.0463923e+002	  1.0178753e+002	 -3.5431254e+002	
  1.4404297e+001	  4.7823259e-003	 -4.0306627e+002	  2.6715280e+003	 -3.5296058e+002	
  1.4453125e+001	  8.6113833e-003	 -4.0558458e+002	  8.1834435e+003	 -3.5541183e+002	
  1.4501953e+001	  5.2547483e-003	 -4.0801252e+002	  9.7425033e+003	 -3.5785445e+002	
  1.4550781e+001	  4.7024736e-003	 -4.1057378e+002	  5.0247738e+003	 -3.6028595e+002	
  1.4599609e+001	  4.0424083e-003	 -4.0785202e+002	  5.6058308e+002	 -3.6248428e+002	
  1.4648438e+001	  1.2679548e-002	 -4.0493672e+002	  2.6855084e+002	 -3.6268147e+002	
  1.4697266e+001	  5.6138075e-003	 -4.0785908e+002	  1.6357707e+002	 -3.5999939e+002	
  1.4746094e+001	  7.4383796e-003	 -4.1051236e+002	  1.6287968e+002	 -3.6158474e+002	
  1.4794922e+001	  9.3971617e-003	 -4.1215592e+002	  1.1771590e+002	 -3.6386524e+002	
  1.4843750e+001	  5.5744322e-003	 -4.1393849e+002	  9.6810131e+001	 -3.6694246e+002	
  1.4892578e+001	  3.3855956e-003	 -4.1620443e+002	  6.7253424e+001	 -3.6578664e+002	
  1.4941406e+001	  7.7133354e-003	 -4.1323137e+002	  1.6635379e+002	 -3.6616270e+002	
  1.4990234e+001	  7.7388625e-003	 -4.1633384e+002	  1.9979202e+003	 -3.6815459e+002	
  1.5039063e+001	  1.2545347e-002	 -4.1866165e+002	  4.2233923e+003	 -3.7059374e+002	
  1.5087891e+001	  1.0534759e-002	 -4.2037104e+002	  3.7953773e+003	 -3.7304942e+002	
  1.5136719e+001	  5.6481202e-003	 -4.2228388e+002	  1.3183466e+003	 -3.7550883e+002	
  1.5185547e+001	  8.2816393e-003	 -4.2064747e+002	  1.2214335e+002	 -3.7483968e+002	
  1.5234375e+001	  3.7714296e-003	 -4.2313648e+002	  1.5849881e+002	 -3.7763663e+002	
  1.5283203e+001	  1.6466213e-003	 -4.2088388e+002	  1.2631365e+002	 -3.8037338e+002	
  1.5332031e+001	  4.8761091e-003	 -4.2380005e+002	  1.5858220e+002	 -3.8229733e+002	
  1.5380859e+001	  5.5542954e-003	 -4.2591103e+002	  1.3131671e+002	 -3.8394600e+002	
  1.5429688e+001	  7.8376836e-003	 -4.2805906e+002	  1.3147321e+002	 -3.8623338e+002	
  1.5478516e+001	  9.4356338e-003	 -4.3053781e+002	  1.2515348e+002	 -3.8346322e+002	
  1.5527344e+001	  2.4987595e-003	 -4.2759603e+002	  4.8241313e+002	 -3.8428730e+002	
  1.5576172e+001	  1.0947592e-002	 -4.2454737e+002	  2.0781510e+003	 -3.8654879e+002	
  1.5625000e+001	  8.6496383e-003	 -4.2732679e+002	  3.0861896e+003	 -3.8897129e+002	
  1.5673828e+001	  5.2957342e-003	 -4.2446449e+002	  2.0420816e+003	 -3.9140436e+002	
  1.5722656e+001	  5.8551631e-003	 -4.2152645e+002	  4.2908369e+002	 -3.9382357e+002	
  1.5771484e+001	  3.0044972e-003	 -4.2418483e+002	  8.3245999e+001	 -3.9352567e+002	
  1.5820313e+001	  4.6154591e-003	 -4.2649099e+002	  7.2129386e+001	 -3.9161905e+002	
  1.5869141e+001	  7.2294335e-003	 -4.2873715e+002	  1.1501389e+002	 -3.9393521e+002	
  1.5917969e+001	  6.7153919e-003	 -4.3110434e+002	  1.3409390e+002	 -3.9593494e+002	
  1.5966797e+001	  2.2558874e-003	 -4.2974912e+002	  1.9691774e+001	 -3.9579448e+002	
  1.6015625e+001	  9.6663529e-003	 -4.3279324e+002	  9.3718677e+001	 -3.9395985e+002	
  1.6064453e+001	  9.2562651e-003	 -4.3567916e+002	  1.1108933e+002	 -3.9655761e+002	
  1.6113281e+001	  1.3107108e-002	 -4.3873651e+002	  2.6470153e+003	 -3.9614123e+002	
  1.6162109e+001	  2.0689585e-003	 -4.4160321e+002	  7.5702654e+003	 -3.9858430e+002	
  1.6210938e+001	  2.2658108e-003	 -4.4440149e+002	  8.4975847e+003	 -4.0103096e+002	
  1.6259766e+001	  4.5957798e-003	 -4.4439662e+002	  4.0702850e+003	 -4.0347007e+002	
  1.6308594e+001	  6.5145259e-003	 -4.4170060e+002	  3.0983775e+002	 -4.0576966e+002	
  1.6357422e+001	  4.9810343e-003	 -4.3874318e+002	  1.9261303e+002	 -4.0521686e+002	
  1.6406250e+001	  1.1970418e-002	 -4.4107150e+002	  4.0400577e+001	 -4.0497553e+002	
  1.6455078e+001	  9.2223775e-003	 -4.4296037e+002	  6.3642172e+001	 -4.0377049e+002	
  1.6503906e+001	  1.2711207e-002	 -4.4523478e+002	  3.6992787e+001	 -4.0674267e+002	
  1.6552734e+001	  5.8771240e-003	 -4.4805162e+002	  5.2147348e+001	 -4.0413331e+002	
  1.6601563e+001	  2.5479112e-003	 -4.5114638e+002	  1.3444220e+002	 -4.0311123e+002	
  1.6650391e+001	  3.6518179e-003	 -4.5188799e+002	  2.1290031e+002	 -4.0292879e+002	
  1.6699219e+001	  2.8161885e-003	 -4.5381705e+002	  2.3414198e+003	 -4.0507931e+002	
  1.6748047e+001	  4.7929021e-003	 -4.5583447e+002	  4.5649256e+003	 -4.0751108e+002	
  1.6796875e+001	  9.6267796e-004	 -4.5806923e+002	  3.8110204e+003	 -4.0995478e+002	
  1.6845703e+001	  3.1966394e-003	 -4.5947871e+002	  1.2129664e+003	 -4.1239472e+002	
  1.6894531e+001	  1.0949441e-002	 -4.6153766e+002	  7.3840706e+001	 -4.1168807e+002	
  1.6943359e+001	  7.8976993e-003	 -4.6420274e+002	  2.2740176e+001	 -4.1335867e+002	
  1.6992188e+001	  8.6961333e-003	 -4.6228133e+002	  4.3173313e+001	 -4.1496768e+002	
  1.7041016e+001	  7.6680992e-003	 -4.6513286e+002	  1.2434458e+002	 -4.1234567e+002	
  1.7089844e+001	  6.2043572e-003	 -4.6744715e+002	  1.5365768e+002	 -4.1475101e+002	
  1.7138672e+001	  7.3229504e-003	 -4.6938607e+002	  1.3868702e+002	 -4.1730742e+002	
  1.7187500e+001	  7.5174686e-003	 -4.7155764e+002	  1.0130761e+002	 -4.1432483e+002	
  1.7236328e+001	  7.0844059e-003	 -4.7388028e+002	  5.4286224e+002	 -4.1473776e+002	
  1.7285156e+001	  1.2272857e-002	 -4.7623621e+002	  2.1691564e+003	 -4.1712739e+002	
  1.7333984e+001	  2.5615680e-003	 -4.7869345e+002	  3.0328630e+003	 -4.1956750e+002	
  1.7382813e+001	  3.8548200e-003	 -4.7595714e+002	  1.8620733e+003	 -4.2201112e+002	
  1.7431641e+001	  3.4086262e-003	 -4.7381118e+002	  2.8926898e+002	 -4.2444097e+002	
  1.7480469e+001	  5.9419829e-003	 -4.7617858e+002	  1.5221297e+002	 -4.2397091e+002	
  1.7529297e+001	  8.5087667e-004	 -4.7863294e+002	  1.4671638e+001	 -4.2162211e+002	
  1.7578125e+001	  2.1899323e-003	 -4.8150679e+002	  6.2726000e+001	 -4.1921594e+002	
  1.7626953e+001	  6.6167223e-003	 -4.8439485e+002	  7.0582443e+001	 -4.2110008e+002	
  1.7675781e+001	  6.7523169e-003	 -4.8698443e+002	  5.1910311e+001	 -4.1866914e+002	
  1.7724609e+001	  4.6219605e-003	 -4.8939420e+002	  1.1199028e+002	 -4.1871928e+002	
  1.7773438e+001	  3.3104220e-003	 -4.9249807e+002	  2.9654436e+001	 -4.1827187e+002	
  1.7822266e+001	  8.5587388e-003	 -4.9040145e+002	  2.8733636e+003	 -4.2045832e+002	
  1.7871094e+001	  4.1336829e-003	 -4.9348976e+002	  7.2370298e+003	 -4.2290556e+002	
  1.7919922e+001	  5.1969186e-003	 -4.9636756e+002	  7.4643722e+003	 -4.2535528e+002	
  1.7968750e+001	  5.2282729e-003	 -4.9879331e+002	  3.2070239e+003	 -4.2779978e+002	
  1.8017578e+001	  6.9699065e-003	 -5.0102787e+002	  1.1509120e+002	 -4.3001264e+002	
  1.8066406e+001	  2.8596081e-003	 -5.0271048e+002	  1.3183691e+002	 -4.2956567e+002	
  1.8115234e+001	  3.6766258e-003	 -5.0533546e+002	  3.8627843e+001	 -4.2889857e+002	
  1.8164063e+001	  8.0498223e-003	 -5.0219655e+002	  5.6018028e+001	 -4.2797286e+002	
  1.8212891e+001	  1.3238178e-002	 -5.0481710e+002	  8.7026522e+000	 -4.3085502e+002	
  1.8261719e+001	  6.5188480e-003	 -5.0772424e+002	  5.5591527e+001	 -4.2820488e+002	
  1.8310547e+001	  9.4809552e-003	 -5.0565547e+002	  9.7202496e+001	 -4.2796253e+002	
  1.8359375e+001	  1.3589318e-002	 -5.0809820e+002	  3.9212790e+002	 -4.2692649e+002	
  1.8408203e+001	  9.9301418e-003	 -5.1050348e+002	  2.6870253e+003	 -4.2938564e+002	
  1.8457031e+001	  6.1894100e-003	 -5.0736320e+002	  4.7514614e+003	 -4.3183328e+002	
  1.8505859e+001	  6.8269221e-003	 -5.0434144e+002	  3.6623712e+003	 -4.3428211e+002	
  1.8554688e+001	  1.2445174e-003	 -5.0704158e+002	  9.9841927e+002	 -4.3673221e+002	
  1.8603516e+001	  2.5995414e-003	 -5.0510393e+002	  1.5864822e+002	 -4.3615129e+002	
  1.8652344e+001	  9.8074517e-003	 -5.0768299e+002	  9.0194671e+001	 -4.3900499e+002	
  1.8701172e+001	  7.9734817e-003	 -5.1049920e+002	  7.6855646e+001	 -4.4125913e+002	
  1.8750000e+001	  9.1451203e-003	 -5.1321768e+002	  1.0660752e+002	 -4.4325374e+002	
  1.8798828e+001	  1.3299863e-002	 -5.1545700e+002	  9.3015531e+001	 -4.4490567e+002	
  1.8847656e+001	  1.2197641e-002	 -5.1753891e+002	  8.6212539e+001	 -4.4759334e+002	
  1.8896484e+001	  1.9883127e-003	 -5.1943361e+002	  7.9504755e+001	 -4.4484133e+002	
  1.8945313e+001	  6.8367291e-003	 -5.2134209e+002	  6.6708942e+002	 -4.4533273e+002	
  1.8994141e+001	  6.5707397e-003	 -5.2355772e+002	  2.3112367e+003	 -4.4773035e+002	
  1.9042969e+001	  2.3948355e-003	 -5.2507580e+002	  2.9711609e+003	 -4.5017193e+002	
  1.9091797e+001	  6.6528659e-003	 -5.2677627e+002	  1.6818585e+003	 -4.5261464e+002	
  1.9140625e+001	  3.4046578e-003	 -5.2402168e+002	  2.5890719e+002	 -4.5495869e+002	
  1.9189453e+001	  5.9856111e-003	 -5.2687219e+002	  6.8218792e+001	 -4.5525764e+002	
  1.9238281e+001	  5.6911827e-003	 -5.2375747e+002	  6.9259799e+001	 -4.5352990e+002	
  1.9287109e+001	  1.0271251e-002	 -5.2076951e+002	  5.4735762e+001	 -4.5610048e+002	
  1.9335938e+001	  6.7910068e-003	 -5.2344928e+002	  5.6433180e+001	 -4.5746364e+002	
  1.9384766e+001	  6.6926483e-003	 -5.2069192e+002	  1.3394628e+001	 -4.5652102e+002	
  1.9433594e+001	  2.8012040e-003	 -5.1909915e+002	  1.6894176e+002	 -4.5546131e+002	
  1.9482422e+001	  3.5145583e-003	 -5.1682135e+002	  6.2355586e+001	 -4.5500146e+002	
  1.9531250e+001	  8.1648713e-003	 -5.1896166e+002	  2.9340915e+003	 -4.5734171e+002	
  1.9580078e+001	  1.4610284e-003	 -5.2005173e+002	  6.8559126e+003	 -4.5979090e+002	
  1.9628906e+001	  1.5874102e-002	 -5.2205258e+002	  6.6237487e+003	 -4.6223969e+002	
  1.9677734e+001	  7.0684850e-003	 -5.2425940e+002	  2.6008475e+003	 -4.6467914e+002	
  1.9726563e+001	  7.7179057e-003	 -5.2623222e+002	  4.0167066e+001	 -4.6611626e+002	
  1.9775391e+001	  1.8198637e-003	 -5.2823112e+002	  6.4822657e+001	 -4.6654488e+002	
  1.9824219e+001	  1.3709451e-003	 -5.3099239e+002	  7.1182319e+001	 -4.6560135e+002	
  1.9873047e+001	  8.6566005e-003	 -5.3369174e+002	  3.4137539e+001	 -4.6512923e+002	
  1.9921875e+001	  3.9867948e-003	 -5.3640960e+002	  2.0068033e+001	 -4.6805770e+002	
  1.9970703e+001	  1.6222110e-003	 -5.3926937e+002	  2.2078922e+001	 -4.7103884e+002	
  2.0019531e+001	  5.7664467e-003	 -5.4169335e+002	  1.5174905e+002	 -4.7076686e+002	
  2.0068359e+001	  3.9552926e-003	 -5.4400763e+002	  5.1614265e+002	 -4.7013946e+002	
  2.0117188e+001	  3.6970958e-003	 -5.4652642e+002	  3.0592852e+003	 -4.7254854e+002	
  2.0166016e+001	  3.5877640e-003	 -5.4872126e+002	  5.0244435e+003	 -4.7499843e+002	
  2.0214844e+001	  5.1842976e-003	 -5.5066882e+002	  3.6137382e+003	 -4.7745445e+002	
  2.0263672e+001	  1.2840170e-002	 -5.5293644e+002	  8.7981747e+002	 -4.7996008e+002	
  2.0312500e+001	  8.3880175e-003	 -5.5521908e+002	  1.5538461e+002	 -4.7880836e+002	
  2.0361328e+001	  5.5188609e-003	 -5.5741171e+002	  3.1273149e+001	 -4.8078410e+002	
  2.0410156e+001	  2.6849502e-003	 -5.6017175e+002	  5.2553822e+001	 -4.7783819e+002	
  2.0458984e+001	  7.7427937e-003	 -5.6314661e+002	  1.1314541e+002	 -4.8022289e+002	
  2.0507813e+001	  7.8905680e-003	 -5.6580062e+002	  1.1117295e+002	 -4.8204941e+002	
  2.0556641e+001	  7.1040067e-003	 -5.6791022e+002	  1.1799499e+002	 -4.8476876e+002	
  2.0605469e+001	  1.2916723e-002	 -5.6974811e+002	  1.0055073e+002	 -4.8786149e+002	
  2.0654297e+001	  1.6088957e-002	 -5.7201579e+002	  7.5039318e+002	 -4.8849877e+002	
  2.0703125e+001	  8.9207090e-003	 -5.6896823e+002	  2.3992917e+003	 -4.9089576e+002	
  2.0751953e+001	  8.4725091e-003	 -5.6657637e+002	  2.9045927e+003	 -4.9333348e+002	
  2.0800781e+001	  4.2091779e-003	 -5.6896407e+002	  1.5080512e+003	 -4.9575645e+002	
  2.0849609e+001	  5.7783058e-003	 -5.7185501e+002	  1.6809731e+002	 -4.9785182e+002	
  2.0898438e+001	  6.5075818e-003	 -5.7439394e+002	  8.5083024e+001	 -4.9840389e+002	
  2.0947266e+001	  2.8615328e-003	 -5.7671523e+002	  5.5317838e+001	 -4.9630758e+002	
  2.0996094e+001	  5.8095277e-003	 -5.7913020e+002	  3.5783898e+001	 -4.9797541e+002	
  2.1044922e+001	  3.8792890e-003	 -5.8173149e+002	  4.1844124e+001	 -4.9996846e+002	
  2.1093750e+001	  6.5705609e-003	 -5.8073148e+002	  7.2803084e+001	 -4.9987433e+002	
  2.1142578e+001	  7.6327985e-003	 -5.8320932e+002	  1.0292952e+002	 -4.9817019e+002	
  2.1191406e+001	  3.4900376e-003	 -5.8155138e+002	  2.7019565e+002	 -4.9818780e+002	
  2.1240234e+001	  1.0074596e-002	 -5.8416027e+002	  3.1047413e+003	 -5.0051186e+002	
  2.1289063e+001	  8.8168317e-003	 -5.8645480e+002	  6.5164328e+003	 -5.0296136e+002	
  2.1337891e+001	  5.6152942e-003	 -5.8899044e+002	  5.8566524e+003	 -5.0541767e+002	
  2.1386719e+001	  4.3491268e-003	 -5.8647113e+002	  2.0895320e+003	 -5.0789307e+002	
  2.1435547e+001	  9.2432805e-003	 -5.8355475e+002	  7.8618014e+001	 -5.0610755e+002	
  2.1484375e+001	  4.5638851e-003	 -5.8611211e+002	  4.8861250e+001	 -5.0874908e+002	
  2.1533203e+001	  5.3858083e-003	 -5.8380465e+002	  4.7723769e+001	 -5.0858502e+002	
  2.1582031e+001	  3.3552887e-003	 -5.8647353e+002	  3.5516352e+001	 -5.0828446e+002	
  2.1630859e+001	  6.9167739e-003	 -5.8855581e+002	  3.6323928e+001	 -5.0644850e+002	
  2.1679688e+001	  1.8936051e-003	 -5.8834503e+002	  6.8619613e+001	 -5.0903435e+002	
  2.1728516e+001	  1.2172452e-002	 -5.9074459e+002	  1.4669027e+002	 -5.0723153e+002	
  2.1777344e+001	  1.0051045e-002	 -5.9343127e+002	  7.2816538e+002	 -5.0707635e+002	
  2.1826172e+001	  4.9835992e-003	 -5.9621938e+002	  3.5423745e+003	 -5.0943999e+002	
  2.1875000e+001	  3.3816632e-003	 -5.9570611e+002	  5.3670697e+003	 -5.1188409e+002	
  2.1923828e+001	  1.1624319e-002	 -5.9852047e+002	  3.5594044e+003	 -5.1433298e+002	
  2.1972656e+001	  3.0040147e-003	 -5.9623773e+002	  7.1025006e+002	 -5.1676327e+002	
  2.2021484e+001	  1.3908003e-002	 -5.9362566e+002	  2.1764129e+002	 -5.1620254e+002	
  2.2070313e+001	  5.0799167e-003	 -5.9055840e+002	  6.4940798e+001	 -5.1876201e+002	
  2.2119141e+001	  7.0402284e-003	 -5.9339761e+002	  8.5388531e+001	 -5.2097744e+002	
  2.2167969e+001	  7.5701885e-003	 -5.9472811e+002	  1.1595897e+002	 -5.2349732e+002	
  2.2216797e+001	  3.9984013e-003	 -5.9560098e+002	  6.7336138e+001	 -5.2571228e+002	
  2.2265625e+001	  6.4967528e-003	 -5.9640937e+002	  7.8453806e+001	 -5.2278550e+002	
  2.2314453e+001	  1.1615344e-002	 -5.9843740e+002	  7.3871989e+001	 -5.2543118e+002	
  2.2363281e+001	  7.1323122e-003	 -6.0030918e+002	  8.8437269e+002	 -5.2535196e+002	
  2.2412109e+001	  8.5835343e-003	 -6.0238134e+002	  2.5474987e+003	 -5.2777707e+002	
  2.2460938e+001	  7.8411733e-003	 -5.9955102e+002	  2.8563270e+003	 -5.3021837e+002	
  2.2509766e+001	  4.2755674e-003	 -6.0228822e+002	  1.3630115e+003	 -5.3266703e+002	
  2.2558594e+001	  2.9070674e-003	 -6.0441178e+002	  8.2767567e+001	 -5.3520470e+002	
  2.2607422e+001	  6.7582904e-003	 -6.0676560e+002	  9.3506506e+001	 -5.3437717e+002	
  2.2656250e+001	  4.6320926e-003	 -6.0937843e+002	  2.8757379e+001	 -5.3472491e+002	
  2.2705078e+001	  2.6799946e-003	 -6.0687701e+002	  1.5826149e+001	 -5.3625286e+002	
  2.2753906e+001	  3.2910670e-003	 -6.0450952e+002	  1.6162116e+001	 -5.3701320e+002	
  2.2802734e+001	  5.1491120e-003	 -6.0586305e+002	  5.8872360e+001	 -5.3745541e+002	
  2.2851563e+001	  1.1765957e-002	 -6.0688994e+002	  2.0062495e+002	 -5.3520008e+002	
  2.2900391e+001	  9.0318720e-003	 -6.0878825e+002	  3.1573086e+002	 -5.3513934e+002	
  2.2949219e+001	  9.1528222e-003	 -6.1090941e+002	  3.1857681e+003	 -5.3740906e+002	
  2.2998047e+001	  5.6805013e-003	 -6.1312762e+002	  6.1587010e+003	 -5.3985463e+002	
  2.3046875e+001	  5.0891461e-003	 -6.1458232e+002	  5.1202738e+003	 -5.4230663e+002	
  2.3095703e+001	  2.6384143e-003	 -6.1690477e+002	  1.6061446e+003	 -5.4475069e+002	
  2.3144531e+001	  5.2690386e-003	 -6.1954204e+002	  1.1459838e+002	 -5.4415518e+002	
  2.3193359e+001	  3.9863538e-003	 -6.2247660e+002	  2.9138051e+001	 -5.4664054e+002	
  2.3242188e+001	  8.5067639e-003	 -6.2154842e+002	  4.8264033e+001	 -5.4483211e+002	
  2.3291016e+001	  2.8246054e-003	 -6.1847841e+002	  3.8408613e+001	 -5.4647708e+002	
  2.3339844e+001	  5.9009245e-003	 -6.1626611e+002	  8.6411382e+001	 -5.4367157e+002	
  2.3388672e+001	  5.8723925e-003	 -6.1337032e+002	  6.7974265e+001	 -5.4661389e+002	
  2.3437500e+001	  1.2588066e-002	 -6.1592979e+002	  1.8050586e+002	 -5.4432258e+002	
  2.3486328e+001	  1.3738238e-003	 -6.1791870e+002	  9.2686614e+002	 -5.4387812e+002	
  2.3535156e+001	  4.8415636e-003	 -6.1970965e+002	  3.9825759e+003	 -5.4631161e+002	
  2.3583984e+001	  1.2174546e-002	 -6.2221270e+002	  5.6295527e+003	 -5.4876653e+002	
  2.3632813e+001	  8.0075761e-003	 -6.1999221e+002	  3.5112724e+003	 -5.5122236e+002	
  2.3681641e+001	  1.2205152e-002	 -6.2258393e+002	  6.6315191e+002	 -5.5367649e+002	
  2.3730469e+001	  8.0833343e-003	 -6.2489025e+002	  1.6220598e+002	 -5.5310294e+002	
  2.3779297e+001	  5.4453342e-003	 -6.2770184e+002	  4.5678517e+001	 -5.5585902e+002	
  2.3828125e+001	  6.8761377e-003	 -6.3028255e+002	  7.1011632e+001	 -5.5802572e+002	
  2.3876953e+001	  6.5574870e-003	 -6.3092580e+002	  4.5293914e+001	 -5.6057589e+002	
  2.3925781e+001	  7.9484283e-003	 -6.3316204e+002	  5.4528823e+001	 -5.6124997e+002	
  2.3974609e+001	  3.4489172e-003	 -6.3578822e+002	  5.0664470e+001	 -5.5841509e+002	
  2.4023438e+001	  7.2275688e-003	 -6.3863442e+002	  6.6518520e+001	 -5.6049198e+002	
  2.4072266e+001	  5.0805874e-003	 -6.4162520e+002	  1.0702701e+003	 -5.6222958e+002	
  2.4121094e+001	  7.1518577e-003	 -6.4122685e+002	  2.6878591e+003	 -5.6466669e+002	
  2.4169922e+001	  6.5401331e-003	 -6.4420113e+002	  2.7753995e+003	 -5.6712133e+002	
  2.4218750e+001	  6.2000774e-003	 -6.4699109e+002	  1.1612211e+003	 -5.6960409e+002	
  2.4267578e+001	  7.6475312e-003	 -6.4635444e+002	  4.6776142e+001	 -5.6840746e+002	
  2.4316406e+001	  1.0038204e-002	 -6.4912934e+002	  1.4125135e+002	 -5.6536752e+002	
  2.4365234e+001	  9.0382095e-003	 -6.5199174e+002	  5.4744751e+001	 -5.6274537e+002	
  2.4414063e+001	  4.3651588e-003	 -6.5463814e+002	  3.8412008e+001	 -5.5961916e+002	
  2.4462891e+001	  5.2549377e-003	 -6.5716142e+002	  8.5547233e+001	 -5.5769097e+002	
  2.4511719e+001	  9.6096576e-003	 -6.5961235e+002	  1.6891897e+002	 -5.6058162e+002	
  2.4560547e+001	  4.9072742e-003	 -6.6171832e+002	  1.0809555e+002	 -5.5951738e+002	
  2.4609375e+001	  1.1728492e-002	 -6.6403457e+002	  4.1500700e+002	 -5.5950678e+002	
  2.4658203e+001	  9.8552393e-003	 -6.6663426e+002	  3.2210967e+003	 -5.6174971e+002	
  2.4707031e+001	  2.9932177e-003	 -6.6921140e+002	  5.8236110e+003	 -5.6417631e+002	
  2.4755859e+001	  2.3439698e-003	 -6.7144900e+002	  4.5516389e+003	 -5.6662173e+002	
  2.4804688e+001	  2.7706061e-003	 -6.7377003e+002	  1.3176591e+003	 -5.6909678e+002	
  2.4853516e+001	  6.9961287e-003	 -6.7590753e+002	  1.2272800e+002	 -5.6757872e+002	
  2.4902344e+001	  7.1059341e-003	 -6.7759473e+002	  8.1211678e+001	 -5.6902568e+002	
  2.4951172e+001	  7.0010190e-003	 -6.7948545e+002	  4.1634683e+001	 -5.7024157e+002	
  2.5000000e+001	  2.4153778e-003	 -6.8172561e+002	  1.4417301e+000	 -5.7176986e+002	
