  0.0000000e+000	  6.1574433e+005	  1.0741524e+007	  4.9558426e+004	  5.8560921e+002	  3.6919175e+001	  2.1674466e+002	  3.0841954e+002	
  2.1000000e-002	  6.1375985e+005	  1.0714137e+007	  4.9503758e+004	  5.8553555e+002	  3.6778769e+001	  2.1643078e+002	  3.0843677e+002	
  4.1000000e-002	  6.1152142e+005	  1.0721497e+007	  4.9575446e+004	  5.8569551e+002	  3.7143178e+001	  2.1626628e+002	  3.0827135e+002	
  6.1000000e-002	  6.1386020e+005	  1.0713254e+007	  4.9507294e+004	  5.8552890e+002	  3.7174018e+001	  2.1639749e+002	  3.0842242e+002	
  8.3000000e-002	  6.1004688e+005	  1.0761123e+007	  4.9641458e+004	  5.8573240e+002	  3.7186722e+001	  2.1677694e+002	  3.0828241e+002	
  1.0100000e-001	  6.1313522e+005	  1.0690063e+007	  4.9487258e+004	  5.8565210e+002	  3.7091914e+001	  2.1601648e+002	  3.0836300e+002	
  1.2000000e-001	  6.0935877e+005	  1.0734803e+007	  4.9552572e+004	  5.8565210e+002	  3.6896464e+001	  2.1663463e+002	  3.0840248e+002	
  1.8100000e-001	  6.1105039e+005	  1.0720248e+007	  4.9557064e+004	  5.8565210e+002	  3.6805856e+001	  2.1632129e+002	  3.0831707e+002	
  2.0000000e-001	  6.1016362e+005	  1.0708237e+007	  4.9425357e+004	  5.8552890e+002	  3.7138902e+001	  2.1665472e+002	  3.0862701e+002	
  2.2100000e-001	  6.1187777e+005	  1.0727656e+007	  4.9541542e+004	  5.8569551e+002	  3.7134769e+001	  2.1653859e+002	  3.0839788e+002	
  2.4000000e-001	  6.1232013e+005	  1.0749610e+007	  4.9554645e+004	  5.8581871e+002	  3.7175936e+001	  2.1692436e+002	  3.0847058e+002	
  2.6100000e-001	  6.1093775e+005	  1.0734256e+007	  4.9501636e+004	  5.8577530e+002	  3.7112378e+001	  2.1684649e+002	  3.0854311e+002	
  2.8100000e-001	  6.1120603e+005	  1.0711683e+007	  4.9457655e+004	  5.8548602e+002	  3.6787035e+001	  2.1658292e+002	  3.0855388e+002	
  3.0000000e-001	  6.1225664e+005	  1.0734010e+007	  4.9516616e+004	  5.8560921e+002	  3.7146858e+001	  2.1677593e+002	  3.0849979e+002	
  3.2100000e-001	  6.1316594e+005	  1.0697573e+007	  4.9466468e+004	  5.8569551e+002	  3.7084076e+001	  2.1625908e+002	  3.0845884e+002	
  3.4100000e-001	  6.1304101e+005	  1.0707766e+007	  4.9454114e+004	  5.8557230e+002	  3.7130712e+001	  2.1651921e+002	  3.0854427e+002	
  3.6100000e-001	  6.1170779e+005	  1.0683446e+007	  4.9401815e+004	  5.8560921e+002	  3.6957910e+001	  2.1625615e+002	  3.0856930e+002	
  3.8300000e-001	  6.1006941e+005	  1.0723941e+007	  4.9453407e+004	  5.8569551e+002	  3.6829142e+001	  2.1684938e+002	  3.0862684e+002	
  4.0100000e-001	  7.3188260e+004	  1.0679842e+007	  4.9412239e+004	  5.8569551e+002	  3.7111456e+001	  2.1613758e+002	  3.0852225e+002	
  4.2100000e-001	  7.1340991e+004	  1.0691845e+007	  4.9428174e+004	  5.8556636e+002	  3.6849299e+001	  2.1631074e+002	  3.0853751e+002	
  4.4100000e-001	  7.1420862e+004	  1.0698110e+007	  4.9470347e+004	  5.8557230e+002	  3.7469401e+001	  2.1625297e+002	  3.0845064e+002	
  4.6000000e-001	  7.0882246e+004	  1.0739009e+007	  4.9494002e+004	  5.8565210e+002	  3.7134983e+001	  2.1697598e+002	  3.0858824e+002	
  4.8100000e-001	  7.1054276e+004	  1.0703700e+007	  4.9435102e+004	  5.8565210e+002	  3.7131407e+001	  2.1652025e+002	  3.0857720e+002	
  5.0100000e-001	  7.1513021e+004	  1.0705228e+007	  4.9478745e+004	  5.8549256e+002	  3.7119062e+001	  2.1636014e+002	  3.0846258e+002	
  5.2100000e-001	  7.1359423e+004	  1.0740343e+007	  4.9502794e+004	  5.8568955e+002	  3.7271609e+001	  2.1696437e+002	  3.0857021e+002	
  5.4300000e-001	  7.0894534e+004	  1.0708622e+007	  4.9511311e+004	  5.8569551e+002	  3.6809642e+001	  2.1628637e+002	  3.0838799e+002	
  5.6100000e-001	  7.1252929e+004	  1.0702175e+007	  4.9497723e+004	  5.8573900e+002	  3.7194886e+001	  2.1621550e+002	  3.0839403e+002	
  5.8000000e-001	  7.0876102e+004	  1.0768107e+007	  4.9595262e+004	  5.8552890e+002	  3.7141223e+001	  2.1711967e+002	  3.0844828e+002	
  6.0100000e-001	  7.1017412e+004	  1.0741742e+007	  4.9529887e+004	  5.8557230e+002	  3.7137651e+001	  2.1687393e+002	  3.0850104e+002	
  6.2000000e-001	  7.1410622e+004	  1.0724016e+007	  4.9502349e+004	  5.8549256e+002	  3.6851409e+001	  2.1663651e+002	  3.0849003e+002	
  6.4400000e-001	  7.1740345e+004	  1.0720365e+007	  4.9467592e+004	  5.8561578e+002	  3.7129977e+001	  2.1671491e+002	  3.0856932e+002	
  6.6100000e-001	  7.1041988e+004	  1.0704837e+007	  4.9502033e+004	  5.8548602e+002	  3.7061923e+001	  2.1625045e+002	  3.0839520e+002	
  6.8100000e-001	  7.1334847e+004	  1.0730328e+007	  4.9498789e+004	  5.8557230e+002	  3.7110291e+001	  2.1677961e+002	  3.0853151e+002	
  7.0000000e-001	  7.1398335e+004	  1.0712451e+007	  4.9534895e+004	  5.8569551e+002	  3.6854700e+001	  2.1626071e+002	  3.0834068e+002	
  7.2100000e-001	  7.1457726e+004	  1.0743325e+007	  4.9557124e+004	  5.8569551e+002	  3.7174563e+001	  2.1678668e+002	  3.0843220e+002	
  7.4000000e-001	  7.1744441e+004	  1.0729140e+007	  4.9564086e+004	  5.8552890e+002	  3.6817245e+001	  2.1647005e+002	  3.0834167e+002	
  7.6100000e-001	  7.1381951e+004	  1.0734342e+007	  4.9539221e+004	  5.8569551e+002	  3.6495384e+001	  2.1668371e+002	  3.0843782e+002	
  7.8100000e-001	  7.1451582e+004	  1.0727621e+007	  4.9480636e+004	  5.8560921e+002	  3.7211711e+001	  2.1680442e+002	  3.0856894e+002	
  8.0400000e-001	  7.1734201e+004	  1.0719267e+007	  4.9575062e+004	  5.8568955e+002	  3.6476355e+001	  2.1622297e+002	  3.0826128e+002	
  8.2400000e-001	  7.1312320e+004	  1.0729878e+007	  4.9516696e+004	  5.8556636e+002	  3.7205282e+001	  2.1669212e+002	  3.0847894e+002	
  8.4000000e-001	  7.1502781e+004	  1.0730033e+007	  4.9522912e+004	  5.8556636e+002	  3.7217614e+001	  2.1666806e+002	  3.0846224e+002	
  8.6500000e-001	  7.1289792e+004	  1.0745622e+007	  4.9605824e+004	  5.8556636e+002	  3.7120585e+001	  2.1662018e+002	  3.0830598e+002	
  8.8000000e-001	  7.1398335e+004	  1.0722325e+007	  4.9554778e+004	  5.8557230e+002	  3.7159005e+001	  2.1637318e+002	  3.0833390e+002	
  9.0100000e-001	  5.1313086e+005	  1.0748195e+007	  4.9637417e+004	  5.8552890e+002	  3.7164567e+001	  2.1653412e+002	  3.0822918e+002	
  9.2000000e-001	  6.0760161e+005	  1.0760341e+007	  4.9634952e+004	  5.8552890e+002	  3.7172724e+001	  2.1678959e+002	  3.0829697e+002	
  9.4100000e-001	  6.1150504e+005	  1.0737068e+007	  4.9616178e+004	  5.8581871e+002	  3.7112957e+001	  2.1640256e+002	  3.0823381e+002	
  9.6100000e-001	  6.1365131e+005	  1.0724823e+007	  4.9584895e+004	  5.8561578e+002	  3.6881890e+001	  2.1629214e+002	  3.0826123e+002	
  9.8100000e-001	  6.0882015e+005	  1.0736458e+007	  4.9645208e+004	  5.8552890e+002	  3.7037207e+001	  2.1626373e+002	  3.0814825e+002	
  1.0040000e+000	  6.1280550e+005	  1.0702611e+007	  4.9552048e+004	  5.8561578e+002	  3.7017441e+001	  2.1598726e+002	  3.0824307e+002	
  1.0210000e+000	  6.1149275e+005	  1.0709959e+007	  4.9496600e+004	  5.8565210e+002	  3.7245057e+001	  2.1637767e+002	  3.0843604e+002	
  1.0400000e+000	  6.1137397e+005	  1.0730535e+007	  4.9536009e+004	  5.8548602e+002	  3.6821857e+001	  2.1662090e+002	  3.0842786e+002	
  1.0610000e+000	  6.1031517e+005	  1.0701141e+007	  4.9435255e+004	  5.8565210e+002	  3.7219598e+001	  2.1646779e+002	  3.0856402e+002	
  1.0800000e+000	  6.1274406e+005	  1.0704255e+007	  4.9505370e+004	  5.8573900e+002	  3.7130407e+001	  2.1622413e+002	  3.0838291e+002	
  1.1040000e+000	  6.1455037e+005	  1.0724278e+007	  4.9508327e+004	  5.8549882e+002	  3.7150100e+001	  2.1661565e+002	  3.0847453e+002	
  1.1200000e+000	  6.1169140e+005	  1.0693285e+007	  4.9392042e+004	  5.8549256e+002	  3.7134522e+001	  2.1649812e+002	  3.0864550e+002	
  1.1440000e+000	  6.1578734e+005	  1.0700532e+007	  4.9457504e+004	  5.8560921e+002	  3.7108255e+001	  2.1635812e+002	  3.0849872e+002	
  1.1600000e+000	  6.1041347e+005	  1.0724211e+007	  4.9519845e+004	  5.8569551e+002	  3.7139059e+001	  2.1656390e+002	  3.0844180e+002	
  1.1810000e+000	  6.1305535e+005	  1.0697768e+007	  4.9419833e+004	  5.8560921e+002	  3.7176297e+001	  2.1646709e+002	  3.0859031e+002	
  1.2000000e+000	  6.1089474e+005	  1.0727336e+007	  4.9556991e+004	  5.8577530e+002	  3.6847560e+001	  2.1646464e+002	  3.0835270e+002	
  1.2210000e+000	  6.1511970e+005	  1.0701323e+007	  4.9412234e+004	  5.8562206e+002	  3.7143559e+001	  2.1657233e+002	  3.0862921e+002	
  1.2440000e+000	  6.1216448e+005	  1.0696801e+007	  4.9443194e+004	  5.8569551e+002	  3.6828256e+001	  2.1634526e+002	  3.0852019e+002	
  1.2610000e+000	  6.1210100e+005	  1.0689948e+007	  4.9403426e+004	  5.8565210e+002	  3.7143515e+001	  2.1638071e+002	  3.0859717e+002	
  1.2810000e+000	  6.1412439e+005	  1.0678556e+007	  4.9341013e+004	  5.8565210e+002	  3.7130429e+001	  2.1642351e+002	  3.0871416e+002	
  1.3010000e+000	  6.0595095e+005	  1.0680311e+007	  4.9322152e+004	  5.8556636e+002	  3.6814334e+001	  2.1654186e+002	  3.0877517e+002	
  1.3210000e+000	  6.0943454e+005	  1.0688881e+007	  4.9394855e+004	  5.8568955e+002	  3.7167238e+001	  2.1639665e+002	  3.0861575e+002	
  1.3410000e+000	  6.0756884e+005	  1.0703666e+007	  4.9371808e+004	  5.8548602e+002	  3.6862477e+001	  2.1679712e+002	  3.0875342e+002	
  1.3610000e+000	  6.0871775e+005	  1.0661633e+007	  4.9315202e+004	  5.8577530e+002	  3.7061636e+001	  2.1619364e+002	  3.0870170e+002	
  1.3810000e+000	  6.0211305e+005	  1.0690401e+007	  4.9303707e+004	  5.8569551e+002	  3.7111075e+001	  2.1682753e+002	  3.0887628e+002	
  1.4010000e+000	  1.6744602e+005	  1.0693129e+007	  4.9403730e+004	  5.8569551e+002	  3.7147048e+001	  2.1644375e+002	  3.0861215e+002	
  1.4240000e+000	  7.0890438e+004	  1.0653767e+007	  4.9222347e+004	  5.8560921e+002	  3.6820001e+001	  2.1644167e+002	  3.0891908e+002	
  1.4410000e+000	  7.1427006e+004	  1.0697149e+007	  4.9425827e+004	  5.8561578e+002	  3.7166601e+001	  2.1642833e+002	  3.0857049e+002	
  1.4610000e+000	  7.1365568e+004	  1.0678259e+007	  4.9367335e+004	  5.8557230e+002	  3.6843534e+001	  2.1630211e+002	  3.0863955e+002	
  1.4810000e+000	  7.1173058e+004	  1.0697651e+007	  4.9389014e+004	  5.8548602e+002	  3.7191280e+001	  2.1659980e+002	  3.0867565e+002	
  1.5010000e+000	  7.0927302e+004	  1.0694126e+007	  4.9321654e+004	  5.8565210e+002	  3.7171408e+001	  2.1682416e+002	  3.0884512e+002	
  1.5210000e+000	  7.1238592e+004	  1.0715884e+007	  4.9402782e+004	  5.8560921e+002	  3.7123549e+001	  2.1690851e+002	  3.0872801e+002	
  1.5440000e+000	  7.1310272e+004	  1.0690639e+007	  4.9422651e+004	  5.8548602e+002	  3.7087398e+001	  2.1631051e+002	  3.0854693e+002	
  1.5610000e+000	  7.1259072e+004	  1.0696864e+007	  4.9361615e+004	  5.8560921e+002	  3.6447200e+001	  2.1670410e+002	  3.0874794e+002	
  1.5810000e+000	  7.1740345e+004	  1.0723728e+007	  4.9458793e+004	  5.8569551e+002	  3.7185938e+001	  2.1682146e+002	  3.0861071e+002	
  1.6010000e+000	  7.1181250e+004	  1.0718982e+007	  4.9458414e+004	  5.8556636e+002	  3.7216061e+001	  2.1672718e+002	  3.0858813e+002	
  1.6210000e+000	  7.1719866e+004	  1.0755383e+007	  4.9508563e+004	  5.8561578e+002	  3.7194011e+001	  2.1724289e+002	  3.0862902e+002	
  1.6410000e+000	  7.1525308e+004	  1.0717170e+007	  4.9528479e+004	  5.8568955e+002	  3.6836546e+001	  2.1638399e+002	  3.0838233e+002	
  1.6610000e+000	  7.1209921e+004	  1.0719240e+007	  4.9546932e+004	  5.8552890e+002	  3.6756577e+001	  2.1634519e+002	  3.0834064e+002	
  1.6810000e+000	  7.1367615e+004	  1.0711264e+007	  4.9526944e+004	  5.8554190e+002	  3.6838476e+001	  2.1627144e+002	  3.0835716e+002	
  1.7000000e+000	  7.1381951e+004	  1.0693377e+007	  4.9454340e+004	  5.8568955e+002	  3.6806955e+001	  2.1622726e+002	  3.0847191e+002	
  1.7210000e+000	  7.1310272e+004	  1.0700514e+007	  4.9500194e+004	  5.8552300e+002	  3.7170765e+001	  2.1617115e+002	  3.0837879e+002	
  1.7400000e+000	  7.1668667e+004	  1.0754228e+007	  4.9556919e+004	  5.8552890e+002	  3.7113699e+001	  2.1700760e+002	  3.0848723e+002	
  1.7610000e+000	  7.1642043e+004	  1.0715044e+007	  4.9489160e+004	  5.8565210e+002	  3.7249278e+001	  2.1651295e+002	  3.0848231e+002	
  1.7810000e+000	  7.1242689e+004	  1.0760863e+007	  4.9598708e+004	  5.8561578e+002	  3.7121125e+001	  2.1695854e+002	  3.0840234e+002	
  1.8010000e+000	  7.1396286e+004	  1.0688756e+007	  4.9430548e+004	  5.8556636e+002	  3.6834557e+001	  2.1623787e+002	  3.0851548e+002	
  1.8210000e+000	  7.1719866e+004	  1.0706979e+007	  4.9499702e+004	  5.8565878e+002	  3.7167853e+001	  2.1630392e+002	  3.0841245e+002	
  1.8410000e+000	  7.1539644e+004	  1.0729007e+007	  4.9543368e+004	  5.8557901e+002	  3.7177257e+001	  2.1655789e+002	  3.0839949e+002	
  1.8610000e+000	  7.0751176e+004	  1.0745461e+007	  4.9554097e+004	  5.8564618e+002	  3.7188459e+001	  2.1684303e+002	  3.0845141e+002	
  1.8840000e+000	  7.1631803e+004	  1.0720717e+007	  4.9511702e+004	  5.8557901e+002	  3.7217762e+001	  2.1652895e+002	  3.0844727e+002	
  1.9010000e+000	  3.8807779e+005	  1.0728024e+007	  4.9533542e+004	  5.8561578e+002	  3.7092020e+001	  2.1658100e+002	  3.0842227e+002	
  1.9210000e+000	  6.0809517e+005	  1.0737676e+007	  4.9498085e+004	  5.8552890e+002	  3.7237258e+001	  2.1693114e+002	  3.0857013e+002	
  1.9410000e+000	  6.0895327e+005	  1.0733623e+007	  4.9557454e+004	  5.8556636e+002	  3.6811730e+001	  2.1658948e+002	  3.0838281e+002	
  1.9600000e+000	  6.0540823e+005	  1.0715048e+007	  4.9554316e+004	  5.8548602e+002	  3.7164180e+001	  2.1622835e+002	  3.0829884e+002	
  1.9810000e+000	  6.0473240e+005	  1.0756780e+007	  4.9562186e+004	  5.8570224e+002	  3.6837271e+001	  2.1703602e+002	  3.0848512e+002	
  2.0010000e+000	  6.0695445e+005	  1.0698024e+007	  4.9450422e+004	  5.8565210e+002	  3.7194280e+001	  2.1633837e+002	  3.0850605e+002	
  2.0210000e+000	  6.0616598e+005	  1.0744340e+007	  4.9556329e+004	  5.8573900e+002	  3.7086060e+001	  2.1681066e+002	  3.0843952e+002	
  2.0410000e+000	  6.0184067e+005	  1.0711389e+007	  4.9487269e+004	  5.8557230e+002	  3.7143055e+001	  2.1644736e+002	  3.0846938e+002	
  2.0610000e+000	  6.0512766e+005	  1.0736103e+007	  4.9529477e+004	  5.8552890e+002	  3.7177668e+001	  2.1676190e+002	  3.0847406e+002	
  2.0800000e+000	  6.0392550e+005	  1.0681400e+007	  4.9361596e+004	  5.8557230e+002	  3.7206371e+001	  2.1639090e+002	  3.0867113e+002	
  2.1010000e+000	  6.0581988e+005	  1.0704315e+007	  4.9433987e+004	  5.8578201e+002	  3.7309907e+001	  2.1653756e+002	  3.0858337e+002	
  2.1210000e+000	  6.0633187e+005	  1.0670628e+007	  4.9402291e+004	  5.8560921e+002	  3.7200805e+001	  2.1599459e+002	  3.0850414e+002	
  2.1410000e+000	  6.0401562e+005	  1.0713443e+007	  4.9402993e+004	  5.8561578e+002	  3.7173953e+001	  2.1685817e+002	  3.0871528e+002	
  2.1640000e+000	  6.0264552e+005	  1.0679254e+007	  4.9345583e+004	  5.8560921e+002	  3.7160052e+001	  2.1641763e+002	  3.0870495e+002	
  2.1810000e+000	  6.0607792e+005	  1.0690321e+007	  4.9329353e+004	  5.8561578e+002	  3.7151316e+001	  2.1671318e+002	  3.0880492e+002	
  2.2000000e+000	  6.0629296e+005	  1.0701679e+007	  4.9391701e+004	  5.8565210e+002	  3.7205486e+001	  2.1666958e+002	  3.0868821e+002	
  2.2210000e+000	  6.1140059e+005	  1.0681705e+007	  4.9328886e+004	  5.8569551e+002	  3.6770279e+001	  2.1654058e+002	  3.0876344e+002	
  2.2430000e+000	  6.0960657e+005	  1.0683755e+007	  4.9282412e+004	  5.8540570e+002	  3.7142940e+001	  2.1678637e+002	  3.0890213e+002	
  2.2610000e+000	  6.1018819e+005	  1.0678099e+007	  4.9278621e+004	  5.8565878e+002	  3.7143150e+001	  2.1668827e+002	  3.0888456e+002	
  2.2810000e+000	  6.0928504e+005	  1.0651164e+007	  4.9268565e+004	  5.8573900e+002	  3.7200399e+001	  2.1618580e+002	  3.0877880e+002	
  2.3010000e+000	  6.0831021e+005	  1.0684794e+007	  4.9304288e+004	  5.8569551e+002	  3.7169259e+001	  2.1671124e+002	  3.0884686e+002	
  2.3210000e+000	  6.1066332e+005	  1.0684837e+007	  4.9320105e+004	  5.8557230e+002	  3.7177922e+001	  2.1664262e+002	  3.0880331e+002	
  2.3440000e+000	  6.1128386e+005	  1.0670874e+007	  4.9230599e+004	  5.8561578e+002	  3.7133125e+001	  2.1675287e+002	  3.0898104e+002	
  2.3620000e+000	  6.1481455e+005	  1.0677984e+007	  4.9329777e+004	  5.8557230e+002	  3.7150218e+001	  2.1646123e+002	  3.0874249e+002	
  2.3810000e+000	  6.1270515e+005	  1.0669872e+007	  4.9310917e+004	  5.8561578e+002	  3.6823463e+001	  2.1637951e+002	  3.0875448e+002	
  2.4010000e+000	  3.2309779e+005	  1.0680046e+007	  4.9333512e+004	  5.8573900e+002	  3.7195112e+001	  2.1648664e+002	  3.0874238e+002	
  2.4210000e+000	  7.1345087e+004	  1.0653968e+007	  4.9225429e+004	  5.8552890e+002	  3.7208209e+001	  2.1643219e+002	  3.0891159e+002	
  2.4410000e+000	  7.1398335e+004	  1.0689477e+007	  4.9310942e+004	  5.8560921e+002	  3.7198464e+001	  2.1677699e+002	  3.0885169e+002	
  2.4610000e+000	  7.1310271e+004	  1.0667374e+007	  4.9415107e+004	  5.8568955e+002	  3.7058473e+001	  2.1587272e+002	  3.0845212e+002	
  2.4840000e+000	  7.1685050e+004	  1.0675795e+007	  4.9315094e+004	  5.8552890e+002	  3.7196804e+001	  2.1648128e+002	  3.0877231e+002	
  2.5010000e+000	  7.1308224e+004	  1.0681664e+007	  4.9328235e+004	  5.8565878e+002	  3.6816226e+001	  2.1654260e+002	  3.0876504e+002	
  2.5210000e+000	  7.1701434e+004	  1.0663546e+007	  4.9264186e+004	  5.8573240e+002	  3.6832519e+001	  2.1645635e+002	  3.0885226e+002	
  2.5410000e+000	  7.1455678e+004	  1.0689176e+007	  4.9356767e+004	  5.8540570e+002	  3.7183348e+001	  2.1656962e+002	  3.0872319e+002	
  2.5610000e+000	  7.1369663e+004	  1.0697086e+007	  4.9345981e+004	  5.8581273e+002	  3.7130967e+001	  2.1677724e+002	  3.0879242e+002	
  2.5810000e+000	  7.1441342e+004	  1.0678904e+007	  4.9337356e+004	  5.8581871e+002	  3.7196975e+001	  2.1644661e+002	  3.0872604e+002	
  2.6010000e+000	  7.1748537e+004	  1.0683157e+007	  4.9402685e+004	  5.8565210e+002	  3.6938140e+001	  2.1624649e+002	  3.0856543e+002	
  2.6230000e+000	  7.1400383e+004	  1.0689973e+007	  4.9358250e+004	  5.8568955e+002	  3.6435086e+001	  2.1657925e+002	  3.0872303e+002	
  2.6410000e+000	  7.1398335e+004	  1.0711141e+007	  4.9395159e+004	  5.8573900e+002	  3.7209927e+001	  2.1684596e+002	  3.0872564e+002	
  2.6600000e+000	  7.1513021e+004	  1.0691468e+007	  4.9423192e+004	  5.8557230e+002	  3.7094043e+001	  2.1632492e+002	  3.0854955e+002	
  2.6840000e+000	  7.1709625e+004	  1.0716859e+007	  4.9455590e+004	  5.8560338e+002	  3.7209406e+001	  2.1669661e+002	  3.0858545e+002	
  2.7000000e+000	  7.1371711e+004	  1.0708399e+007	  4.9411316e+004	  5.8560921e+002	  3.7243177e+001	  2.1671956e+002	  3.0866699e+002	
  2.7210000e+000	  7.1508925e+004	  1.0700688e+007	  4.9421876e+004	  5.8562206e+002	  3.6424139e+001	  2.1651723e+002	  3.0859914e+002	
  2.7410000e+000	  7.1838648e+004	  1.0683825e+007	  4.9426791e+004	  5.8565210e+002	  3.6747654e+001	  2.1615453e+002	  3.0850142e+002	
  2.7610000e+000	  7.1596988e+004	  1.0703743e+007	  4.9464557e+004	  5.8565210e+002	  3.7143900e+001	  2.1639218e+002	  3.0849496e+002	
  2.7820000e+000	  7.1539645e+004	  1.0698271e+007	  4.9402248e+004	  5.8548602e+002	  3.7188156e+001	  2.1655434e+002	  3.0864187e+002	
  2.8010000e+000	  7.1402430e+004	  1.0685789e+007	  4.9361415e+004	  5.8561578e+002	  3.7163579e+001	  2.1648061e+002	  3.0869345e+002	
  2.8220000e+000	  7.1377855e+004	  1.0725896e+007	  4.9484252e+004	  5.8557901e+002	  3.7134400e+001	  2.1675373e+002	  3.0855020e+002	
  2.8410000e+000	  7.1279553e+004	  1.0729626e+007	  4.9499276e+004	  5.8560921e+002	  3.6848371e+001	  2.1676329e+002	  3.0852664e+002	
  2.8650000e+000	  7.1138243e+004	  1.0689168e+007	  4.9385751e+004	  5.8577530e+002	  3.7160516e+001	  2.1644235e+002	  3.0864254e+002	
  2.8810000e+000	  7.1228353e+004	  1.0709611e+007	  4.9457707e+004	  5.8560921e+002	  3.7198629e+001	  2.1654079e+002	  3.0854341e+002	
  2.9010000e+000	  1.2657061e+005	  1.0716834e+007	  4.9481950e+004	  5.8569551e+002	  3.7094034e+001	  2.1658067e+002	  3.0851147e+002	
  2.9210000e+000	  5.8868247e+005	  1.0705857e+007	  4.9444518e+004	  5.8556636e+002	  3.7106367e+001	  2.1652263e+002	  3.0856161e+002	
  2.9440000e+000	  5.8594434e+005	  1.0714614e+007	  4.9419429e+004	  5.8572656e+002	  3.7142851e+001	  2.1680975e+002	  3.0867530e+002	
  2.9610000e+000	  5.9081236e+005	  1.0715247e+007	  4.9417824e+004	  5.8560921e+002	  3.7158783e+001	  2.1682960e+002	  3.0868292e+002	
  2.9810000e+000	  5.9611455e+005	  1.0734690e+007	  4.9446420e+004	  5.8548602e+002	  3.7161956e+001	  2.1709742e+002	  3.0869990e+002	
  3.0010000e+000	  5.9577664e+005	  1.0683688e+007	  4.9327149e+004	  5.8560921e+002	  3.7174354e+001	  2.1658839e+002	  3.0877810e+002	
  3.0250000e+000	  5.9534042e+005	  1.0678930e+007	  4.9349875e+004	  5.8552890e+002	  3.7219639e+001	  2.1639225e+002	  3.0869142e+002	
  3.0410000e+000	  5.9092910e+005	  1.0679436e+007	  4.9323620e+004	  5.8573240e+002	  3.7172797e+001	  2.1651769e+002	  3.0876676e+002	
  3.0610000e+000	  5.9359965e+005	  1.0692787e+007	  4.9330039e+004	  5.8557230e+002	  3.7208686e+001	  2.1676015e+002	  3.0881526e+002	
  3.0810000e+000	  5.9294634e+005	  1.0676012e+007	  4.9378639e+004	  5.8552300e+002	  3.7168445e+001	  2.1620709e+002	  3.0859691e+002	
  3.1010000e+000	  5.9802121e+005	  1.0676577e+007	  4.9303838e+004	  5.8569551e+002	  3.7183501e+001	  2.1654657e+002	  3.0880734e+002	
  3.1230000e+000	  5.9624357e+005	  1.0701964e+007	  4.9341682e+004	  5.8557230e+002	  3.7224110e+001	  2.1689499e+002	  3.0882856e+002	
  3.1410000e+000	  5.9698903e+005	  1.0680720e+007	  4.9348374e+004	  5.8564618e+002	  3.7226324e+001	  2.1643510e+002	  3.0870448e+002	
  3.1610000e+000	  6.0397261e+005	  1.0667408e+007	  4.9274016e+004	  5.8565210e+002	  3.7168738e+001	  2.1649156e+002	  3.0884428e+002	
  3.1810000e+000	  6.0181814e+005	  1.0682807e+007	  4.9247924e+004	  5.8548602e+002	  3.6879735e+001	  2.1691893e+002	  3.0899245e+002	
  3.2000000e+000	  6.0467301e+005	  1.0658604e+007	  4.9283163e+004	  5.8539982e+002	  3.7120128e+001	  2.1627273e+002	  3.0877536e+002	
  3.2210000e+000	  6.0602262e+005	  1.0671891e+007	  4.9279948e+004	  5.8577530e+002	  3.7171872e+001	  2.1655647e+002	  3.0885013e+002	
  3.2410000e+000	  6.0377600e+005	  1.0639509e+007	  4.9175465e+004	  5.8548602e+002	  3.7126078e+001	  2.1635808e+002	  3.0897731e+002	
  3.2610000e+000	  6.0302440e+005	  1.0679844e+007	  4.9261156e+004	  5.8552890e+002	  3.7136344e+001	  2.1680051e+002	  3.0894136e+002	
  3.2810000e+000	  6.0258613e+005	  1.0655798e+007	  4.9246547e+004	  5.8565210e+002	  3.7186095e+001	  2.1637656e+002	  3.0886252e+002	
  3.3040000e+000	  6.0611888e+005	  1.0656925e+007	  4.9277006e+004	  5.8568955e+002	  3.6849010e+001	  2.1626567e+002	  3.0878405e+002	
  3.3220000e+000	  6.0236086e+005	  1.0677509e+007	  4.9221583e+004	  5.8581871e+002	  3.7181445e+001	  2.1692738e+002	  3.0903863e+002	
  3.3410000e+000	  6.0668207e+005	  1.0631211e+007	  4.9112568e+004	  5.8561578e+002	  3.6848321e+001	  2.1646619e+002	  3.0910836e+002	
  3.3650000e+000	  6.0382925e+005	  1.0664851e+007	  4.9200018e+004	  5.8568955e+002	  3.7237197e+001	  2.1676517e+002	  3.0903521e+002	
  3.3810000e+000	  5.9959405e+005	  1.0697542e+007	  4.9314038e+004	  5.8568321e+002	  3.7147575e+001	  2.1692692e+002	  3.0888314e+002	
  3.4010000e+000	  4.7151204e+005	  1.0646773e+007	  4.9166702e+004	  5.8560921e+002	  3.7104769e+001	  2.1654438e+002	  3.0903719e+002	
  3.4210000e+000	  7.1326656e+004	  1.0651068e+007	  4.9195101e+004	  5.8565210e+002	  3.7153617e+001	  2.1650667e+002	  3.0898057e+002	
  3.4410000e+000	  7.1484350e+004	  1.0654873e+007	  4.9260315e+004	  5.8570224e+002	  3.7158836e+001	  2.1629729e+002	  3.0881996e+002	
  3.4640000e+000	  7.1312320e+004	  1.0637125e+007	  4.9158780e+004	  5.8556636e+002	  3.6868420e+001	  2.1638302e+002	  3.0901124e+002	
  3.4810000e+000	  7.1187394e+004	  1.0663089e+007	  4.9145891e+004	  5.8557901e+002	  3.7212706e+001	  2.1696807e+002	  3.0917461e+002	
  3.5010000e+000	  7.1863223e+004	  1.0657459e+007	  4.9204733e+004	  5.8564618e+002	  3.7093538e+001	  2.1659419e+002	  3.0898574e+002	
  3.5210000e+000	  7.1609276e+004	  1.0652802e+007	  4.9146646e+004	  5.8560921e+002	  3.7197995e+001	  2.1675543e+002	  3.0912180e+002	
  3.5430000e+000	  7.1091139e+004	  1.0668658e+007	  4.9212794e+004	  5.8565878e+002	  3.7181452e+001	  2.1678626e+002	  3.0901898e+002	
  3.5610000e+000	  7.0992837e+004	  1.0669962e+007	  4.9249154e+004	  5.8557230e+002	  3.7209035e+001	  2.1665270e+002	  3.0892548e+002	
  3.5810000e+000	  7.1427006e+004	  1.0670120e+007	  4.9323188e+004	  5.8548602e+002	  3.7130268e+001	  2.1633070e+002	  3.0872171e+002	
  3.6040000e+000	  7.1392190e+004	  1.0671566e+007	  4.9278959e+004	  5.8565878e+002	  3.6856654e+001	  2.1655420e+002	  3.0885124e+002	
  3.6210000e+000	  7.1617467e+004	  1.0663751e+007	  4.9199446e+004	  5.8552890e+002	  3.7031032e+001	  2.1674534e+002	  3.0903135e+002	
  3.6410000e+000	  7.1748537e+004	  1.0638419e+007	  4.9196667e+004	  5.8561578e+002	  3.7072042e+001	  2.1624268e+002	  3.0891374e+002	
  3.6610000e+000	  7.1435198e+004	  1.0681918e+007	  4.9277023e+004	  5.8581273e+002	  3.6863840e+001	  2.1677280e+002	  3.0890790e+002	
  3.6810000e+000	  7.1470014e+004	  1.0695339e+007	  4.9290086e+004	  5.8577530e+002	  3.7223965e+001	  2.1698762e+002	  3.0893837e+002	
  3.7000000e+000	  7.1863223e+004	  1.0674636e+007	  4.9274051e+004	  5.8568955e+002	  3.6864908e+001	  2.1663808e+002	  3.0888000e+002	
  3.7240000e+000	  7.1525309e+004	  1.0689162e+007	  4.9385097e+004	  5.8561578e+002	  3.7144403e+001	  2.1644509e+002	  3.0864434e+002	
  3.7410000e+000	  7.1291841e+004	  1.0671799e+007	  4.9301705e+004	  5.8568955e+002	  3.7221686e+001	  2.1645903e+002	  3.0878954e+002	
  3.7610000e+000	  7.1310272e+004	  1.0692641e+007	  4.9344177e+004	  5.8552890e+002	  3.7223087e+001	  2.1669510e+002	  3.0877535e+002	
  3.7840000e+000	  7.1631803e+004	  1.0675193e+007	  4.9355736e+004	  5.8552890e+002	  3.7169787e+001	  2.1629082e+002	  3.0865656e+002	
  3.8010000e+000	  7.1160770e+004	  1.0698507e+007	  4.9357102e+004	  5.8556636e+002	  3.7175926e+001	  2.1675719e+002	  3.0876863e+002	
  3.8210000e+000	  7.1531453e+004	  1.0711751e+007	  4.9359686e+004	  5.8565210e+002	  3.7246161e+001	  2.1701416e+002	  3.0882725e+002	
  3.8410000e+000	  7.1463870e+004	  1.0674015e+007	  4.9322353e+004	  5.8565878e+002	  3.7037789e+001	  2.1641334e+002	  3.0874336e+002	
  3.8610000e+000	  7.1084995e+004	  1.0695607e+007	  4.9373697e+004	  5.8565210e+002	  3.7166629e+001	  2.1662560e+002	  3.0870811e+002	
  3.8810000e+000	  7.1283648e+004	  1.0705271e+007	  4.9396301e+004	  5.8557230e+002	  3.6846207e+001	  2.1672212e+002	  3.0869327e+002	
  3.9010000e+000	  7.7468514e+004	  1.0701378e+007	  4.9508208e+004	  5.8569551e+002	  3.7130416e+001	  2.1615361e+002	  3.0836056e+002	
  3.9240000e+000	  6.0157648e+005	  1.0700213e+007	  4.9340910e+004	  5.8556636e+002	  3.7129934e+001	  2.1686290e+002	  3.0882201e+002	
  3.9410000e+000	  5.9891413e+005	  1.0683008e+007	  4.9278398e+004	  5.8560338e+002	  3.7212196e+001	  2.1678886e+002	  3.0890950e+002	
  3.9610000e+000	  5.9906567e+005	  1.0709322e+007	  4.9364385e+004	  5.8560338e+002	  3.7166553e+001	  2.1694430e+002	  3.0880214e+002	
  3.9820000e+000	  5.9888545e+005	  1.0682015e+007	  4.9297546e+004	  5.8560921e+002	  3.6844947e+001	  2.1668451e+002	  3.0885171e+002	
  4.0010000e+000	  5.9720202e+005	  1.0682637e+007	  4.9354847e+004	  5.8561578e+002	  3.7175436e+001	  2.1644555e+002	  3.0869603e+002	
  4.0220000e+000	  5.9754403e+005	  1.0687642e+007	  4.9269897e+004	  5.8565210e+002	  3.7237469e+001	  2.1692033e+002	  3.0895590e+002	
  4.0410000e+000	  5.9953876e+005	  1.0683039e+007	  4.9368892e+004	  5.8565210e+002	  3.7132638e+001	  2.1639211e+002	  3.0865898e+002	
  4.0610000e+000	  5.9499226e+005	  1.0662383e+007	  4.9259676e+004	  5.8564618e+002	  3.6844757e+001	  2.1645256e+002	  3.0885894e+002	
  4.0810000e+000	  5.9743959e+005	  1.0657009e+007	  4.9267039e+004	  5.8561578e+002	  3.7168484e+001	  2.1631113e+002	  3.0881199e+002	
  4.1050000e+000	  5.9778774e+005	  1.0676868e+007	  4.9237609e+004	  5.8557230e+002	  3.7208791e+001	  2.1684375e+002	  3.0899143e+002	
  4.1210000e+000	  5.9940973e+005	  1.0674265e+007	  4.9283268e+004	  5.8581871e+002	  3.7117681e+001	  2.1659004e+002	  3.0885272e+002	
  4.1410000e+000	  5.9908820e+005	  1.0655510e+007	  4.9238003e+004	  5.8573900e+002	  3.7230928e+001	  2.1640824e+002	  3.0888462e+002	
  4.1640000e+000	  6.0330292e+005	  1.0645000e+007	  4.9202617e+004	  5.8569551e+002	  3.7098036e+001	  2.1635027e+002	  3.0892994e+002	
  4.1810000e+000	  6.0128158e+005	  1.0661803e+007	  4.9183715e+004	  5.8549256e+002	  3.7148766e+001	  2.1677507e+002	  3.0906484e+002	
  4.2010000e+000	  6.0005484e+005	  1.0672106e+007	  4.9262135e+004	  5.8560921e+002	  3.7086083e+001	  2.1663914e+002	  3.0890033e+002	
  4.2210000e+000	  6.0037228e+005	  1.0648872e+007	  4.9225791e+004	  5.8577530e+002	  3.7200041e+001	  2.1632709e+002	  3.0888538e+002	
  4.2440000e+000	  5.9867246e+005	  1.0654762e+007	  4.9250687e+004	  5.8561578e+002	  3.7172165e+001	  2.1633733e+002	  3.0884597e+002	
  4.2610000e+000	  5.9515405e+005	  1.0666767e+007	  4.9210775e+004	  5.8548602e+002	  3.7155198e+001	  2.1675675e+002	  3.0901518e+002	
  4.2820000e+000	  5.9553907e+005	  1.0657664e+007	  4.9118822e+004	  5.8577530e+002	  3.7166702e+001	  2.1697720e+002	  3.0922167e+002	
  4.3010000e+000	  5.9468097e+005	  1.0653316e+007	  4.9152560e+004	  5.8565210e+002	  3.6804329e+001	  2.1673981e+002	  3.0910818e+002	
  4.3220000e+000	  5.9454581e+005	  1.0645765e+007	  4.9169813e+004	  5.8569551e+002	  3.7178170e+001	  2.1651019e+002	  3.0902370e+002	
  4.3410000e+000	  5.9435944e+005	  1.0635939e+007	  4.9169767e+004	  5.8548602e+002	  3.6823375e+001	  2.1631055e+002	  3.0897529e+002	
  4.3650000e+000	  5.9297092e+005	  1.0651379e+007	  4.9170941e+004	  5.8561578e+002	  3.6836302e+001	  2.1661938e+002	  3.0904833e+002	
  4.3810000e+000	  5.9373276e+005	  1.0644680e+007	  4.9166612e+004	  5.8560921e+002	  3.7147710e+001	  2.1650221e+002	  3.0902710e+002	
  4.4020000e+000	  5.9359555e+005	  1.0637932e+007	  4.9079111e+004	  5.8569551e+002	  3.7192226e+001	  2.1675070e+002	  3.0923257e+002	
  4.4210000e+000	  7.1580604e+004	  1.0637912e+007	  4.9034111e+004	  5.8565210e+002	  3.7136697e+001	  2.1694921e+002	  3.0935456e+002	
  4.4420000e+000	  7.1357376e+004	  1.0636873e+007	  4.9173190e+004	  5.8573240e+002	  3.7240498e+001	  2.1631448e+002	  3.0897052e+002	
  4.4610000e+000	  7.1805880e+004	  1.0633785e+007	  4.9127720e+004	  5.8556636e+002	  3.7137464e+001	  2.1645183e+002	  3.0907969e+002	
  4.4820000e+000	  7.1156674e+004	  1.0652305e+007	  4.9188472e+004	  5.8573240e+002	  3.7154968e+001	  2.1656100e+002	  3.0900487e+002	
  4.5010000e+000	  7.1254977e+004	  1.0659669e+007	  4.9189848e+004	  5.8577530e+002	  3.7136293e+001	  2.1670466e+002	  3.0903749e+002	
  4.5250000e+000	  7.1623611e+004	  1.0669106e+007	  4.9211306e+004	  5.8557230e+002	  3.7172660e+001	  2.1680193e+002	  3.0902529e+002	
  4.5410000e+000	  7.1226305e+004	  1.0626228e+007	  4.9109997e+004	  5.8556636e+002	  3.7100255e+001	  2.1637606e+002	  3.0909082e+002	
  4.5650000e+000	  7.1162818e+004	  1.0668396e+007	  4.9217996e+004	  5.8560921e+002	  3.7158250e+001	  2.1675802e+002	  3.0900341e+002	
  4.5810000e+000	  7.1556028e+004	  1.0654717e+007	  4.9175830e+004	  5.8569551e+002	  3.6737178e+001	  2.1666573e+002	  3.0905143e+002	
  4.6010000e+000	  7.1304128e+004	  1.0668957e+007	  4.9212717e+004	  5.8573900e+002	  3.6831711e+001	  2.1679268e+002	  3.0902067e+002	
  4.6210000e+000	  7.1482301e+004	  1.0662272e+007	  4.9192994e+004	  5.8553555e+002	  3.7221284e+001	  2.1674371e+002	  3.0904173e+002	
  4.6420000e+000	  7.1060420e+004	  1.0631569e+007	  4.9128747e+004	  5.8573240e+002	  3.7218385e+001	  2.1640220e+002	  3.0906596e+002	
  4.6610000e+000	  7.1439294e+004	  1.0628042e+007	  4.9197324e+004	  5.8568955e+002	  3.7214162e+001	  2.1602887e+002	  3.0886061e+002	
  4.6810000e+000	  7.1152578e+004	  1.0644363e+007	  4.9247545e+004	  5.8565210e+002	  3.7189729e+001	  2.1613996e+002	  3.0880311e+002	
  4.7040000e+000	  7.0810568e+004	  1.0624921e+007	  4.9126774e+004	  5.8570224e+002	  3.7166029e+001	  2.1627557e+002	  3.0903856e+002	
  4.7210000e+000	  7.1431102e+004	  1.0663378e+007	  4.9240737e+004	  5.8565210e+002	  3.7185768e+001	  2.1655602e+002	  3.0891605e+002	
  4.7410000e+000	  7.1594939e+004	  1.0679188e+007	  4.9298469e+004	  5.8561578e+002	  3.7063433e+001	  2.1662313e+002	  3.0883514e+002	
  4.7640000e+000	  7.1429054e+004	  1.0667267e+007	  4.9225063e+004	  5.8569551e+002	  3.7163011e+001	  2.1670398e+002	  3.0897841e+002	
  4.7820000e+000	  7.1533500e+004	  1.0698462e+007	  4.9276518e+004	  5.8565878e+002	  3.6864725e+001	  2.1711075e+002	  3.0899126e+002	
  4.8010000e+000	  7.1728058e+004	  1.0647750e+007	  4.9178358e+004	  5.8565210e+002	  3.7145206e+001	  2.1651292e+002	  3.0901009e+002	
  4.8220000e+000	  7.1908279e+004	  1.0669932e+007	  4.9259727e+004	  5.8581273e+002	  3.6452453e+001	  2.1660558e+002	  3.0889620e+002	
  4.8410000e+000	  7.1611323e+004	  1.0719908e+007	  4.9324461e+004	  5.8568955e+002	  3.7190015e+001	  2.1733452e+002	  3.0896526e+002	
  4.8620000e+000	  7.1463869e+004	  1.0659440e+007	  4.9197944e+004	  5.8569551e+002	  3.7153290e+001	  2.1666433e+002	  3.0901416e+002	
  4.8810000e+000	  7.1232449e+004	  1.0675819e+007	  4.9311135e+004	  5.8565878e+002	  3.7089670e+001	  2.1649916e+002	  3.0878339e+002	
  4.9040000e+000	  7.1574460e+004	  1.0673917e+007	  4.9336523e+004	  5.8565210e+002	  3.7130650e+001	  2.1634919e+002	  3.0870358e+002	
  4.9210000e+000	  6.0041529e+005	  1.0637918e+007	  4.9229609e+004	  5.8552890e+002	  3.6815172e+001	  2.1608780e+002	  3.0882063e+002	
  4.9420000e+000	  6.0612912e+005	  1.0683958e+007	  4.9299587e+004	  5.8565878e+002	  3.7154087e+001	  2.1671496e+002	  3.0885571e+002	
  4.9610000e+000	  6.0530174e+005	  1.0675199e+007	  4.9272757e+004	  5.8565210e+002	  3.7144131e+001	  2.1665520e+002	  3.0888637e+002	
  4.9850000e+000	  6.0346266e+005	  1.0649214e+007	  4.9218787e+004	  5.8565210e+002	  3.7079696e+001	  2.1636482e+002	  3.0890634e+002	
  5.0010000e+000	  6.0530174e+005	  1.0662415e+007	  4.9184804e+004	  5.8561578e+002	  3.7185545e+001	  2.1678272e+002	  3.0906488e+002	
  5.0220000e+000	  6.0689506e+005	  1.0665379e+007	  4.9110849e+004	  5.8564618e+002	  3.7141164e+001	  2.1716951e+002	  3.0928138e+002	
  5.0410000e+000	  6.0327630e+005	  1.0672250e+007	  4.9305623e+004	  5.8557901e+002	  3.7146740e+001	  2.1645097e+002	  3.0878093e+002	
  5.0620000e+000	  6.0943044e+005	  1.0637471e+007	  4.9157036e+004	  5.8573240e+002	  3.7127843e+001	  2.1639773e+002	  3.0901773e+002	
  5.0810000e+000	  6.1010218e+005	  1.0647394e+007	  4.9137370e+004	  5.8556636e+002	  3.7203652e+001	  2.1668627e+002	  3.0912046e+002	
  5.1060000e+000	  6.1113435e+005	  1.0637021e+007	  4.9178250e+004	  5.8560921e+002	  3.7050334e+001	  2.1629522e+002	  3.0895737e+002	
  5.1210000e+000	  6.0676399e+005	  1.0632271e+007	  4.9184530e+004	  5.8561578e+002	  3.7098031e+001	  2.1617105e+002	  3.0891667e+002	
  5.1420000e+000	  6.0524440e+005	  1.0675219e+007	  4.9154935e+004	  5.8573240e+002	  3.7178819e+001	  2.1717493e+002	  3.0920975e+002	
  5.1610000e+000	  6.0391731e+005	  1.0645555e+007	  4.9099803e+004	  5.8565210e+002	  3.7227165e+001	  2.1681461e+002	  3.0921381e+002	
  5.1850000e+000	  6.0351796e+005	  1.0631907e+007	  4.9108835e+004	  5.8557230e+002	  3.7169481e+001	  2.1649682e+002	  3.0912197e+002	
  5.2010000e+000	  6.0402995e+005	  1.0636359e+007	  4.9134785e+004	  5.8560921e+002	  3.7148861e+001	  2.1647310e+002	  3.0907309e+002	
  5.2210000e+000	  6.1067561e+005	  1.0640136e+007	  4.9179618e+004	  5.8569551e+002	  3.7120387e+001	  2.1635255e+002	  3.0896902e+002	
  5.2440000e+000	  6.1409981e+005	  1.0606961e+007	  4.9084349e+004	  5.8548602e+002	  3.7145153e+001	  2.1609659e+002	  3.0906584e+002	
  5.2610000e+000	  6.1702022e+005	  1.0639470e+007	  4.9057172e+004	  5.8560921e+002	  3.7214004e+001	  2.1687899e+002	  3.0929972e+002	
  5.2820000e+000	  6.2080281e+005	  1.0624123e+007	  4.9105209e+004	  5.8565210e+002	  3.7101755e+001	  2.1635429e+002	  3.0909350e+002	
  5.3010000e+000	  6.2144178e+005	  1.0597194e+007	  4.9030324e+004	  5.8556636e+002	  3.7085123e+001	  2.1613550e+002	  3.0916480e+002	
  5.3220000e+000	  6.1633210e+005	  1.0590249e+007	  4.8953198e+004	  5.8569551e+002	  3.7131805e+001	  2.1633416e+002	  3.0933956e+002	
  5.3410000e+000	  6.1426570e+005	  1.0618654e+007	  4.9061532e+004	  5.8565210e+002	  3.7032568e+001	  2.1643544e+002	  3.0918552e+002	
  5.3650000e+000	  6.1530402e+005	  1.0608480e+007	  4.9061186e+004	  5.8552890e+002	  3.7149177e+001	  2.1622959e+002	  3.0913641e+002	
  5.3810000e+000	  6.1307173e+005	  1.0606694e+007	  4.9036347e+004	  5.8569551e+002	  3.7118040e+001	  2.1630270e+002	  3.0919514e+002	
  5.4020000e+000	  6.1090089e+005	  1.0622693e+007	  4.9011292e+004	  5.8565878e+002	  3.6812079e+001	  2.1673971e+002	  3.0934161e+002	
  5.4210000e+000	  7.1246785e+004	  1.0603422e+007	  4.9019552e+004	  5.8557230e+002	  3.7152322e+001	  2.1631005e+002	  3.0922463e+002	
  5.4420000e+000	  7.1379903e+004	  1.0601267e+007	  4.9077482e+004	  5.8565878e+002	  3.6777810e+001	  2.1601082e+002	  3.0905653e+002	
  5.4640000e+000	  7.1214017e+004	  1.0618206e+007	  4.9035374e+004	  5.8561578e+002	  3.6823591e+001	  2.1654176e+002	  3.0925434e+002	
  5.4820000e+000	  7.1537597e+004	  1.0639298e+007	  4.9081839e+004	  5.8569551e+002	  3.7153127e+001	  2.1676649e+002	  3.0923188e+002	
  5.5010000e+000	  7.1644091e+004	  1.0630557e+007	  4.9098066e+004	  5.8569551e+002	  3.7267330e+001	  2.1651682e+002	  3.0914468e+002	
  5.5220000e+000	  7.1539644e+004	  1.0629034e+007	  4.9102085e+004	  5.8564618e+002	  3.7123237e+001	  2.1646807e+002	  3.0912622e+002	
  5.5440000e+000	  7.1523260e+004	  1.0599744e+007	  4.9045314e+004	  5.8561578e+002	  3.7152792e+001	  2.1612143e+002	  3.0913660e+002	
  5.5620000e+000	  7.1254977e+004	  1.0624950e+007	  4.9120432e+004	  5.8569551e+002	  3.7147741e+001	  2.1630408e+002	  3.0905603e+002	
  5.5810000e+000	  7.1467966e+004	  1.0629666e+007	  4.9017258e+004	  5.8564618e+002	  3.7145590e+001	  2.1685559e+002	  3.0935970e+002	
  5.6050000e+000	  7.1105475e+004	  1.0644911e+007	  4.9094118e+004	  5.8569551e+002	  3.7141252e+001	  2.1682662e+002	  3.0922611e+002	
  5.6210000e+000	  7.1148482e+004	  1.0623336e+007	  4.9049910e+004	  5.8560921e+002	  3.7115891e+001	  2.1658217e+002	  3.0924011e+002	
  5.6420000e+000	  7.1762873e+004	  1.0641954e+007	  4.9145700e+004	  5.8569551e+002	  3.7145051e+001	  2.1653887e+002	  3.0907086e+002	
  5.6610000e+000	  7.1365567e+004	  1.0633619e+007	  4.9156963e+004	  5.8556636e+002	  3.7205971e+001	  2.1631969e+002	  3.0899891e+002	
  5.6820000e+000	  7.1228353e+004	  1.0660298e+007	  4.9204231e+004	  5.8552890e+002	  3.7165874e+001	  2.1665409e+002	  3.0900115e+002	
  5.7010000e+000	  7.1218113e+004	  1.0646064e+007	  4.9155634e+004	  5.8568955e+002	  3.6845768e+001	  2.1657872e+002	  3.0906398e+002	
  5.7210000e+000	  7.1138243e+004	  1.0647215e+007	  4.9171859e+004	  5.8573240e+002	  3.7076513e+001	  2.1653067e+002	  3.0902526e+002	
  5.7440000e+000	  7.0917062e+004	  1.0628190e+007	  4.9095698e+004	  5.8557230e+002	  3.7169002e+001	  2.1647904e+002	  3.0913947e+002	
  5.7610000e+000	  7.1128003e+004	  1.0665193e+007	  4.9193611e+004	  5.8560921e+002	  3.7192932e+001	  2.1680036e+002	  3.0905447e+002	
  5.7840000e+000	  7.1639995e+004	  1.0660339e+007	  4.9150705e+004	  5.8565210e+002	  3.7071203e+001	  2.1689086e+002	  3.0914790e+002	
  5.8020000e+000	  7.1472061e+004	  1.0637389e+007	  4.9153708e+004	  5.8564618e+002	  3.6798566e+001	  2.1641072e+002	  3.0902643e+002	
  5.8220000e+000	  7.1480254e+004	  1.0646861e+007	  4.9103469e+004	  5.8581871e+002	  3.7144879e+001	  2.1682503e+002	  3.0921026e+002	
  5.8410000e+000	  7.0781896e+004	  1.0645208e+007	  4.9148418e+004	  5.8557230e+002	  3.7147072e+001	  2.1659310e+002	  3.0907949e+002	
  5.8620000e+000	  7.1539644e+004	  1.0671398e+007	  4.9284460e+004	  5.8589851e+002	  3.7158041e+001	  2.1652663e+002	  3.0883522e+002	
  5.8810000e+000	  7.1367615e+004	  1.0670333e+007	  4.9262108e+004	  5.8577530e+002	  3.7179469e+001	  2.1660326e+002	  3.0889162e+002	
  5.9020000e+000	  7.1220161e+004	  1.0651586e+007	  4.9158910e+004	  5.8560921e+002	  3.7108588e+001	  2.1667661e+002	  3.0908228e+002	
  5.9250000e+000	  5.9504142e+005	  1.0664179e+007	  4.9266909e+004	  5.8561578e+002	  3.7091040e+001	  2.1645723e+002	  3.0884789e+002	
  5.9420000e+000	  5.9868066e+005	  1.0650738e+007	  4.9198226e+004	  5.8557230e+002	  3.7048960e+001	  2.1648622e+002	  3.0897037e+002	
  5.9610000e+000	  6.0035999e+005	  1.0669889e+007	  4.9200407e+004	  5.8565210e+002	  3.7188634e+001	  2.1686586e+002	  3.0905905e+002	
  5.9850000e+000	  5.9706481e+005	  1.0662102e+007	  4.9206899e+004	  5.8569551e+002	  3.7191125e+001	  2.1667901e+002	  3.0900275e+002	
  6.0010000e+000	  5.9775702e+005	  1.0616994e+007	  4.9082878e+004	  5.8552890e+002	  3.7269098e+001	  2.1630748e+002	  3.0911926e+002	
  6.0220000e+000	  5.9774474e+005	  1.0645706e+007	  4.9165567e+004	  5.8569551e+002	  3.7184460e+001	  2.1652768e+002	  3.0903503e+002	
  6.0410000e+000	  5.9940564e+005	  1.0659686e+007	  4.9212438e+004	  5.8561578e+002	  3.7145021e+001	  2.1660552e+002	  3.0897559e+002	
  6.0640000e+000	  5.9527079e+005	  1.0627285e+007	  4.9173332e+004	  5.8556636e+002	  3.7208241e+001	  2.1611886e+002	  3.0892275e+002	
  6.0810000e+000	  5.9918241e+005	  1.0628083e+007	  4.9060273e+004	  5.8569551e+002	  3.7161814e+001	  2.1663319e+002	  3.0923531e+002	
  6.1020000e+000	  5.9760343e+005	  1.0634661e+007	  4.9063412e+004	  5.8552890e+002	  3.7159156e+001	  2.1675340e+002	  3.0925914e+002	
  6.1210000e+000	  5.9734948e+005	  1.0630389e+007	  4.9051621e+004	  5.8549256e+002	  3.7101216e+001	  2.1671841e+002	  3.0927014e+002	
  6.1450000e+000	  5.9606745e+005	  1.0651479e+007	  4.9126112e+004	  5.8554190e+002	  3.7169279e+001	  2.1681910e+002	  3.0917132e+002	
  6.1610000e+000	  5.9912711e+005	  1.0612478e+007	  4.9125717e+004	  5.8573900e+002	  3.7097191e+001	  2.1602693e+002	  3.0898008e+002	
  6.1810000e+000	  5.9552883e+005	  1.0650015e+007	  4.9129636e+004	  5.8561578e+002	  3.7151557e+001	  2.1677374e+002	  3.0915449e+002	
  6.2010000e+000	  5.9608793e+005	  1.0609496e+007	  4.9062748e+004	  5.8578201e+002	  3.6831602e+001	  2.1624341e+002	  3.0913715e+002	
  6.2250000e+000	  5.9667160e+005	  1.0640697e+007	  4.9022064e+004	  5.8573240e+002	  3.7136351e+001	  2.1705934e+002	  3.0940083e+002	
  6.2410000e+000	  5.9546330e+005	  1.0645057e+007	  4.9028193e+004	  5.8568955e+002	  3.7155885e+001	  2.1712114e+002	  3.0940566e+002	
  6.2620000e+000	  5.9386179e+005	  1.0620604e+007	  4.9040258e+004	  5.8577530e+002	  3.7195571e+001	  2.1656909e+002	  3.0925288e+002	
  6.2820000e+000	  5.9396214e+005	  1.0611827e+007	  4.9032466e+004	  5.8548602e+002	  3.7193649e+001	  2.1642449e+002	  3.0923089e+002	
  6.3020000e+000	  5.9394370e+005	  1.0570867e+007	  4.8928542e+004	  5.8568955e+002	  3.7108583e+001	  2.1604705e+002	  3.0931123e+002	
  6.3220000e+000	  5.8910845e+005	  1.0604827e+007	  4.8922759e+004	  5.8573240e+002	  3.7150294e+001	  2.1676673e+002	  3.0949290e+002	
  6.3410000e+000	  5.9485096e+005	  1.0622322e+007	  4.8949471e+004	  5.8581273e+002	  3.7122299e+001	  2.1700587e+002	  3.0950662e+002	
  6.3620000e+000	  5.9480385e+005	  1.0601832e+007	  4.8948028e+004	  5.8560921e+002	  3.7177086e+001	  2.1659366e+002	  3.0941022e+002	
  6.3810000e+000	  5.9089428e+005	  1.0548317e+007	  4.8775059e+004	  5.8576936e+002	  3.7205734e+001	  2.1626457e+002	  3.0961324e+002	
  6.4020000e+000	  5.9051745e+005	  1.0598300e+007	  4.8973394e+004	  5.8573240e+002	  3.7071662e+001	  2.1640934e+002	  3.0932446e+002	
  6.4250000e+000	  7.1226305e+004	  1.0579102e+007	  4.8913537e+004	  5.8585560e+002	  3.7133867e+001	  2.1628168e+002	  3.0939196e+002	
  6.4430000e+000	  7.1826360e+004	  1.0596794e+007	  4.8994659e+004	  5.8553555e+002	  3.7146015e+001	  2.1628468e+002	  3.0925955e+002	
  6.4610000e+000	  7.1082947e+004	  1.0585398e+007	  4.9029102e+004	  5.8562206e+002	  3.7146875e+001	  2.1590029e+002	  3.0911015e+002	
  6.4850000e+000	  7.1242689e+004	  1.0599373e+007	  4.8911411e+004	  5.8560921e+002	  3.7117037e+001	  2.1670552e+002	  3.0949676e+002	
  6.5010000e+000	  7.1330751e+004	  1.0603469e+007	  4.8969244e+004	  5.8581273e+002	  3.7242469e+001	  2.1653323e+002	  3.0936100e+002	
  6.5220000e+000	  7.1105475e+004	  1.0598543e+007	  4.8932341e+004	  5.8560921e+002	  3.7112298e+001	  2.1659588e+002	  3.0943639e+002	
  6.5410000e+000	  7.1216065e+004	  1.0615445e+007	  4.8990435e+004	  5.8557230e+002	  3.7236325e+001	  2.1668404e+002	  3.0936246e+002	
  6.5650000e+000	  7.1801784e+004	  1.0616500e+007	  4.8950330e+004	  5.8557230e+002	  3.7212486e+001	  2.1688311e+002	  3.0947581e+002	
  6.5810000e+000	  7.1549884e+004	  1.0626766e+007	  4.9045143e+004	  5.8569551e+002	  3.7142189e+001	  2.1667317e+002	  3.0926991e+002	
  6.6020000e+000	  7.1551933e+004	  1.0631247e+007	  4.9098641e+004	  5.8557230e+002	  3.7183893e+001	  2.1652835e+002	  3.0914651e+002	
  6.6210000e+000	  7.1838647e+004	  1.0543045e+007	  4.8756403e+004	  5.8560921e+002	  3.7168345e+001	  2.1623920e+002	  3.0963743e+002	
  6.6440000e+000	  7.1181250e+004	  1.0609820e+007	  4.9019098e+004	  5.8577530e+002	  3.7154710e+001	  2.1644257e+002	  3.0925728e+002	
  6.6610000e+000	  7.1314368e+004	  1.0611153e+007	  4.8993873e+004	  5.8573240e+002	  3.7096877e+001	  2.1658122e+002	  3.0933211e+002	
  6.6820000e+000	  7.2154035e+004	  1.0603305e+007	  4.9042549e+004	  5.8569551e+002	  3.7089828e+001	  2.1620623e+002	  3.0916163e+002	
  6.7010000e+000	  7.1699386e+004	  1.0631778e+007	  4.9058442e+004	  5.8557230e+002	  3.7133670e+001	  2.1671658e+002	  3.0925845e+002	
  6.7250000e+000	  7.1572412e+004	  1.0644420e+007	  4.9058584e+004	  5.8552890e+002	  3.7183402e+001	  2.1697365e+002	  3.0932022e+002	
  6.7410000e+000	  7.1289792e+004	  1.0637778e+007	  4.9126487e+004	  5.8565210e+002	  3.7127859e+001	  2.1653855e+002	  3.0910275e+002	
  6.7620000e+000	  7.1371711e+004	  1.0617909e+007	  4.9019157e+004	  5.8569551e+002	  3.7173974e+001	  2.1660733e+002	  3.0929684e+002	
  6.7820000e+000	  7.1084995e+004	  1.0652249e+007	  4.9037319e+004	  5.8564618e+002	  3.7164335e+001	  2.1722740e+002	  3.0941629e+002	
  6.8010000e+000	  7.1302080e+004	  1.0634213e+007	  4.9153722e+004	  5.8573900e+002	  3.6853749e+001	  2.1634604e+002	  3.0901071e+002	
  6.8240000e+000	  7.1183298e+004	  1.0639396e+007	  4.9136623e+004	  5.8577530e+002	  3.7086609e+001	  2.1652681e+002	  3.0908305e+002	
  6.8420000e+000	  7.1635899e+004	  1.0649268e+007	  4.9196628e+004	  5.8565210e+002	  3.7104719e+001	  2.1646336e+002	  3.0896748e+002	
  6.8620000e+000	  7.1515069e+004	  1.0645739e+007	  4.9122288e+004	  5.8565878e+002	  3.7121770e+001	  2.1671912e+002	  3.0915345e+002	
  6.8820000e+000	  7.1244737e+004	  1.0638147e+007	  4.9118369e+004	  5.8569551e+002	  3.7118922e+001	  2.1658184e+002	  3.0912672e+002	
  6.9020000e+000	  7.1685050e+004	  1.0644877e+007	  4.9206935e+004	  5.8553555e+002	  3.7126072e+001	  2.1632879e+002	  3.0891746e+002	
  6.9220000e+000	  6.0315547e+005	  1.0646382e+007	  4.9193330e+004	  5.8565210e+002	  3.6796812e+001	  2.1641922e+002	  3.0896227e+002	
  6.9420000e+000	  5.9868270e+005	  1.0626363e+007	  4.9097554e+004	  5.8569551e+002	  3.6853880e+001	  2.1643365e+002	  3.0912541e+002	
  6.9650000e+000	  6.0130615e+005	  1.0632548e+007	  4.9090837e+004	  5.8564618e+002	  3.7241947e+001	  2.1658926e+002	  3.0917417e+002	
  6.9820000e+000	  6.0404838e+005	  1.0628661e+007	  4.9125995e+004	  5.8553555e+002	  3.7219266e+001	  2.1635513e+002	  3.0905914e+002	
  7.0020000e+000	  6.0091294e+005	  1.0656585e+007	  4.9205100e+004	  5.8578201e+002	  3.6827626e+001	  2.1657480e+002	  3.0898041e+002	
  7.0220000e+000	  6.0259228e+005	  1.0628665e+007	  4.9086573e+004	  5.8573240e+002	  3.7124283e+001	  2.1652897e+002	  3.0916666e+002	
  7.0440000e+000	  6.0349748e+005	  1.0601855e+007	  4.9015632e+004	  5.8569551e+002	  3.7084166e+001	  2.1629538e+002	  3.0922757e+002	
  7.0620000e+000	  6.0135326e+005	  1.0609052e+007	  4.9059127e+004	  5.8569551e+002	  3.7135059e+001	  2.1625031e+002	  3.0914482e+002	
  7.0810000e+000	  5.9998726e+005	  1.0633850e+007	  4.9067838e+004	  5.8549256e+002	  3.6867443e+001	  2.1671732e+002	  3.0924313e+002	
  7.1020000e+000	  5.9992377e+005	  1.0632304e+007	  4.8997893e+004	  5.8578201e+002	  3.7144682e+001	  2.1699513e+002	  3.0942498e+002	
  7.1210000e+000	  6.0296296e+005	  1.0619334e+007	  4.8969312e+004	  5.8577530e+002	  3.7158605e+001	  2.1685693e+002	  3.0943854e+002	
  7.1420000e+000	  5.9853116e+005	  1.0613264e+007	  4.8930553e+004	  5.8556636e+002	  3.7125703e+001	  2.1690465e+002	  3.0951320e+002	
  7.1610000e+000	  6.0289538e+005	  1.0630070e+007	  4.9068236e+004	  5.8570224e+002	  3.7191257e+001	  2.1663852e+002	  3.0922345e+002	
  7.1820000e+000	  6.0230147e+005	  1.0595066e+007	  4.9001808e+004	  5.8564618e+002	  3.7185541e+001	  2.1621786e+002	  3.0923171e+002	
  7.2040000e+000	  5.9879534e+005	  1.0598685e+007	  4.9002443e+004	  5.8569551e+002	  3.6750308e+001	  2.1628891e+002	  3.0924775e+002	
  7.2220000e+000	  5.9405020e+005	  1.0620217e+007	  4.9031462e+004	  5.8569551e+002	  3.7149149e+001	  2.1660005e+002	  3.0927483e+002	
  7.2410000e+000	  5.9930119e+005	  1.0607862e+007	  4.8975770e+004	  5.8568955e+002	  3.6831771e+001	  2.1659408e+002	  3.0936490e+002	
  7.2620000e+000	  5.9666546e+005	  1.0598453e+007	  4.8936798e+004	  5.8565210e+002	  3.7224796e+001	  2.1657431e+002	  3.0942395e+002	
  7.2820000e+000	  5.9333341e+005	  1.0611501e+007	  4.9033478e+004	  5.8560921e+002	  3.7224181e+001	  2.1641338e+002	  3.0922654e+002	
  7.3050000e+000	  5.9472398e+005	  1.0592105e+007	  4.8959036e+004	  5.8561578e+002	  3.7106588e+001	  2.1634626e+002	  3.0933289e+002	
  7.3220000e+000	  5.9821782e+005	  1.0582782e+007	  4.8946022e+004	  5.8556636e+002	  3.7105207e+001	  2.1621333e+002	  3.0932237e+002	
  7.3410000e+000	  5.9478337e+005	  1.0588471e+007	  4.8953893e+004	  5.8573900e+002	  3.7130946e+001	  2.1629478e+002	  3.0932898e+002	
  7.3650000e+000	  5.8930710e+005	  1.0594165e+007	  4.8966475e+004	  5.8552890e+002	  3.7283028e+001	  2.1635547e+002	  3.0932289e+002	
  7.3820000e+000	  5.9521345e+005	  1.0601484e+007	  4.8923264e+004	  5.8569551e+002	  3.7103381e+001	  2.1669618e+002	  3.0947521e+002	
  7.4020000e+000	  5.9359555e+005	  1.0584021e+007	  4.8941948e+004	  5.8565210e+002	  3.7132774e+001	  2.1625664e+002	  3.0933943e+002	
  7.4250000e+000	  7.1062467e+004	  1.0574283e+007	  4.8881263e+004	  5.8557901e+002	  3.7092967e+001	  2.1632590e+002	  3.0945523e+002	
  7.4420000e+000	  7.1388095e+004	  1.0593071e+007	  4.8915275e+004	  5.8569551e+002	  3.7157301e+001	  2.1655958e+002	  3.0945557e+002	
  7.4610000e+000	  7.1615419e+004	  1.0578748e+007	  4.8857564e+004	  5.8569551e+002	  3.7170457e+001	  2.1652221e+002	  3.0954062e+002	
  7.4820000e+000	  7.1293888e+004	  1.0601325e+007	  4.9013551e+004	  5.8556636e+002	  3.7113046e+001	  2.1629375e+002	  3.0923060e+002	
  7.5050000e+000	  7.1494589e+004	  1.0621526e+007	  4.9010454e+004	  5.8561578e+002	  3.7048159e+001	  2.1671959e+002	  3.0933815e+002	
  7.5220000e+000	  7.1220161e+004	  1.0602635e+007	  4.8899943e+004	  5.8577530e+002	  3.7222576e+001	  2.1682306e+002	  3.0954350e+002	
  7.5410000e+000	  7.1721914e+004	  1.0601871e+007	  4.8974722e+004	  5.8568955e+002	  3.7214592e+001	  2.1647640e+002	  3.0933837e+002	
  7.5620000e+000	  7.1033796e+004	  1.0588398e+007	  4.8915511e+004	  5.8565210e+002	  3.7145358e+001	  2.1646299e+002	  3.0943209e+002	
  7.5810000e+000	  7.1398335e+004	  1.0605998e+007	  4.8952013e+004	  5.8569551e+002	  3.7135942e+001	  2.1666112e+002	  3.0941987e+002	
  7.6050000e+000	  7.1449534e+004	  1.0618358e+007	  4.8986569e+004	  5.8565210e+002	  3.7221148e+001	  2.1676059e+002	  3.0938718e+002	
  7.6210000e+000	  7.1304128e+004	  1.0615941e+007	  4.9048261e+004	  5.8569551e+002	  3.7192229e+001	  2.1643868e+002	  3.0920823e+002	
  7.6420000e+000	  7.1775161e+004	  1.0613776e+007	  4.9036095e+004	  5.8565210e+002	  3.7135567e+001	  2.1644824e+002	  3.0923062e+002	
  7.6610000e+000	  7.0990789e+004	  1.0605238e+007	  4.9011446e+004	  5.8548021e+002	  3.7178974e+001	  2.1638289e+002	  3.0925552e+002	
  7.6820000e+000	  7.1480253e+004	  1.0617456e+007	  4.8998330e+004	  5.8557230e+002	  3.7140546e+001	  2.1669017e+002	  3.0935098e+002	
  7.7050000e+000	  7.1267264e+004	  1.0596733e+007	  4.8926574e+004	  5.8565878e+002	  3.6789189e+001	  2.1658441e+002	  3.0944306e+002	
  7.7220000e+000	  7.2149939e+004	  1.0624213e+007	  4.9014886e+004	  5.8577530e+002	  3.7246753e+001	  2.1675482e+002	  3.0933935e+002	
  7.7410000e+000	  7.1238593e+004	  1.0615855e+007	  4.9073684e+004	  5.8544910e+002	  3.6797629e+001	  2.1632480e+002	  3.0913869e+002	
  7.7620000e+000	  7.1039940e+004	  1.0628425e+007	  4.9064067e+004	  5.8568955e+002	  3.7163732e+001	  2.1662340e+002	  3.0922669e+002	
  7.7820000e+000	  7.1195586e+004	  1.0614505e+007	  4.8974035e+004	  5.8572656e+002	  3.6853357e+001	  2.1673741e+002	  3.0940214e+002	
  7.8020000e+000	  7.0601675e+004	  1.0615134e+007	  4.9049615e+004	  5.8552890e+002	  3.7168131e+001	  2.1641626e+002	  3.0920059e+002	
  7.8250000e+000	  7.1570364e+004	  1.0631065e+007	  4.9095103e+004	  5.8561578e+002	  3.7157040e+001	  2.1654024e+002	  3.0915525e+002	
  7.8420000e+000	  7.1580604e+004	  1.0616518e+007	  4.9080635e+004	  5.8569551e+002	  3.6412396e+001	  2.1630768e+002	  3.0912303e+002	
  7.8620000e+000	  7.1721914e+004	  1.0620205e+007	  4.9076504e+004	  5.8556636e+002	  3.7212799e+001	  2.1640101e+002	  3.0915242e+002	
  7.8820000e+000	  7.1308224e+004	  1.0655014e+007	  4.9109318e+004	  5.8561578e+002	  3.7136604e+001	  2.1696522e+002	  3.0923450e+002	
  7.9020000e+000	  7.1242689e+004	  1.0627248e+007	  4.9110484e+004	  5.8565210e+002	  3.7213541e+001	  2.1639469e+002	  3.0909452e+002	
  7.9210000e+000	  5.8540982e+005	  1.0626386e+007	  4.9038505e+004	  5.8549256e+002	  3.7086393e+001	  2.1669473e+002	  3.0928604e+002	
  7.9420000e+000	  5.8943613e+005	  1.0631159e+007	  4.9051210e+004	  5.8581871e+002	  3.6819212e+001	  2.1673593e+002	  3.0927504e+002	
  7.9620000e+000	  5.8265530e+005	  1.0621241e+007	  4.9037912e+004	  5.8556636e+002	  3.7172350e+001	  2.1659244e+002	  3.0926237e+002	
  7.9820000e+000	  5.8617986e+005	  1.0611411e+007	  4.9045156e+004	  5.8560921e+002	  3.7112096e+001	  2.1636002e+002	  3.0919439e+002	
  8.0020000e+000	  5.8839985e+005	  1.0616961e+007	  4.9081002e+004	  5.8560921e+002	  3.7176047e+001	  2.1631508e+002	  3.0912421e+002	
  8.0220000e+000	  5.8838552e+005	  1.0627020e+007	  4.9069275e+004	  5.8548602e+002	  3.7135621e+001	  2.1657179e+002	  3.0920562e+002	
  8.0420000e+000	  5.8664474e+005	  1.0607690e+007	  4.9009877e+004	  5.8560921e+002	  3.7163561e+001	  2.1643983e+002	  3.0927181e+002	
  8.0620000e+000	  5.8928867e+005	  1.0627401e+007	  4.9011055e+004	  5.8560921e+002	  3.7198514e+001	  2.1683682e+002	  3.0936536e+002	
  8.0810000e+000	  5.9121786e+005	  1.0627569e+007	  4.9041739e+004	  5.8565878e+002	  3.6820926e+001	  2.1670457e+002	  3.0928308e+002	
  8.1050000e+000	  5.8699085e+005	  1.0606627e+007	  4.9008219e+004	  5.8561578e+002	  3.6809238e+001	  2.1642547e+002	  3.0927108e+002	
  8.1220000e+000	  5.9000956e+005	  1.0624626e+007	  4.9006498e+004	  5.8560921e+002	  3.7206404e+001	  2.1680036e+002	  3.0936407e+002	
  8.1420000e+000	  5.9142061e+005	  1.0603854e+007	  4.9032780e+004	  5.8561578e+002	  3.7141747e+001	  2.1626051e+002	  3.0919086e+002	
  8.1610000e+000	  5.9076321e+005	  1.0574031e+007	  4.8969298e+004	  5.8560338e+002	  3.7154834e+001	  2.1593186e+002	  3.0921658e+002	
  8.1820000e+000	  5.9053998e+005	  1.0630746e+007	  4.8989113e+004	  5.8568955e+002	  3.7200446e+001	  2.1700221e+002	  3.0944104e+002	
  8.2010000e+000	  5.9089018e+005	  1.0605576e+007	  4.8960608e+004	  5.8577530e+002	  3.7099925e+001	  2.1661447e+002	  3.0939463e+002	
  8.2220000e+000	  5.9189574e+005	  1.0589274e+007	  4.8910253e+004	  5.8577530e+002	  3.6774880e+001	  2.1650418e+002	  3.0945052e+002	
  8.2440000e+000	  5.9036386e+005	  1.0586063e+007	  4.8886917e+004	  5.8565210e+002	  3.7147126e+001	  2.1654184e+002	  3.0949755e+002	
  8.2620000e+000	  5.9225413e+005	  1.0582385e+007	  4.8882171e+004	  5.8581871e+002	  3.7173054e+001	  2.1648762e+002	  3.0949234e+002	
  8.2820000e+000	  5.9129568e+005	  1.0610946e+007	  4.8957438e+004	  5.8564618e+002	  3.7243522e+001	  2.1673818e+002	  3.0942947e+002	
  8.3020000e+000	  5.8957129e+005	  1.0574977e+007	  4.8822115e+004	  5.8552300e+002	  3.7135899e+001	  2.1660220e+002	  3.0961715e+002	
  8.3250000e+000	  5.8705843e+005	  1.0570572e+007	  4.8798107e+004	  5.8549256e+002	  3.7081685e+001	  2.1661849e+002	  3.0965986e+002	
  8.3420000e+000	  5.8988258e+005	  1.0609617e+007	  4.8943059e+004	  5.8552890e+002	  3.7217177e+001	  2.1677470e+002	  3.0946171e+002	
  8.3620000e+000	  5.9244869e+005	  1.0588846e+007	  4.8818870e+004	  5.8560921e+002	  3.7130335e+001	  2.1690069e+002	  3.0969331e+002	
  8.3820000e+000	  5.9025941e+005	  1.0571588e+007	  4.8891287e+004	  5.8560921e+002	  3.7230718e+001	  2.1622642e+002	  3.0941513e+002	
  8.4020000e+000	  5.9089223e+005	  1.0585469e+007	  4.8887312e+004	  5.8577530e+002	  3.6823353e+001	  2.1652794e+002	  3.0949359e+002	
  8.4240000e+000	  7.1058371e+004	  1.0557363e+007	  4.8757221e+004	  5.8564618e+002	  3.7167035e+001	  2.1652922e+002	  3.0970472e+002	
  8.4420000e+000	  7.1207873e+004	  1.0587140e+007	  4.8881455e+004	  5.8561578e+002	  3.7168730e+001	  2.1658808e+002	  3.0951747e+002	
  8.4620000e+000	  7.1488445e+004	  1.0579106e+007	  4.8823775e+004	  5.8568955e+002	  3.7239342e+001	  2.1667940e+002	  3.0963281e+002	
  8.4820000e+000	  7.1412670e+004	  1.0573648e+007	  4.8812298e+004	  5.8573900e+002	  3.7199288e+001	  2.1661853e+002	  3.0963692e+002	
  8.5050000e+000	  7.1490493e+004	  1.0586227e+007	  4.8881138e+004	  5.8569551e+002	  3.7200148e+001	  2.1657079e+002	  3.0951387e+002	
  8.5220000e+000	  7.1476158e+004	  1.0601327e+007	  4.8926467e+004	  5.8569551e+002	  3.7052141e+001	  2.1667877e+002	  3.0946582e+002	
  8.5420000e+000	  7.1320512e+004	  1.0593000e+007	  4.8980493e+004	  5.8565210e+002	  3.6849062e+001	  2.1626976e+002	  3.0927928e+002	
  8.5660000e+000	  7.1427006e+004	  1.0582762e+007	  4.8923630e+004	  5.8560921e+002	  3.6805750e+001	  2.1631187e+002	  3.0938267e+002	
  8.5820000e+000	  7.1390143e+004	  1.0564674e+007	  4.8876266e+004	  5.8573240e+002	  3.7175046e+001	  2.1615142e+002	  3.0942176e+002	
  8.6020000e+000	  7.1084995e+004	  1.0580517e+007	  4.8941028e+004	  5.8560921e+002	  3.7206552e+001	  2.1618911e+002	  3.0932477e+002	
  8.6210000e+000	  7.1062467e+004	  1.0588379e+007	  4.8803068e+004	  5.8557901e+002	  3.7140717e+001	  2.1696135e+002	  3.0973319e+002	
  8.6460000e+000	  7.1304128e+004	  1.0587847e+007	  4.9030276e+004	  5.8561578e+002	  3.7039735e+001	  2.1594508e+002	  3.0911900e+002	
  8.6620000e+000	  7.2037301e+004	  1.0586741e+007	  4.8898836e+004	  5.8552890e+002	  3.7235404e+001	  2.1650292e+002	  3.0946884e+002	
  8.6820000e+000	  7.1117763e+004	  1.0597734e+007	  4.8872343e+004	  5.8557901e+002	  3.7209418e+001	  2.1684523e+002	  3.0959360e+002	
  8.7020000e+000	  7.1484349e+004	  1.0599770e+007	  4.8887113e+004	  5.8577530e+002	  3.7193331e+001	  2.1682136e+002	  3.0956394e+002	
  8.7220000e+000	  7.1314368e+004	  1.0617723e+007	  4.8985582e+004	  5.8581871e+002	  3.7206148e+001	  2.1675200e+002	  3.0938673e+002	
  8.7410000e+000	  7.1848887e+004	  1.0598978e+007	  4.8980262e+004	  5.8561578e+002	  3.7188359e+001	  2.1639283e+002	  3.0930921e+002	
  8.7660000e+000	  7.1627707e+004	  1.0615460e+007	  4.8988643e+004	  5.8573240e+002	  3.7201504e+001	  2.1669226e+002	  3.0936737e+002	
  8.7820000e+000	  7.1265216e+004	  1.0627682e+007	  4.9027886e+004	  5.8569551e+002	  3.7187796e+001	  2.1676810e+002	  3.0932118e+002	
  8.8020000e+000	  7.1699386e+004	  1.0623803e+007	  4.8925448e+004	  5.8564618e+002	  3.7219185e+001	  2.1714268e+002	  3.0957844e+002	
  8.8250000e+000	  7.1447486e+004	  1.0644373e+007	  4.9074446e+004	  5.8577530e+002	  3.7186010e+001	  2.1690256e+002	  3.0927694e+002	
  8.8420000e+000	  7.1285696e+004	  1.0619631e+007	  4.9020383e+004	  5.8552890e+002	  3.7110927e+001	  2.1663705e+002	  3.0930197e+002	
  8.8630000e+000	  7.1187394e+004	  1.0635986e+007	  4.9071020e+004	  5.8552890e+002	  3.7102887e+001	  2.1674680e+002	  3.0924499e+002	
  8.8820000e+000	  7.1494589e+004	  1.0643142e+007	  4.9118792e+004	  5.8570224e+002	  3.7131727e+001	  2.1668167e+002	  3.0915019e+002	
  8.9020000e+000	  7.1680955e+004	  1.0640945e+007	  4.9079974e+004	  5.8568955e+002	  3.7217428e+001	  2.1680828e+002	  3.0924505e+002	
  8.9220000e+000	  5.8768716e+005	  1.0616815e+007	  4.9007785e+004	  5.8569551e+002	  3.7205224e+001	  2.1663528e+002	  3.0932226e+002	
  8.9420000e+000	  5.8963068e+005	  1.0610231e+007	  4.8997585e+004	  5.8573900e+002	  3.7163680e+001	  2.1654600e+002	  3.0931755e+002	
  8.9620000e+000	  5.8950985e+005	  1.0615683e+007	  4.9029069e+004	  5.8565210e+002	  3.7152582e+001	  2.1651814e+002	  3.0925904e+002	
  8.9850000e+000	  5.8932963e+005	  1.0591201e+007	  4.9003727e+004	  5.8556636e+002	  3.7184028e+001	  2.1613053e+002	  3.0920754e+002	
  9.0020000e+000	  5.8796978e+005	  1.0635325e+007	  4.9011881e+004	  5.8568955e+002	  3.6878086e+001	  2.1699483e+002	  3.0940200e+002	
  9.0220000e+000	  5.8726118e+005	  1.0579813e+007	  4.8895420e+004	  5.8573240e+002	  3.7097928e+001	  2.1637635e+002	  3.0944418e+002	
  9.0440000e+000	  5.8708711e+005	  1.0570759e+007	  4.8868555e+004	  5.8581871e+002	  3.7163385e+001	  2.1631003e+002	  3.0947217e+002	
  9.0620000e+000	  5.8485687e+005	  1.0571951e+007	  4.8839689e+004	  5.8560921e+002	  3.7194923e+001	  2.1646228e+002	  3.0955538e+002	
  9.0820000e+000	  5.8706253e+005	  1.0632767e+007	  4.9007357e+004	  5.8552890e+002	  3.7161443e+001	  2.1696267e+002	  3.0940168e+002	
  9.1020000e+000	  5.8597711e+005	  1.0603993e+007	  4.8899520e+004	  5.8552300e+002	  3.7168580e+001	  2.1685270e+002	  3.0955127e+002	
  9.1220000e+000	  5.8700723e+005	  1.0625355e+007	  4.8979345e+004	  5.8564618e+002	  3.7248861e+001	  2.1693543e+002	  3.0944098e+002	
  9.1420000e+000	  5.8546921e+005	  1.0590872e+007	  4.8918940e+004	  5.8564618e+002	  3.7136323e+001	  2.1649839e+002	  3.0943495e+002	
  9.1650000e+000	  5.8650343e+005	  1.0598105e+007	  4.8860782e+004	  5.8577530e+002	  3.7144289e+001	  2.1690413e+002	  3.0962637e+002	
  9.1820000e+000	  5.8375711e+005	  1.0584335e+007	  4.8854450e+004	  5.8552300e+002	  3.7499172e+001	  2.1665037e+002	  3.0957620e+002	
  9.2010000e+000	  5.8009534e+005	  1.0570204e+007	  4.8880280e+004	  5.8560338e+002	  3.7131213e+001	  2.1624679e+002	  3.0943796e+002	
  9.2220000e+000	  5.8481386e+005	  1.0569397e+007	  4.8834120e+004	  5.8552890e+002	  3.7091534e+001	  2.1643467e+002	  3.0955786e+002	
  9.2420000e+000	  5.8462545e+005	  1.0606146e+007	  4.8921303e+004	  5.8560921e+002	  3.7162219e+001	  2.1680014e+002	  3.0950327e+002	
  9.2620000e+000	  5.8224980e+005	  1.0566261e+007	  4.8814933e+004	  5.8562206e+002	  3.7115945e+001	  2.1645551e+002	  3.0959393e+002	
  9.2820000e+000	  5.8222728e+005	  1.0573116e+007	  4.8803637e+004	  5.8577530e+002	  3.7168774e+001	  2.1664607e+002	  3.0965746e+002	
  9.3060000e+000	  5.8242593e+005	  1.0579524e+007	  4.8810478e+004	  5.8573900e+002	  3.7185458e+001	  2.1674698e+002	  3.0967036e+002	
  9.3230000e+000	  5.8016497e+005	  1.0552714e+007	  4.8832590e+004	  5.8557230e+002	  3.7091214e+001	  2.1609982e+002	  3.0948070e+002	
  9.3420000e+000	  5.7992741e+005	  1.0583159e+007	  4.8878270e+004	  5.8573900e+002	  3.7076799e+001	  2.1652074e+002	  3.0950659e+002	
  9.3630000e+000	  5.8389227e+005	  1.0557342e+007	  4.8692434e+004	  5.8565878e+002	  3.6802915e+001	  2.1681689e+002	  3.0987674e+002	
  9.3820000e+000	  5.8190165e+005	  1.0551461e+007	  4.8761660e+004	  5.8564618e+002	  3.7125775e+001	  2.1638846e+002	  3.0966425e+002	
  9.4020000e+000	  5.8164975e+005	  1.0566378e+007	  4.8788955e+004	  5.8573240e+002	  3.7203860e+001	  2.1657316e+002	  3.0966390e+002	
  9.4220000e+000	  7.1177153e+004	  1.0581965e+007	  4.8862339e+004	  5.8570224e+002	  3.7169579e+001	  2.1656690e+002	  3.0954350e+002	
  9.4420000e+000	  7.1279552e+004	  1.0563648e+007	  4.8782885e+004	  5.8573900e+002	  3.6391098e+001	  2.1654414e+002	  3.0966683e+002	
  9.4650000e+000	  7.1105475e+004	  1.0565700e+007	  4.8809527e+004	  5.8577530e+002	  3.7202208e+001	  2.1646799e+002	  3.0960566e+002	
  9.4820000e+000	  7.1652283e+004	  1.0570302e+007	  4.8745226e+004	  5.8565210e+002	  3.7182534e+001	  2.1684794e+002	  3.0979939e+002	
  9.5020000e+000	  7.1181250e+004	  1.0590171e+007	  4.8826082e+004	  5.8560921e+002	  3.7115694e+001	  2.1689578e+002	  3.0968050e+002	
  9.5250000e+000	  7.1838648e+004	  1.0558346e+007	  4.8819941e+004	  5.8577530e+002	  3.7150214e+001	  2.1627117e+002	  3.0954201e+002	
  9.5420000e+000	  7.1056324e+004	  1.0611323e+007	  4.8914230e+004	  5.8557230e+002	  3.7148430e+001	  2.1693734e+002	  3.0954758e+002	
  9.5620000e+000	  7.0970309e+004	  1.0573847e+007	  4.8857886e+004	  5.8560921e+002	  3.7123795e+001	  2.1642048e+002	  3.0951586e+002	
  9.5820000e+000	  7.1224257e+004	  1.0574089e+007	  4.8847719e+004	  5.8556636e+002	  3.7146960e+001	  2.1647047e+002	  3.0954429e+002	
  9.6020000e+000	  7.1359423e+004	  1.0588617e+007	  4.8847255e+004	  5.8581273e+002	  3.7032460e+001	  2.1676995e+002	  3.0961633e+002	
  9.6220000e+000	  7.1898039e+004	  1.0601431e+007	  4.8797250e+004	  5.8573900e+002	  3.7197103e+001	  2.1725468e+002	  3.0981212e+002	
  9.6420000e+000	  7.1193538e+004	  1.0596784e+007	  4.8879295e+004	  5.8560921e+002	  3.7078726e+001	  2.1679495e+002	  3.0957033e+002	
  9.6650000e+000	  7.1291840e+004	  1.0601280e+007	  4.8875051e+004	  5.8557901e+002	  3.7196387e+001	  2.1690575e+002	  3.0960363e+002	
  9.6820000e+000	  7.0994885e+004	  1.0592084e+007	  4.8910025e+004	  5.8568955e+002	  3.7139676e+001	  2.1656264e+002	  3.0946486e+002	
  9.7020000e+000	  7.1435198e+004	  1.0582020e+007	  4.8870505e+004	  5.8565878e+002	  3.7195515e+001	  2.1653184e+002	  3.0952187e+002	
  9.7220000e+000	  7.1187394e+004	  1.0585238e+007	  4.8910934e+004	  5.8560921e+002	  3.7157049e+001	  2.1641864e+002	  3.0942896e+002	
  9.7460000e+000	  7.0740937e+004	  1.0599625e+007	  4.8984000e+004	  5.8560921e+002	  3.7182761e+001	  2.1638953e+002	  3.0930228e+002	
  9.7620000e+000	  7.1281600e+004	  1.0611345e+007	  4.8988446e+004	  5.8569551e+002	  3.7134109e+001	  2.1660914e+002	  3.0934773e+002	
  9.7820000e+000	  7.1400382e+004	  1.0564678e+007	  4.8944855e+004	  5.8556636e+002	  3.7141241e+001	  2.1584860e+002	  3.0923688e+002	
  9.8020000e+000	  7.1500733e+004	  1.0620518e+007	  4.8983900e+004	  5.8577530e+002	  3.7151391e+001	  2.1681651e+002	  3.0940498e+002	
  9.8230000e+000	  7.1623611e+004	  1.0624655e+007	  4.8916998e+004	  5.8573240e+002	  3.7132320e+001	  2.1719761e+002	  3.0960529e+002	
  9.8420000e+000	  7.1453629e+004	  1.0604657e+007	  4.8943808e+004	  5.8573240e+002	  3.7157784e+001	  2.1667003e+002	  3.0943542e+002	
  9.8660000e+000	  7.1463869e+004	  1.0611872e+007	  4.9040063e+004	  5.8557901e+002	  3.7117819e+001	  2.1639189e+002	  3.0921049e+002	
  9.8820000e+000	  7.1351231e+004	  1.0603082e+007	  4.8922380e+004	  5.8569551e+002	  3.7227079e+001	  2.1673275e+002	  3.0948539e+002	
  9.9020000e+000	  7.1443389e+004	  1.0617524e+007	  4.8969556e+004	  5.8569551e+002	  3.7128065e+001	  2.1681888e+002	  3.0942901e+002	
  9.9220000e+000	  5.8922519e+005	  1.0604052e+007	  4.9002540e+004	  5.8553555e+002	  3.7154904e+001	  2.1639802e+002	  3.0927383e+002	
  9.9430000e+000	  5.9085946e+005	  1.0590411e+007	  4.8963398e+004	  5.8568955e+002	  3.7192224e+001	  2.1629240e+002	  3.0931281e+002	
  9.9620000e+000	  5.9032290e+005	  1.0578234e+007	  4.8892638e+004	  5.8577530e+002	  3.7114867e+001	  2.1635637e+002	  3.0944395e+002	
  9.9820000e+000	  5.9166636e+005	  1.0596833e+007	  4.8928760e+004	  5.8561578e+002	  3.7146506e+001	  2.1657678e+002	  3.0943767e+002	
  1.0002000e+001	  5.9074478e+005	  1.0616142e+007	  4.8934146e+004	  5.8560921e+002	  3.7120051e+001	  2.1694752e+002	  3.0951761e+002	
  1.0025000e+001	  5.9245688e+005	  1.0558813e+007	  4.8811354e+004	  5.8565210e+002	  3.7137885e+001	  2.1631879e+002	  3.0956727e+002	
  1.0042000e+001	  5.8839781e+005	  1.0601239e+007	  4.8947363e+004	  5.8545578e+002	  3.7103166e+001	  2.1658447e+002	  3.0940911e+002	
  1.0062000e+001	  5.9036795e+005	  1.0557621e+007	  4.8838712e+004	  5.8569551e+002	  3.6855089e+001	  2.1617321e+002	  3.0948819e+002	
  1.0082000e+001	  5.9209849e+005	  1.0560349e+007	  4.8841476e+004	  5.8569551e+002	  3.6856533e+001	  2.1621682e+002	  3.0949407e+002	
  1.0103000e+001	  5.8833637e+005	  1.0590409e+007	  4.8901069e+004	  5.8548602e+002	  3.7132030e+001	  2.1656804e+002	  3.0948076e+002	
  1.0122000e+001	  5.8966755e+005	  1.0586977e+007	  4.8913016e+004	  5.8577530e+002	  3.7127091e+001	  2.1644498e+002	  3.0943186e+002	
  1.0142000e+001	  5.9169299e+005	  1.0564717e+007	  4.8766820e+004	  5.8564618e+002	  3.7172721e+001	  2.1663740e+002	  3.0971484e+002	
  1.0162000e+001	  5.9261662e+005	  1.0587808e+007	  4.8879923e+004	  5.8568955e+002	  3.7191118e+001	  2.1660852e+002	  3.0952484e+002	
  1.0182000e+001	  5.9280708e+005	  1.0566472e+007	  4.8824270e+004	  5.8577530e+002	  3.7177316e+001	  2.1641844e+002	  3.0956998e+002	
  1.0202000e+001	  5.9322077e+005	  1.0580900e+007	  4.8799833e+004	  5.8565210e+002	  3.7133509e+001	  2.1682247e+002	  3.0970546e+002	
  1.0225000e+001	  5.9375734e+005	  1.0556857e+007	  4.8716238e+004	  5.8561578e+002	  3.7008844e+001	  2.1670099e+002	  3.0981126e+002	
  1.0242000e+001	  5.9315933e+005	  1.0565917e+007	  4.8796316e+004	  5.8573900e+002	  3.7139328e+001	  2.1653104e+002	  3.0964201e+002	
  1.0262000e+001	  5.8991740e+005	  1.0591302e+007	  4.8859916e+004	  5.8548602e+002	  3.6835960e+001	  2.1676873e+002	  3.0959552e+002	
  1.0282000e+001	  5.9181177e+005	  1.0563673e+007	  4.8767590e+004	  5.8578201e+002	  3.7189261e+001	  2.1661256e+002	  3.0970772e+002	
  1.0302000e+001	  5.9192236e+005	  1.0540320e+007	  4.8725734e+004	  5.8560921e+002	  3.7183696e+001	  2.1631936e+002	  3.0970592e+002	
  1.0322000e+001	  5.9406044e+005	  1.0583659e+007	  4.8777332e+004	  5.8565210e+002	  3.7171827e+001	  2.1697904e+002	  3.0977881e+002	
  1.0342000e+001	  5.9228690e+005	  1.0560724e+007	  4.8764295e+004	  5.8573240e+002	  3.7159435e+001	  2.1656672e+002	  3.0970219e+002	
  1.0363000e+001	  5.9046011e+005	  1.0538272e+007	  4.8790536e+004	  5.8556636e+002	  3.7208680e+001	  2.1599008e+002	  3.0952306e+002	
  1.0382000e+001	  5.9030242e+005	  1.0575500e+007	  4.8786104e+004	  5.8560921e+002	  3.7211017e+001	  2.1677279e+002	  3.0971582e+002	
  1.0406000e+001	  5.9093934e+005	  1.0528736e+007	  4.8708819e+004	  5.8577530e+002	  3.7220851e+001	  2.1615668e+002	  3.0969483e+002	
  1.0422000e+001	  7.1592892e+004	  1.0532126e+007	  4.8685002e+004	  5.8565210e+002	  3.7170497e+001	  2.1633204e+002	  3.0977453e+002	
  1.0443000e+001	  7.1662523e+004	  1.0557729e+007	  4.8816000e+004	  5.8586222e+002	  3.7339424e+001	  2.1627600e+002	  3.0954956e+002	
  1.0462000e+001	  7.1500733e+004	  1.0550809e+007	  4.8692352e+004	  5.8577530e+002	  3.7178314e+001	  2.1668309e+002	  3.0984537e+002	
  1.0486000e+001	  7.1500733e+004	  1.0579688e+007	  4.8810686e+004	  5.8573240e+002	  3.7103856e+001	  2.1674942e+002	  3.0967060e+002	
  1.0502000e+001	  7.1605179e+004	  1.0553777e+007	  4.8811476e+004	  5.8572656e+002	  3.7216445e+001	  2.1621508e+002	  3.0954244e+002	
  1.0522000e+001	  7.1009220e+004	  1.0557553e+007	  4.8755390e+004	  5.8565878e+002	  3.7187676e+001	  2.1654125e+002	  3.0971052e+002	
  1.0542000e+001	  7.1492541e+004	  1.0579954e+007	  4.8776228e+004	  5.8557230e+002	  3.7181426e+001	  2.1690800e+002	  3.0976376e+002	
  1.0562000e+001	  7.1676858e+004	  1.0565303e+007	  4.8792749e+004	  5.8577530e+002	  3.7256553e+001	  2.1653428e+002	  3.0964854e+002	
  1.0585000e+001	  7.1447486e+004	  1.0580847e+007	  4.8782592e+004	  5.8557230e+002	  3.7181170e+001	  2.1689800e+002	  3.0975115e+002	
  1.0603000e+001	  7.1615419e+004	  1.0576864e+007	  4.8793491e+004	  5.8594191e+002	  3.7015393e+001	  2.1676792e+002	  3.0970275e+002	
  1.0622000e+001	  7.1744441e+004	  1.0586882e+007	  4.8893574e+004	  5.8586222e+002	  3.6821749e+001	  2.1652911e+002	  3.0948367e+002	
  1.0643000e+001	  7.1189442e+004	  1.0601738e+007	  4.8803317e+004	  5.8565210e+002	  3.7196417e+001	  2.1723397e+002	  3.0979747e+002	
  1.0662000e+001	  7.1594939e+004	  1.0582180e+007	  4.8878390e+004	  5.8565210e+002	  3.7118092e+001	  2.1650018e+002	  3.0950149e+002	
  1.0682000e+001	  7.1412670e+004	  1.0557136e+007	  4.8768548e+004	  5.8573240e+002	  3.7138331e+001	  2.1647426e+002	  3.0967343e+002	
  1.0702000e+001	  7.1216065e+004	  1.0587843e+007	  4.8861340e+004	  5.8573900e+002	  3.7187921e+001	  2.1669162e+002	  3.0957484e+002	
  1.0725000e+001	  7.1392190e+004	  1.0603518e+007	  4.8898319e+004	  5.8581871e+002	  3.7183478e+001	  2.1684831e+002	  3.0955217e+002	
  1.0742000e+001	  7.1496637e+004	  1.0587575e+007	  4.8856048e+004	  5.8565210e+002	  3.7185865e+001	  2.1670960e+002	  3.0958771e+002	
  1.0762000e+001	  7.1361471e+004	  1.0567468e+007	  4.8866765e+004	  5.8548602e+002	  3.7171798e+001	  2.1625060e+002	  3.0946092e+002	
  1.0782000e+001	  7.1799736e+004	  1.0579360e+007	  4.8884288e+004	  5.8585560e+002	  3.7170157e+001	  2.1641637e+002	  3.0947189e+002	
  1.0802000e+001	  7.1179202e+004	  1.0580988e+007	  4.8931255e+004	  5.8586222e+002	  3.7183574e+001	  2.1624191e+002	  3.0935344e+002	
  1.0823000e+001	  7.1631803e+004	  1.0589962e+007	  4.8911815e+004	  5.8568955e+002	  3.7147526e+001	  2.1651134e+002	  3.0944968e+002	
  1.0842000e+001	  7.1308224e+004	  1.0600722e+007	  4.8854170e+004	  5.8560921e+002	  3.7177512e+001	  2.1698706e+002	  3.0965681e+002	
  1.0863000e+001	  7.1474109e+004	  1.0584173e+007	  4.8915684e+004	  5.8573240e+002	  3.7128019e+001	  2.1637585e+002	  3.0941097e+002	
  1.0882000e+001	  7.1539644e+004	  1.0607165e+007	  4.8888677e+004	  5.8577530e+002	  3.7190662e+001	  2.1696569e+002	  3.0959584e+002	
  1.0903000e+001	  7.1570364e+004	  1.0585692e+007	  4.8944106e+004	  5.8548602e+002	  3.7078078e+001	  2.1628125e+002	  3.0934179e+002	
  1.0926000e+001	  5.9621900e+005	  1.0616715e+007	  4.9037971e+004	  5.8581871e+002	  3.7164304e+001	  2.1649989e+002	  3.0923997e+002	
  1.0943000e+001	  6.0130410e+005	  1.0560750e+007	  4.8925007e+004	  5.8573900e+002	  3.7146181e+001	  2.1585587e+002	  3.0927128e+002	
  1.0962000e+001	  5.9657125e+005	  1.0599139e+007	  4.8861724e+004	  5.8560921e+002	  3.7174183e+001	  2.1692111e+002	  3.0962889e+002	
  1.0982000e+001	  5.9618213e+005	  1.0570208e+007	  4.8896926e+004	  5.8552300e+002	  3.7075761e+001	  2.1617326e+002	  3.0939321e+002	
  1.1002000e+001	  5.9521140e+005	  1.0610985e+007	  4.8945806e+004	  5.8581871e+002	  3.7135983e+001	  2.1679048e+002	  3.0946100e+002	
  1.1022000e+001	  5.9583603e+005	  1.0585449e+007	  4.8876224e+004	  5.8568955e+002	  3.7200982e+001	  2.1657665e+002	  3.0952326e+002	
  1.1042000e+001	  5.9788809e+005	  1.0591050e+007	  4.8833871e+004	  5.8568955e+002	  3.7269041e+001	  2.1687918e+002	  3.0966397e+002	
  1.1063000e+001	  6.0085560e+005	  1.0592989e+007	  4.8910169e+004	  5.8581273e+002	  3.7157658e+001	  2.1658051e+002	  3.0946890e+002	
  1.1082000e+001	  5.9643608e+005	  1.0590065e+007	  4.8886904e+004	  5.8561578e+002	  3.7083297e+001	  2.1662376e+002	  3.0951712e+002	
  1.1106000e+001	  5.9624972e+005	  1.0552108e+007	  4.8724432e+004	  5.8577530e+002	  3.7232009e+001	  2.1656708e+002	  3.0976649e+002	
  1.1122000e+001	  5.9014268e+005	  1.0580040e+007	  4.8821843e+004	  5.8572656e+002	  3.7280254e+001	  2.1670710e+002	  3.0964252e+002	
  1.1143000e+001	  5.8889751e+005	  1.0564652e+007	  4.8824358e+004	  5.8565210e+002	  3.7172317e+001	  2.1638076e+002	  3.0956089e+002	
  1.1162000e+001	  5.8903882e+005	  1.0560083e+007	  4.8795872e+004	  5.8568955e+002	  3.7118529e+001	  2.1641344e+002	  3.0961483e+002	
  1.1182000e+001	  5.9086151e+005	  1.0594546e+007	  4.8817099e+004	  5.8564618e+002	  3.7223873e+001	  2.1702530e+002	  3.0972576e+002	
  1.1202000e+001	  5.9415055e+005	  1.0543218e+007	  4.8717981e+004	  5.8573900e+002	  3.7165505e+001	  2.1641327e+002	  3.0974058e+002	
  1.1226000e+001	  5.9378192e+005	  1.0563284e+007	  4.8835070e+004	  5.8569551e+002	  3.7110987e+001	  2.1630528e+002	  3.0952554e+002	
  1.1242000e+001	  5.8907773e+005	  1.0547735e+007	  4.8729151e+004	  5.8581871e+002	  3.7149547e+001	  2.1645637e+002	  3.0973276e+002	
  1.1263000e+001	  5.9010786e+005	  1.0548233e+007	  4.8714723e+004	  5.8560921e+002	  3.7242814e+001	  2.1653070e+002	  3.0977353e+002	
  1.1282000e+001	  5.8745574e+005	  1.0532437e+007	  4.8716252e+004	  5.8561578e+002	  3.7105620e+001	  2.1619966e+002	  3.0969297e+002	
  1.1305000e+001	  5.8726323e+005	  1.0528919e+007	  4.8651181e+004	  5.8569551e+002	  3.7135747e+001	  2.1641651e+002	  3.0984871e+002	
  1.1323000e+001	  5.8617371e+005	  1.0548155e+007	  4.8720991e+004	  5.8581273e+002	  3.7124579e+001	  2.1650124e+002	  3.0975649e+002	
  1.1342000e+001	  5.8978838e+005	  1.0534936e+007	  4.8693836e+004	  5.8565878e+002	  3.7145932e+001	  2.1635050e+002	  3.0976466e+002	
  1.1363000e+001	  5.8908592e+005	  1.0579170e+007	  4.8725589e+004	  5.8565878e+002	  3.7198033e+001	  2.1711733e+002	  3.0989449e+002	
  1.1382000e+001	  5.8478519e+005	  1.0525073e+007	  4.8576856e+004	  5.8564618e+002	  3.7142047e+001	  2.1666846e+002	  3.1002648e+002	
  1.1403000e+001	  5.8693146e+005	  1.0541497e+007	  4.8737071e+004	  5.8557230e+002	  3.7138721e+001	  2.1629320e+002	  3.0968145e+002	
  1.1425000e+001	  7.1248833e+004	  1.0543402e+007	  4.8638533e+004	  5.8565878e+002	  3.7118925e+001	  2.1677056e+002	  3.0995203e+002	
  1.1443000e+001	  7.1361471e+004	  1.0530686e+007	  4.8627830e+004	  5.8560921e+002	  3.7172641e+001	  2.1655678e+002	  3.0991901e+002	
  1.1466000e+001	  7.1142339e+004	  1.0535540e+007	  4.8676267e+004	  5.8568321e+002	  3.7086385e+001	  2.1644100e+002	  3.0981420e+002	
  1.1483000e+001	  7.1347135e+004	  1.0530891e+007	  4.8636343e+004	  5.8577530e+002	  3.7150020e+001	  2.1652308e+002	  3.0989749e+002	
  1.1502000e+001	  7.1562172e+004	  1.0544676e+007	  4.8684548e+004	  5.8548602e+002	  3.7203635e+001	  2.1659184e+002	  3.0983640e+002	
  1.1526000e+001	  7.1343039e+004	  1.0569804e+007	  4.8747462e+004	  5.8568955e+002	  3.7112729e+001	  2.1682779e+002	  3.0979104e+002	
  1.1542000e+001	  7.1193538e+004	  1.0550623e+007	  4.8766309e+004	  5.8578201e+002	  3.7139103e+001	  2.1635066e+002	  3.0964779e+002	
  1.1563000e+001	  7.1377855e+004	  1.0566347e+007	  4.8743173e+004	  5.8568955e+002	  3.7138006e+001	  2.1677594e+002	  3.0978568e+002	
  1.1582000e+001	  7.1457726e+004	  1.0545028e+007	  4.8743185e+004	  5.8576936e+002	  3.7183848e+001	  2.1633851e+002	  3.0968228e+002	
  1.1603000e+001	  7.1367615e+004	  1.0539476e+007	  4.8735837e+004	  5.8557230e+002	  3.7152330e+001	  2.1625721e+002	  3.0967494e+002	
  1.1622000e+001	  7.0669257e+004	  1.0568201e+007	  4.8784486e+004	  5.8561578e+002	  3.7176360e+001	  2.1663036e+002	  3.0968467e+002	
  1.1643000e+001	  7.1459773e+004	  1.0557312e+007	  4.8724714e+004	  5.8565210e+002	  3.7121019e+001	  2.1667263e+002	  3.0979095e+002	
  1.1662000e+001	  7.1431102e+004	  1.0572381e+007	  4.8825442e+004	  5.8564618e+002	  3.7113547e+001	  2.1653425e+002	  3.0959561e+002	
  1.1682000e+001	  7.1566268e+004	  1.0555538e+007	  4.8751787e+004	  5.8565210e+002	  3.7226454e+001	  2.1651592e+002	  3.0971034e+002	
  1.1705000e+001	  7.1691194e+004	  1.0560568e+007	  4.8729657e+004	  5.8576936e+002	  3.7177076e+001	  2.1671747e+002	  3.0979359e+002	
  1.1722000e+001	  7.1742393e+004	  1.0562999e+007	  4.8811371e+004	  5.8577530e+002	  3.7137634e+001	  2.1640447e+002	  3.0958759e+002	
  1.1742000e+001	  7.1322560e+004	  1.0573349e+007	  4.8831334e+004	  5.8565210e+002	  3.7099268e+001	  2.1652796e+002	  3.0958456e+002	
  1.1762000e+001	  7.1216066e+004	  1.0568545e+007	  4.8830486e+004	  5.8577530e+002	  3.7185133e+001	  2.1643333e+002	  3.0956344e+002	
  1.1782000e+001	  7.1631803e+004	  1.0579868e+007	  4.8782319e+004	  5.8581871e+002	  3.7126145e+001	  2.1687915e+002	  3.0974712e+002	
  1.1805000e+001	  7.1390142e+004	  1.0584554e+007	  4.8835949e+004	  5.8552890e+002	  3.7137473e+001	  2.1673693e+002	  3.0962678e+002	
  1.1823000e+001	  7.1347136e+004	  1.0564840e+007	  4.8785746e+004	  5.8560921e+002	  3.7204400e+001	  2.1655588e+002	  3.0966498e+002	
  1.1842000e+001	  7.1674810e+004	  1.0585107e+007	  4.8827241e+004	  5.8557230e+002	  3.6803518e+001	  2.1678691e+002	  3.0965275e+002	
  1.1865000e+001	  7.1603132e+004	  1.0587022e+007	  4.8839070e+004	  5.8565210e+002	  3.7205113e+001	  2.1677361e+002	  3.0963045e+002	
  1.1882000e+001	  7.1123907e+004	  1.0577339e+007	  4.8852826e+004	  5.8552300e+002	  3.7141395e+001	  2.1651437e+002	  3.0954645e+002	
  1.1903000e+001	  7.1656379e+004	  1.0569012e+007	  4.8863290e+004	  5.8560921e+002	  3.7072112e+001	  2.1629759e+002	  3.0947778e+002	
  1.1922000e+001	  5.9702385e+005	  1.0581539e+007	  4.8866738e+004	  5.8561578e+002	  3.7204314e+001	  2.1653869e+002	  3.0952963e+002	
  1.1946000e+001	  5.9129568e+005	  1.0552876e+007	  4.8829518e+004	  5.8548602e+002	  3.7041063e+001	  2.1611673e+002	  3.0948973e+002	
  1.1962000e+001	  5.9369180e+005	  1.0601204e+007	  4.8823861e+004	  5.8573240e+002	  3.7188475e+001	  2.1713161e+002	  3.0974011e+002	
  1.1983000e+001	  5.8933578e+005	  1.0562356e+007	  4.8823024e+004	  5.8568955e+002	  3.7147027e+001	  2.1633965e+002	  3.0955328e+002	
  1.2002000e+001	  5.9047854e+005	  1.0602809e+007	  4.8888298e+004	  5.8561578e+002	  3.7171857e+001	  2.1687826e+002	  3.0957559e+002	
  1.2027000e+001	  5.8569039e+005	  1.0574791e+007	  4.8783878e+004	  5.8573240e+002	  3.7093179e+001	  2.1676815e+002	  3.0971831e+002	
  1.2045000e+001	  5.8896919e+005	  1.0609402e+007	  4.8876434e+004	  5.8568955e+002	  3.7095120e+001	  2.1706579e+002	  3.0963955e+002	
  1.2063000e+001	  5.8771788e+005	  1.0571549e+007	  4.8761011e+004	  5.8581871e+002	  3.7234481e+001	  2.1680332e+002	  3.0976346e+002	
  1.2082000e+001	  5.8704615e+005	  1.0580788e+007	  4.8775196e+004	  5.8548602e+002	  3.7150269e+001	  2.1692968e+002	  3.0977055e+002	
  1.2103000e+001	  5.8597301e+005	  1.0542880e+007	  4.8720955e+004	  5.8569551e+002	  3.7128707e+001	  2.1639312e+002	  3.0973104e+002	
  1.2122000e+001	  5.8842238e+005	  1.0555243e+007	  4.8769479e+004	  5.8569551e+002	  3.7134976e+001	  2.1643133e+002	  3.0966177e+002	
  1.2143000e+001	  5.9110932e+005	  1.0597765e+007	  4.8860882e+004	  5.8569551e+002	  3.7052956e+001	  2.1689672e+002	  3.0962444e+002	
  1.2162000e+001	  5.8795135e+005	  1.0579510e+007	  4.8796082e+004	  5.8560921e+002	  3.7153640e+001	  2.1681064e+002	  3.0970870e+002	
  1.2186000e+001	  5.9065876e+005	  1.0529494e+007	  4.8689423e+004	  5.8577530e+002	  3.7177765e+001	  2.1625835e+002	  3.0975006e+002	
  1.2202000e+001	  5.9114618e+005	  1.0547225e+007	  4.8733290e+004	  5.8568955e+002	  3.7172785e+001	  2.1642753e+002	  3.0971928e+002	
  1.2222000e+001	  5.9165612e+005	  1.0539070e+007	  4.8713709e+004	  5.8581871e+002	  3.7155389e+001	  2.1634712e+002	  3.0973186e+002	
  1.2242000e+001	  5.8834456e+005	  1.0578588e+007	  4.8760649e+004	  5.8544910e+002	  3.7246450e+001	  2.1694929e+002	  3.0979858e+002	
  1.2263000e+001	  5.8945661e+005	  1.0551760e+007	  4.8661977e+004	  5.8560921e+002	  3.7172885e+001	  2.1683787e+002	  3.0993039e+002	
  1.2282000e+001	  5.9208620e+005	  1.0522615e+007	  4.8563930e+004	  5.8577530e+002	  3.7199467e+001	  2.1667552e+002	  3.1004871e+002	
  1.2302000e+001	  5.8704410e+005	  1.0524782e+007	  4.8631007e+004	  5.8573240e+002	  3.7097600e+001	  2.1642122e+002	  3.0988215e+002	
  1.2323000e+001	  5.9242206e+005	  1.0548192e+007	  4.8749032e+004	  5.8569551e+002	  3.7135438e+001	  2.1637746e+002	  3.0968205e+002	
  1.2343000e+001	  5.9270059e+005	  1.0537790e+007	  4.8652501e+004	  5.8573240e+002	  3.7137291e+001	  2.1659299e+002	  3.0988803e+002	
  1.2363000e+001	  5.9053589e+005	  1.0537991e+007	  4.8679449e+004	  5.8565878e+002	  3.6794435e+001	  2.1647721e+002	  3.0981761e+002	
  1.2382000e+001	  5.9358941e+005	  1.0554221e+007	  4.8714492e+004	  5.8577530e+002	  3.7177170e+001	  2.1665465e+002	  3.0980313e+002	
  1.2404000e+001	  5.8964911e+005	  1.0530276e+007	  4.8569928e+004	  5.8578201e+002	  3.7170400e+001	  2.1680651e+002	  3.1006973e+002	
  1.2422000e+001	  7.1525309e+004	  1.0555659e+007	  4.8676813e+004	  5.8586222e+002	  3.7200611e+001	  2.1685189e+002	  3.0990997e+002	
  1.2445000e+001	  7.1543740e+004	  1.0531603e+007	  4.8669897e+004	  5.8561578e+002	  3.7137124e+001	  2.1638845e+002	  3.0981208e+002	
  1.2462000e+001	  7.1412671e+004	  1.0553216e+007	  4.8693413e+004	  5.8565210e+002	  3.7162263e+001	  2.1672779e+002	  3.0985419e+002	
  1.2483000e+001	  7.1291840e+004	  1.0527225e+007	  4.8599454e+004	  5.8574530e+002	  3.7126156e+001	  2.1661200e+002	  3.0997727e+002	
  1.2502000e+001	  7.1218113e+004	  1.0569837e+007	  4.8700581e+004	  5.8560921e+002	  3.7158224e+001	  2.1703718e+002	  3.0991558e+002	
  1.2523000e+001	  7.1146435e+004	  1.0535359e+007	  4.8667177e+004	  5.8565878e+002	  3.7168336e+001	  2.1647772e+002	  3.0983743e+002	
  1.2542000e+001	  7.1898039e+004	  1.0530383e+007	  4.8615755e+004	  5.8564618e+002	  3.7190589e+001	  2.1660433e+002	  3.0994945e+002	
  1.2566000e+001	  7.1685050e+004	  1.0568117e+007	  4.8709485e+004	  5.8578201e+002	  3.7133050e+001	  2.1696220e+002	  3.0988367e+002	
  1.2582000e+001	  7.1347135e+004	  1.0551131e+007	  4.8673879e+004	  5.8560921e+002	  3.7122783e+001	  2.1677193e+002	  3.0989586e+002	
  1.2603000e+001	  7.1189442e+004	  1.0538622e+007	  4.8682850e+004	  5.8564618e+002	  3.7211661e+001	  2.1647504e+002	  3.0981164e+002	
  1.2622000e+001	  7.1668666e+004	  1.0526101e+007	  4.8665213e+004	  5.8561578e+002	  3.7156894e+001	  2.1629620e+002	  3.0979792e+002	
  1.2643000e+001	  7.1287744e+004	  1.0552255e+007	  4.8725678e+004	  5.8548602e+002	  3.6822145e+001	  2.1656456e+002	  3.0976389e+002	
  1.2662000e+001	  7.1228353e+004	  1.0548880e+007	  4.8743318e+004	  5.8569551e+002	  3.7088935e+001	  2.1641695e+002	  3.0970061e+002	
  1.2686000e+001	  7.1422910e+004	  1.0552210e+007	  4.8710547e+004	  5.8553555e+002	  3.7115936e+001	  2.1663091e+002	  3.0980387e+002	
  1.2702000e+001	  7.1566268e+004	  1.0551377e+007	  4.8718125e+004	  5.8557230e+002	  3.7022003e+001	  2.1658010e+002	  3.0977971e+002	
  1.2722000e+001	  7.1326656e+004	  1.0552341e+007	  4.8671003e+004	  5.8565210e+002	  3.7159608e+001	  2.1680961e+002	  3.0990932e+002	
  1.2742000e+001	  7.1209922e+004	  1.0582997e+007	  4.8823367e+004	  5.8548602e+002	  3.6846771e+001	  2.1676091e+002	  3.0965284e+002	
  1.2763000e+001	  7.1732154e+004	  1.0553793e+007	  4.8777987e+004	  5.8561578e+002	  3.7164182e+001	  2.1636385e+002	  3.0963202e+002	
  1.2785000e+001	  7.0945733e+004	  1.0544870e+007	  4.8746196e+004	  5.8552300e+002	  3.7107044e+001	  2.1632191e+002	  3.0967350e+002	
  1.2803000e+001	  7.1355327e+004	  1.0584271e+007	  4.8810734e+004	  5.8568955e+002	  3.7187361e+001	  2.1684311e+002	  3.0969277e+002	
  1.2823000e+001	  7.1533501e+004	  1.0557858e+007	  4.8800971e+004	  5.8564618e+002	  3.7140520e+001	  2.1634526e+002	  3.0959039e+002	
  1.2843000e+001	  7.1697338e+004	  1.0563601e+007	  4.8839901e+004	  5.8581871e+002	  3.7130711e+001	  2.1629038e+002	  3.0951414e+002	
  1.2863000e+001	  7.1617467e+004	  1.0567672e+007	  4.8778763e+004	  5.8576936e+002	  3.7192441e+001	  2.1664494e+002	  3.0969737e+002	
  1.2883000e+001	  7.1037892e+004	  1.0589020e+007	  4.8865416e+004	  5.8573900e+002	  3.6852432e+001	  2.1669764e+002	  3.0956966e+002	
  1.2903000e+001	  7.1316416e+004	  1.0602414e+007	  4.8875551e+004	  5.8553555e+002	  3.7147238e+001	  2.1692674e+002	  3.0960783e+002	
  1.2922000e+001	  5.7707868e+005	  1.0555034e+007	  4.8865108e+004	  5.8560921e+002	  3.6794367e+001	  2.1600350e+002	  3.0940471e+002	
  1.2943000e+001	  5.8414417e+005	  1.0573026e+007	  4.8827825e+004	  5.8560921e+002	  3.6804615e+001	  2.1653690e+002	  3.0959238e+002	
  1.2963000e+001	  5.8099849e+005	  1.0548247e+007	  4.8799385e+004	  5.8568955e+002	  3.7157657e+001	  2.1615533e+002	  3.0954789e+002	
  1.2983000e+001	  5.7828084e+005	  1.0569102e+007	  4.8797411e+004	  5.8577530e+002	  3.7128408e+001	  2.1659145e+002	  3.0965457e+002	
  1.3003000e+001	  5.8161084e+005	  1.0549753e+007	  4.8779723e+004	  5.8565210e+002	  3.7070132e+001	  2.1627332e+002	  3.0960776e+002	
  1.3023000e+001	  5.8717722e+005	  1.0555548e+007	  4.8740348e+004	  5.8560921e+002	  3.7082779e+001	  2.1656695e+002	  3.0974084e+002	
  1.3042000e+001	  5.8378988e+005	  1.0553677e+007	  4.8757867e+004	  5.8577530e+002	  3.7051468e+001	  2.1645074e+002	  3.0968512e+002	
  1.3066000e+001	  5.7756610e+005	  1.0571606e+007	  4.8784877e+004	  5.8565210e+002	  3.7158756e+001	  2.1669844e+002	  3.0970018e+002	
  1.3082000e+001	  5.8210849e+005	  1.0549568e+007	  4.8720900e+004	  5.8577530e+002	  3.6797563e+001	  2.1653065e+002	  3.0976358e+002	
  1.3103000e+001	  5.8206958e+005	  1.0550465e+007	  4.8769131e+004	  5.8565210e+002	  3.6851940e+001	  2.1633491e+002	  3.0963950e+002	
  1.3122000e+001	  5.7899558e+005	  1.0552308e+007	  4.8716303e+004	  5.8564618e+002	  3.6999272e+001	  2.1660733e+002	  3.0978906e+002	
  1.3147000e+001	  5.7986597e+005	  1.0522396e+007	  4.8657827e+004	  5.8564618e+002	  3.6877606e+001	  2.1625289e+002	  3.0979961e+002	
  1.3163000e+001	  5.8420971e+005	  1.0539175e+007	  4.8728829e+004	  5.8565878e+002	  3.7185966e+001	  2.1628213e+002	  3.0969214e+002	
  1.3183000e+001	  5.8325945e+005	  1.0547930e+007	  4.8651105e+004	  5.8568955e+002	  3.7172582e+001	  2.1680761e+002	  3.0994065e+002	
  1.3202000e+001	  5.8387999e+005	  1.0525910e+007	  4.8787515e+004	  5.8560338e+002	  3.7110952e+001	  2.1575008e+002	  3.0947106e+002	
  1.3223000e+001	  5.8196514e+005	  1.0559607e+007	  4.8728158e+004	  5.8586222e+002	  3.7169111e+001	  2.1670442e+002	  3.0979292e+002	
  1.3242000e+001	  5.8331475e+005	  1.0538085e+007	  4.8638436e+004	  5.8565878e+002	  3.7202832e+001	  2.1666168e+002	  3.0992665e+002	
  1.3263000e+001	  5.7642333e+005	  1.0533856e+007	  4.8636953e+004	  5.8569551e+002	  3.7154360e+001	  2.1658133e+002	  3.0991018e+002	
  1.3282000e+001	  5.8100464e+005	  1.0549697e+007	  4.8641773e+004	  5.8565210e+002	  3.7143402e+001	  2.1688554e+002	  3.0997383e+002	
  1.3303000e+001	  5.8264916e+005	  1.0539875e+007	  4.8667135e+004	  5.8564618e+002	  3.7073545e+001	  2.1657070e+002	  3.0985935e+002	
  1.3323000e+001	  5.8111318e+005	  1.0527696e+007	  4.8583777e+004	  5.8573240e+002	  3.7251085e+001	  2.1669159e+002	  3.1002086e+002	
  1.3343000e+001	  5.8067696e+005	  1.0533000e+007	  4.8592146e+004	  5.8581273e+002	  3.6854118e+001	  2.1676343e+002	  3.1002432e+002	
  1.3363000e+001	  5.8198562e+005	  1.0522554e+007	  4.8640506e+004	  5.8560921e+002	  3.7082858e+001	  2.1633314e+002	  3.0984627e+002	
  1.3382000e+001	  5.8205115e+005	  1.0539247e+007	  4.8569373e+004	  5.8560921e+002	  3.7176029e+001	  2.1699367e+002	  3.1011427e+002	
  1.3403000e+001	  5.7883174e+005	  1.0529846e+007	  4.8595369e+004	  5.8573900e+002	  3.7053520e+001	  2.1668415e+002	  3.1000066e+002	
  1.3423000e+001	  7.1599035e+004	  1.0517716e+007	  4.8582109e+004	  5.8586222e+002	  3.7164998e+001	  2.1649361e+002	  3.0997728e+002	
  1.3443000e+001	  7.1797688e+004	  1.0511206e+007	  4.8568832e+004	  5.8569551e+002	  3.7119938e+001	  2.1641875e+002	  3.0998100e+002	
  1.3462000e+001	  7.1539645e+004	  1.0509182e+007	  4.8614249e+004	  5.8569551e+002	  3.7162548e+001	  2.1617494e+002	  3.0985132e+002	
  1.3486000e+001	  7.1562172e+004	  1.0517051e+007	  4.8630211e+004	  5.8552300e+002	  3.7153882e+001	  2.1626578e+002	  3.0984699e+002	
  1.3503000e+001	  7.1250881e+004	  1.0523932e+007	  4.8581089e+004	  5.8560921e+002	  3.7181954e+001	  2.1662610e+002	  3.1000985e+002	
  1.3523000e+001	  7.1400383e+004	  1.0527577e+007	  4.8603582e+004	  5.8570224e+002	  3.7129910e+001	  2.1660085e+002	  3.0996807e+002	
  1.3543000e+001	  7.1539644e+004	  1.0537786e+007	  4.8650182e+004	  5.8564618e+002	  3.7120510e+001	  2.1660322e+002	  3.0989415e+002	
  1.3563000e+001	  7.1558076e+004	  1.0530133e+007	  4.8601801e+004	  5.8560921e+002	  3.7189929e+001	  2.1666138e+002	  3.0998507e+002	
  1.3583000e+001	  7.1187394e+004	  1.0519598e+007	  4.8665623e+004	  5.8565210e+002	  3.7156090e+001	  2.1616076e+002	  3.0976542e+002	
  1.3603000e+001	  7.1244737e+004	  1.0540903e+007	  4.8684319e+004	  5.8561578e+002	  3.7160836e+001	  2.1651537e+002	  3.0981877e+002	
  1.3622000e+001	  7.0968261e+004	  1.0545593e+007	  4.8656136e+004	  5.8565210e+002	  3.7067481e+001	  2.1673717e+002	  3.0991607e+002	
  1.3643000e+001	  7.1320512e+004	  1.0526791e+007	  4.8677289e+004	  5.8581871e+002	  3.7090075e+001	  2.1625672e+002	  3.0976921e+002	
  1.3662000e+001	  7.1355327e+004	  1.0521970e+007	  4.8695324e+004	  5.8565210e+002	  3.6792140e+001	  2.1607762e+002	  3.0969798e+002	
  1.3683000e+001	  7.0917062e+004	  1.0543744e+007	  4.8721755e+004	  5.8581871e+002	  3.7153747e+001	  2.1640731e+002	  3.0973310e+002	
  1.3702000e+001	  7.2070068e+004	  1.0533393e+007	  4.8690178e+004	  5.8577530e+002	  3.7193939e+001	  2.1633508e+002	  3.0976691e+002	
  1.3723000e+001	  7.1289792e+004	  1.0552554e+007	  4.8669899e+004	  5.8581273e+002	  3.7196349e+001	  2.1681890e+002	  3.0991327e+002	
  1.3742000e+001	  7.1080899e+004	  1.0589493e+007	  4.8845991e+004	  5.8577530e+002	  3.7192148e+001	  2.1679350e+002	  3.0962398e+002	
  1.3763000e+001	  7.1392191e+004	  1.0590184e+007	  4.8746876e+004	  5.8573900e+002	  3.7166884e+001	  2.1724846e+002	  3.0989139e+002	
  1.3785000e+001	  7.1381951e+004	  1.0546240e+007	  4.8773897e+004	  5.8577530e+002	  3.7109110e+001	  2.1622714e+002	  3.0960626e+002	
  1.3803000e+001	  7.1310272e+004	  1.0543771e+007	  4.8663081e+004	  5.8573240e+002	  3.7224730e+001	  2.1666878e+002	  3.0988890e+002	
  1.3823000e+001	  7.1437245e+004	  1.0560519e+007	  4.8742587e+004	  5.8565210e+002	  3.7088749e+001	  2.1665897e+002	  3.0975898e+002	
  1.3843000e+001	  7.1529405e+004	  1.0586958e+007	  4.8815015e+004	  5.8577530e+002	  3.7190515e+001	  2.1687913e+002	  3.0969441e+002	
  1.3863000e+001	  7.1547836e+004	  1.0570972e+007	  4.8750595e+004	  5.8577530e+002	  3.7230205e+001	  2.1683780e+002	  3.0978837e+002	
  1.3883000e+001	  7.1302080e+004	  1.0563126e+007	  4.8780031e+004	  5.8581871e+002	  3.7208025e+001	  2.1654611e+002	  3.0967190e+002	
  1.3903000e+001	  7.1375807e+004	  1.0559925e+007	  4.8789947e+004	  5.8568955e+002	  3.6825751e+001	  2.1643649e+002	  3.0962989e+002	
  1.3922000e+001	  5.8815205e+005	  1.0566534e+007	  4.8794787e+004	  5.8565210e+002	  3.7215757e+001	  2.1655046e+002	  3.0964909e+002	
  1.3947000e+001	  5.8540982e+005	  1.0530209e+007	  4.8724444e+004	  5.8560338e+002	  3.7157379e+001	  2.1611758e+002	  3.0966037e+002	
  1.3963000e+001	  5.9114004e+005	  1.0551178e+007	  4.8767933e+004	  5.8577530e+002	  3.7113531e+001	  2.1635483e+002	  3.0964615e+002	
  1.3983000e+001	  5.9179539e+005	  1.0549931e+007	  4.8744612e+004	  5.8560921e+002	  3.7167895e+001	  2.1643276e+002	  3.0970225e+002	
