  0.0000000e+000	  7.1537596e+004	  3.0861615e+002	  2.0249352e-001	
  2.0000000e-002	  7.1281600e+004	  3.0861873e+002	  7.0519335e-002	
  4.4000000e-002	  7.1199682e+004	  3.0862182e+002	  1.8069696e-001	
  6.1000000e-002	  7.1838648e+004	  3.0862400e+002	  2.6452577e-001	
  8.0000000e-002	  7.1515069e+004	  3.0862644e+002	  3.9662292e-001	
  1.0100000e-001	  7.1934903e+004	  3.0862914e+002	 -3.8225677e-002	
  1.2000000e-001	  7.1242689e+004	  3.0863158e+002	  1.4398693e-001	
  1.4100000e-001	  7.1977909e+004	  3.0863427e+002	  1.0085847e-002	
  1.6000000e-001	  7.1547836e+004	  3.0863671e+002	  1.2565524e-001	
  1.8300000e-001	  7.1490493e+004	  3.0863965e+002	  2.1094570e-001	
  2.0000000e-001	  7.1211969e+004	  3.0864183e+002	  1.5437029e-001	
  2.2000000e-001	  7.1707578e+004	  3.0864439e+002	 -3.9880764e-002	
  2.4300000e-001	  7.2252338e+004	  3.0864733e+002	 -7.3886341e-002	
  2.6000000e-001	  7.1359423e+004	  3.0864951e+002	 -9.3823943e-002	
  2.8000000e-001	  7.1596988e+004	  3.0865206e+002	 -7.2204383e-003	
  3.0400000e-001	  7.1224257e+004	  3.0865512e+002	  1.4072811e-001	
  3.2000000e-001	  7.1414718e+004	  3.0865717e+002	  2.4379135e-002	
  3.4000000e-001	  7.1383999e+004	  3.0865972e+002	 -8.3216059e-002	
  3.6000000e-001	  7.1451582e+004	  3.0866227e+002	 -6.2042754e-002	
  3.8000000e-001	  7.2092596e+004	  3.0866481e+002	 -2.2148524e-002	
  4.0300000e-001	  7.1547836e+004	  3.0866774e+002	  8.4666895e-002	
  4.2000000e-001	  7.1353279e+004	  3.0866990e+002	 -1.0424860e-001	
  4.4000000e-001	  7.1521212e+004	  3.0867245e+002	 -1.9829526e-001	
  4.6000000e-001	  7.1402430e+004	  3.0867499e+002	  3.3458445e-002	
  4.8000000e-001	  7.1877559e+004	  3.0867753e+002	 -1.5367185e-001	
  5.0000000e-001	  7.1861175e+004	  3.0868007e+002	 -9.2485547e-002	
  5.2100000e-001	  7.1414718e+004	  3.0868273e+002	 -1.6541692e-001	
  5.4000000e-001	  7.1398335e+004	  3.0868514e+002	 -2.3786022e-001	
  5.6100000e-001	  7.1117763e+004	  3.0868780e+002	 -3.2295508e-001	
  5.8300000e-001	  7.1605179e+004	  3.0869058e+002	 -1.7199008e-001	
  6.0300000e-001	  7.1226305e+004	  3.0869312e+002	 -3.0819313e-001	
  6.2000000e-001	  7.1519164e+004	  3.0869527e+002	 -3.4302413e-002	
  6.4000000e-001	  7.1820216e+004	  3.0869779e+002	 -2.6313075e-001	
  6.6000000e-001	  6.0999364e+005	  3.0870032e+002	 -1.8081963e-001	
  6.8300000e-001	  6.1178561e+005	  3.0870322e+002	 -1.9090870e-001	
  7.0000000e-001	  6.1160948e+005	  3.0870537e+002	 -2.2181258e-001	
  7.2100000e-001	  6.1196788e+005	  3.0870802e+002	 -2.1768356e-001	
  7.4000000e-001	  6.1208666e+005	  3.0871041e+002	 -2.1985024e-001	
  7.6100000e-001	  6.0907410e+005	  3.0871306e+002	 -1.5676731e-001	
  7.8000000e-001	  6.1224231e+005	  3.0871545e+002	 -9.5364126e-002	
  8.0100000e-001	  6.1403837e+005	  3.0871809e+002	 -2.3494486e-002	
  8.2000000e-001	  6.1046057e+005	  3.0872048e+002	 -1.0196474e-002	
  8.4300000e-001	  6.1059779e+005	  3.0872337e+002	 -1.7326442e-001	
  8.6000000e-001	  6.1313932e+005	  3.0872550e+002	  9.2857714e-002	
  8.8000000e-001	  6.1294271e+005	  3.0872801e+002	 -1.8188855e-001	
  9.0000000e-001	  6.1186753e+005	  3.0873052e+002	 -5.3750078e-002	
  9.2300000e-001	  6.0872390e+005	  3.0873340e+002	 -1.6926128e-001	
  9.4000000e-001	  6.0958814e+005	  3.0873553e+002	 -6.9263510e-002	
  9.6000000e-001	  6.0569905e+005	  3.0873804e+002	  1.3438354e-001	
  9.8200000e-001	  6.0753198e+005	  3.0874079e+002	  1.7600861e-001	
  1.0000000e+000	  6.0550858e+005	  3.0874304e+002	  1.6111970e-001	
  1.0210000e+000	  6.0263119e+005	  3.0874566e+002	 -2.9982434e-002	
  1.0440000e+000	  6.0624995e+005	  3.0874854e+002	  2.1984182e-001	
  1.0610000e+000	  6.0314318e+005	  3.0875066e+002	  2.1781830e-001	
  1.0800000e+000	  6.0397261e+005	  3.0875303e+002	 -1.3212804e-001	
  1.1010000e+000	  5.9977222e+005	  3.0875565e+002	  1.0113691e-001	
  1.1210000e+000	  6.0430233e+005	  3.0875814e+002	  6.0077084e-002	
  1.1410000e+000	  6.0237110e+005	  3.0876063e+002	  2.2491062e-001	
  1.1600000e+000	  6.0452351e+005	  3.0876299e+002	  2.1709711e-001	
  1.1810000e+000	  6.0627657e+005	  3.0876560e+002	  1.1905979e-001	
  1.2000000e+000	  6.0481432e+005	  3.0876797e+002	  2.4286350e-001	
  1.2210000e+000	  6.0527307e+005	  3.0877057e+002	  1.2484732e-001	
  1.2400000e+000	  6.0530788e+005	  3.0877293e+002	  1.1604974e-001	
  1.2670000e+000	  6.0426956e+005	  3.0877628e+002	  3.8185222e-001	
  1.2800000e+000	  6.0805626e+005	  3.0877789e+002	  1.6950009e-001	
  1.3030000e+000	  6.0845561e+005	  3.0878074e+002	  3.3618344e-001	
  1.3200000e+000	  6.0777773e+005	  3.0878285e+002	  3.7201713e-001	
  1.3410000e+000	  7.2682411e+004	  3.0878545e+002	  2.1248424e-001	
  1.3600000e+000	  7.1373759e+004	  3.0878780e+002	  2.4250902e-001	
  1.3800000e+000	  7.1492541e+004	  3.0879027e+002	  4.0741996e-002	
  1.4000000e+000	  7.1791545e+004	  3.0879274e+002	  2.2467987e-001	
  1.4240000e+000	  7.1955382e+004	  3.0879570e+002	  2.7145898e-001	
  1.4400000e+000	  7.1259073e+004	  3.0879768e+002	 -1.9928475e-002	
  1.4600000e+000	  7.1877559e+004	  3.0880014e+002	  2.4637736e-001	
  1.4800000e+000	  7.1345088e+004	  3.0880261e+002	  1.1321733e-001	
  1.5030000e+000	  7.1689146e+004	  3.0880544e+002	  9.5411395e-002	
  1.5210000e+000	  7.1777209e+004	  3.0880766e+002	  3.0619027e-002	
  1.5400000e+000	  7.1132099e+004	  3.0880999e+002	  3.8797358e-002	
  1.5610000e+000	  7.1549884e+004	  3.0881257e+002	  1.5082017e-001	
  1.5800000e+000	  7.1291840e+004	  3.0881491e+002	 -4.6459582e-002	
  1.6040000e+000	  7.1723962e+004	  3.0881786e+002	  5.9949436e-003	
  1.6200000e+000	  7.1629755e+004	  3.0881982e+002	 -1.9443468e-002	
  1.6400000e+000	  7.1830456e+004	  3.0882227e+002	  4.3037593e-002	
  1.6630000e+000	  7.1943095e+004	  3.0882509e+002	  2.3051118e-002	
  1.6810000e+000	  7.1476157e+004	  3.0882729e+002	 -3.8451733e-002	
  1.7000000e+000	  7.1639995e+004	  3.0882962e+002	 -1.1208142e-001	
  1.7210000e+000	  7.1766970e+004	  3.0883219e+002	 -6.7802138e-003	
  1.7400000e+000	  7.1519164e+004	  3.0883451e+002	  1.0405391e-001	
  1.7640000e+000	  7.1840696e+004	  3.0883744e+002	 -2.3140047e-001	
  1.7800000e+000	  7.1365567e+004	  3.0883940e+002	 -1.0582719e-001	
  1.8010000e+000	  7.1809976e+004	  3.0884196e+002	  8.8453481e-002	
  1.8210000e+000	  7.1605179e+004	  3.0884440e+002	 -4.9931609e-003	
  1.8410000e+000	  7.1756729e+004	  3.0884684e+002	 -7.0785223e-002	
  1.8600000e+000	  7.1513021e+004	  3.0884915e+002	 -1.0255801e-001	
  1.8810000e+000	  7.1111619e+004	  3.0885171e+002	 -1.5793082e-002	
  1.9000000e+000	  7.1541692e+004	  3.0885402e+002	 -6.2527128e-002	
  1.9210000e+000	  7.1502780e+004	  3.0885657e+002	 -3.2875611e-001	
  1.9400000e+000	  7.1474109e+004	  3.0885888e+002	 -1.8312128e-001	
  1.9610000e+000	  7.1367615e+004	  3.0886143e+002	 -2.3307248e-001	
  1.9800000e+000	  7.1211969e+004	  3.0886373e+002	 -2.8151071e-001	
  2.0030000e+000	  7.1576507e+004	  3.0886652e+002	 -2.9186553e-001	
  2.0210000e+000	  7.1259073e+004	  3.0886870e+002	 -3.8416226e-001	
  2.0420000e+000	  6.1357349e+005	  3.0887125e+002	 -3.0051220e-001	
  2.0610000e+000	  6.1374756e+005	  3.0887355e+002	 -2.1318853e-001	
  2.0830000e+000	  6.1361649e+005	  3.0887621e+002	 -1.1036635e-001	
  2.1010000e+000	  6.1122651e+005	  3.0887838e+002	 -3.4079238e-001	
  2.1200000e+000	  6.1313932e+005	  3.0888068e+002	 -2.7846640e-001	
  2.1410000e+000	  6.0893893e+005	  3.0888321e+002	 -1.3418097e-001	
  2.1600000e+000	  6.1032541e+005	  3.0888551e+002	 -1.5500423e-001	
  2.1810000e+000	  6.0913349e+005	  3.0888804e+002	 -5.6417370e-003	
  2.2030000e+000	  6.1053430e+005	  3.0889069e+002	  4.8912186e-002	
  2.2200000e+000	  6.0833888e+005	  3.0889274e+002	  1.6356590e-002	
  2.2400000e+000	  6.1024144e+005	  3.0889514e+002	 -1.8875742e-001	
  2.2610000e+000	  6.1130229e+005	  3.0889767e+002	 -4.3647766e-002	
  2.2800000e+000	  6.1292838e+005	  3.0889995e+002	 -1.0306950e-002	
  2.3040000e+000	  6.1364312e+005	  3.0890284e+002	 -3.2680478e-003	
  2.3200000e+000	  6.1583035e+005	  3.0890476e+002	  7.0117796e-002	
  2.3400000e+000	  6.2015975e+005	  3.0890716e+002	 -4.2198629e-002	
  2.3600000e+000	  6.1722092e+005	  3.0890955e+002	 -4.8306932e-003	
  2.3830000e+000	  6.1543304e+005	  3.0891231e+002	  3.8037200e-002	
  2.4000000e+000	  6.1411620e+005	  3.0891434e+002	  1.8646059e-001	
  2.4210000e+000	  6.1107087e+005	  3.0891686e+002	  8.3309591e-002	
  2.4400000e+000	  6.1199655e+005	  3.0891913e+002	  1.4035140e-001	
  2.4600000e+000	  6.1001412e+005	  3.0892152e+002	  1.2822088e-001	
  2.4800000e+000	  6.1513609e+005	  3.0892391e+002	 -5.8506340e-002	
  2.5000000e+000	  6.1403428e+005	  3.0892630e+002	  1.8645133e-001	
  2.5230000e+000	  6.1435376e+005	  3.0892904e+002	  1.7419566e-001	
  2.5400000e+000	  6.1375371e+005	  3.0893107e+002	  1.5284058e-001	
  2.5610000e+000	  6.1727416e+005	  3.0893357e+002	  1.2289670e-001	
  2.5800000e+000	  6.1617645e+005	  3.0893583e+002	  8.2667597e-002	
  2.6010000e+000	  6.1624199e+005	  3.0893833e+002	  1.8814410e-001	
  2.6200000e+000	  6.1651027e+005	  3.0894059e+002	  1.4560617e-001	
  2.6410000e+000	  6.1826948e+005	  3.0894308e+002	  4.5913417e-002	
  2.6630000e+000	  6.1556616e+005	  3.0894570e+002	  2.5274993e-001	
  2.6820000e+000	  6.1692191e+005	  3.0894795e+002	  2.1014853e-001	
  2.7000000e+000	  6.1460566e+005	  3.0895009e+002	  3.2517078e-001	
  2.7240000e+000	  7.1676858e+004	  3.0895293e+002	  1.7925429e-001	
  2.7400000e+000	  7.1648187e+004	  3.0895482e+002	  2.0639780e-001	
  2.7610000e+000	  7.1517117e+004	  3.0895731e+002	  2.3681911e-001	
  2.7810000e+000	  7.1463869e+004	  3.0895968e+002	  1.7371613e-001	
  2.8040000e+000	  7.1490493e+004	  3.0896240e+002	  2.1462263e-001	
  2.8210000e+000	  7.1678906e+004	  3.0896440e+002	  2.8577397e-001	
  2.8400000e+000	  7.1537597e+004	  3.0896665e+002	  2.1829512e-001	
  2.8600000e+000	  7.1396287e+004	  3.0896901e+002	  1.7922429e-001	
  2.8810000e+000	  7.1461821e+004	  3.0897148e+002	  4.5391264e-002	
  2.9070000e+000	  7.1562172e+004	  3.0897455e+002	  7.8741656e-003	
  2.9200000e+000	  7.1748537e+004	  3.0897608e+002	  1.7617697e-001	
  2.9430000e+000	  7.1953334e+004	  3.0897878e+002	  1.2838809e-001	
  2.9600000e+000	  7.1683002e+004	  3.0898078e+002	 -6.6652186e-002	
  2.9800000e+000	  7.1158722e+004	  3.0898313e+002	 -5.1212996e-002	
  3.0010000e+000	  7.1865272e+004	  3.0898560e+002	 -4.9251472e-003	
  3.0210000e+000	  7.1574460e+004	  3.0898795e+002	  1.6486125e-001	
  3.0440000e+000	  7.1506876e+004	  3.0899065e+002	  1.4779895e-001	
  3.0610000e+000	  7.1492542e+004	  3.0899264e+002	 -1.7340522e-002	
  3.0800000e+000	  7.1154626e+004	  3.0899486e+002	  1.5381662e-002	
  3.1010000e+000	  7.1494589e+004	  3.0899732e+002	 -7.7376885e-002	
  3.1200000e+000	  7.1379903e+004	  3.0899955e+002	  1.4491357e-001	
  3.1440000e+000	  7.1642043e+004	  3.0900235e+002	 -3.5496113e-002	
  3.1600000e+000	  7.1326655e+004	  3.0900422e+002	 -1.2669333e-001	
  3.1810000e+000	  7.1244737e+004	  3.0900667e+002	  2.2617555e-001	
  3.2000000e+000	  7.1771065e+004	  3.0900889e+002	 -1.5461054e-001	
  3.2210000e+000	  7.1611324e+004	  3.0901134e+002	 -1.4835739e-001	
  3.2400000e+000	  7.1263168e+004	  3.0901355e+002	 -9.0162307e-002	
  3.2610000e+000	  7.2194995e+004	  3.0901600e+002	 -1.5557996e-001	
  3.2830000e+000	  7.1754681e+004	  3.0901856e+002	 -2.1853615e-001	
  3.3010000e+000	  7.1662523e+004	  3.0902065e+002	 -1.3150215e-001	
  3.3200000e+000	  7.1738297e+004	  3.0902286e+002	 -9.1510048e-002	
  3.3410000e+000	  7.1596988e+004	  3.0902530e+002	 -4.6621973e-001	
  3.3600000e+000	  7.1480254e+004	  3.0902750e+002	 -3.1354855e-001	
  3.3810000e+000	  7.1717818e+004	  3.0902994e+002	 -2.8910290e-001	
  3.4040000e+000	  8.6977233e+004	  3.0903261e+002	 -1.9643261e-001	
  3.4210000e+000	  6.1405066e+005	  3.0903458e+002	 -1.9634820e-001	
  3.4400000e+000	  6.1006327e+005	  3.0903678e+002	 -1.6750774e-001	
  3.4610000e+000	  6.1117736e+005	  3.0903921e+002	 -3.0957971e-001	
  3.4830000e+000	  6.1286694e+005	  3.0904175e+002	 -1.6494988e-001	
  3.5010000e+000	  6.0836141e+005	  3.0904383e+002	 -2.9296841e-001	
  3.5210000e+000	  6.0200656e+005	  3.0904614e+002	 -2.0679257e-001	
  3.5410000e+000	  6.0712648e+005	  3.0904845e+002	 -1.7418517e-001	
  3.5610000e+000	  6.0226870e+005	  3.0905075e+002	 -2.9657136e-001	
  3.5810000e+000	  5.9610841e+005	  3.0905306e+002	 -2.4360586e-001	
  3.6010000e+000	  6.0045010e+005	  3.0905536e+002	 -1.7893393e-001	
  3.6210000e+000	  6.0468940e+005	  3.0905766e+002	 -1.5907391e-001	
  3.6410000e+000	  6.0253903e+005	  3.0905996e+002	 -8.5719998e-002	
  3.6600000e+000	  6.0054431e+005	  3.0906214e+002	 -1.4911475e-001	
  3.6810000e+000	  6.0003436e+005	  3.0906456e+002	 -1.4534413e-001	
  3.7010000e+000	  6.0307150e+005	  3.0906685e+002	 -1.2198987e-001	
  3.7210000e+000	  6.0174442e+005	  3.0906915e+002	 -1.4088264e-001	
  3.7400000e+000	  6.0695650e+005	  3.0907132e+002	 -1.1108794e-001	
  3.7610000e+000	  6.0451737e+005	  3.0907373e+002	 -1.1833288e-001	
  3.7870000e+000	  6.0199632e+005	  3.0907670e+002	 -7.4565948e-003	
  3.8010000e+000	  6.0255541e+005	  3.0907831e+002	 -2.4949564e-002	
  3.8230000e+000	  6.1037661e+005	  3.0908082e+002	 -2.6992031e-003	
  3.8410000e+000	  6.0190826e+005	  3.0908288e+002	 -7.6162926e-002	
  3.8610000e+000	  6.0072863e+005	  3.0908516e+002	  2.1397384e-001	
  3.8810000e+000	  6.0267215e+005	  3.0908744e+002	  2.2040943e-002	
  3.9000000e+000	  5.9930938e+005	  3.0908961e+002	 -1.2352205e-002	
  3.9210000e+000	  5.9822191e+005	  3.0909200e+002	  2.1266289e-001	
  3.9400000e+000	  6.0104811e+005	  3.0909416e+002	  8.7301253e-002	
  3.9610000e+000	  6.0096005e+005	  3.0909655e+002	  9.7397922e-002	
  3.9800000e+000	  5.9870523e+005	  3.0909871e+002	  2.7452974e-001	
  4.0030000e+000	  5.9647704e+005	  3.0910133e+002	  2.8761344e-001	
  4.0210000e+000	  5.9994835e+005	  3.0910337e+002	  1.6452431e-001	
  4.0410000e+000	  5.9498817e+005	  3.0910564e+002	  6.5185161e-002	
  4.0610000e+000	  5.9378806e+005	  3.0910791e+002	  2.7043802e-001	
  4.0830000e+000	  5.9510490e+005	  3.0911040e+002	  1.9552895e-001	
  4.1010000e+000	  7.1492541e+004	  3.0911244e+002	  2.9989590e-001	
  4.1210000e+000	  7.1472061e+004	  3.0911470e+002	  3.9263102e-001	
  4.1410000e+000	  7.1637947e+004	  3.0911696e+002	  8.0804617e-002	
  4.1610000e+000	  7.1355327e+004	  3.0911922e+002	  2.0818549e-001	
  4.1810000e+000	  7.1644091e+004	  3.0912148e+002	  1.5503037e-001	
  4.2040000e+000	  7.1310272e+004	  3.0912408e+002	  1.6506350e-001	
  4.2210000e+000	  7.1578556e+004	  3.0912599e+002	  2.1995683e-001	
  4.2410000e+000	  7.1271360e+004	  3.0912825e+002	  3.1111759e-001	
  4.2610000e+000	  7.1822264e+004	  3.0913050e+002	  1.8668708e-001	
  4.2840000e+000	  7.1594939e+004	  3.0913309e+002	  1.4325260e-001	
  4.3010000e+000	  7.1338943e+004	  3.0913500e+002	  9.3574047e-002	
  4.3200000e+000	  7.1801784e+004	  3.0913713e+002	 -1.1746255e-002	
  4.3410000e+000	  7.1498685e+004	  3.0913949e+002	  2.4934135e-002	
  4.3600000e+000	  7.1791545e+004	  3.0914163e+002	  3.1571813e-001	
  4.3810000e+000	  7.1103427e+004	  3.0914398e+002	  1.6857355e-002	
  4.4000000e+000	  7.1990198e+004	  3.0914611e+002	  7.8550896e-002	
  4.4210000e+000	  7.1228353e+004	  3.0914846e+002	  6.0746456e-002	
  4.4400000e+000	  7.1781305e+004	  3.0915059e+002	 -1.8121094e-001	
  4.4640000e+000	  7.1439294e+004	  3.0915327e+002	 -4.0780593e-002	
  4.4800000e+000	  7.1574460e+004	  3.0915506e+002	 -1.7291460e-001	
  4.5010000e+000	  7.1742393e+004	  3.0915741e+002	 -2.8959816e-002	
  4.5210000e+000	  7.1617467e+004	  3.0915964e+002	 -2.1860630e-001	
  4.5410000e+000	  7.1201730e+004	  3.0916187e+002	 -7.9272100e-002	
  4.5610000e+000	  7.1717818e+004	  3.0916410e+002	 -7.1152145e-002	
  4.5840000e+000	  7.1400383e+004	  3.0916666e+002	  1.7055412e-002	
  4.6010000e+000	  7.1195586e+004	  3.0916855e+002	 -2.3604586e-001	
  4.6210000e+000	  7.1263169e+004	  3.0917078e+002	 -1.9404750e-001	
  4.6410000e+000	  7.1257025e+004	  3.0917300e+002	 -1.7859094e-001	
  4.6630000e+000	  7.1443390e+004	  3.0917544e+002	 -2.4434619e-001	
  4.6810000e+000	  7.1424958e+004	  3.0917744e+002	 -2.3988619e-002	
  4.7010000e+000	  7.1381951e+004	  3.0917966e+002	 -9.2536717e-002	
  4.7210000e+000	  7.1570364e+004	  3.0918188e+002	 -3.0934155e-001	
  4.7410000e+000	  7.1648186e+004	  3.0918409e+002	 -3.3929919e-001	
  4.7610000e+000	  7.1322560e+004	  3.0918631e+002	 -3.2258238e-001	
  4.7810000e+000	  5.9102330e+005	  3.0918852e+002	 -2.8135974e-001	
  4.8010000e+000	  5.9283575e+005	  3.0919073e+002	 -2.2497140e-001	
  4.8210000e+000	  5.9399286e+005	  3.0919294e+002	 -5.1554271e-002	
  4.8410000e+000	  5.9348291e+005	  3.0919514e+002	 -4.1895408e-001	
  4.8610000e+000	  5.9663474e+005	  3.0919735e+002	 -2.8133881e-001	
  4.8810000e+000	  5.9811542e+005	  3.0919956e+002	 -4.0293731e-001	
  4.9010000e+000	  5.9750717e+005	  3.0920176e+002	 -9.4454423e-002	
  4.9210000e+000	  5.9700951e+005	  3.0920396e+002	 -1.0223127e-001	
  4.9410000e+000	  5.9491035e+005	  3.0920616e+002	 -1.5699326e-001	
  4.9610000e+000	  5.9588723e+005	  3.0920836e+002	 -1.8688543e-001	
  4.9800000e+000	  5.9375324e+005	  3.0921044e+002	 -2.4917674e-001	
  5.0040000e+000	  5.9777545e+005	  3.0921308e+002	 -8.1659837e-002	
  5.0210000e+000	  5.9631525e+005	  3.0921494e+002	 -1.9899763e-001	
  5.0410000e+000	  5.9521959e+005	  3.0921713e+002	  6.1344475e-002	
  5.0630000e+000	  5.9712215e+005	  3.0921954e+002	 -1.3182721e-001	
  5.0810000e+000	  5.9357917e+005	  3.0922151e+002	 -8.6652968e-002	
  5.1020000e+000	  5.9630297e+005	  3.0922381e+002	 -8.1569025e-002	
  5.1210000e+000	  5.9544487e+005	  3.0922589e+002	 -6.4379797e-002	
  5.1440000e+000	  5.9567629e+005	  3.0922840e+002	  1.5073350e-001	
  5.1610000e+000	  5.9622309e+005	  3.0923025e+002	  1.2456212e-001	
  5.1810000e+000	  5.9620466e+005	  3.0923244e+002	 -6.7027766e-002	
  5.2010000e+000	  5.9496974e+005	  3.0923462e+002	 -1.6368572e-002	
  5.2210000e+000	  5.9363446e+005	  3.0923679e+002	  2.7610009e-001	
  5.2410000e+000	  5.9552883e+005	  3.0923897e+002	 -9.1485643e-002	
  5.2610000e+000	  5.9243845e+005	  3.0924114e+002	  1.3788549e-001	
  5.2810000e+000	  5.8983548e+005	  3.0924332e+002	 -2.3455531e-002	
  5.3010000e+000	  5.9306513e+005	  3.0924549e+002	  8.7727815e-002	
  5.3210000e+000	  5.9004642e+005	  3.0924766e+002	  1.8515257e-001	
  5.3410000e+000	  5.8988873e+005	  3.0924983e+002	 -2.1576660e-002	
  5.3630000e+000	  5.9072225e+005	  3.0925221e+002	  2.1433004e-001	
  5.3810000e+000	  5.9217426e+005	  3.0925416e+002	 -6.3435339e-002	
  5.4010000e+000	  5.9195718e+005	  3.0925633e+002	  2.1950123e-001	
  5.4210000e+000	  5.9160697e+005	  3.0925849e+002	  2.9422254e-001	
  5.4400000e+000	  5.9133050e+005	  3.0926054e+002	  3.1465808e-001	
  5.4640000e+000	  5.9373072e+005	  3.0926313e+002	  9.0018381e-002	
  5.4820000e+000	  7.0822856e+004	  3.0926507e+002	  9.1442713e-002	
  5.5010000e+000	  7.1150531e+004	  3.0926712e+002	  1.6438478e-001	
  5.5210000e+000	  7.1326656e+004	  3.0926928e+002	  1.7700519e-001	
  5.5410000e+000	  7.1392190e+004	  3.0927143e+002	  1.8599722e-002	
  5.5610000e+000	  7.1945142e+004	  3.0927358e+002	  3.4793768e-001	
  5.5810000e+000	  7.1572412e+004	  3.0927573e+002	  2.4658559e-002	
  5.6020000e+000	  7.1379903e+004	  3.0927799e+002	  8.7979210e-002	
  5.6210000e+000	  7.1683002e+004	  3.0928003e+002	  2.1377611e-001	
  5.6440000e+000	  7.1748537e+004	  3.0928250e+002	  1.5658803e-002	
  5.6610000e+000	  7.1248833e+004	  3.0928432e+002	  9.0063301e-002	
  5.6810000e+000	  7.1349183e+004	  3.0928646e+002	  1.0522856e-001	
  5.7030000e+000	  7.1738297e+004	  3.0928881e+002	  9.4783040e-002	
  5.7210000e+000	  7.1515069e+004	  3.0929074e+002	 -3.6359506e-002	
  5.7410000e+000	  7.1664570e+004	  3.0929288e+002	  5.5918513e-002	
  5.7610000e+000	  7.1377855e+004	  3.0929501e+002	 -7.1640611e-002	
  5.7810000e+000	  7.1543740e+004	  3.0929715e+002	  1.1748642e-001	
  5.8010000e+000	  7.1400383e+004	  3.0929928e+002	 -1.0123571e-001	
  5.8240000e+000	  7.1265217e+004	  3.0930173e+002	  2.0055732e-003	
  5.8410000e+000	  7.1472061e+004	  3.0930354e+002	  1.1057742e-001	
  5.8610000e+000	  7.1031748e+004	  3.0930567e+002	 -4.9074216e-002	
  5.8810000e+000	  7.1504829e+004	  3.0930780e+002	 -9.0972736e-002	
  5.9030000e+000	  7.1435198e+004	  3.0931013e+002	 -1.6768971e-001	
  5.9210000e+000	  7.1353279e+004	  3.0931205e+002	  1.0698925e-001	
  5.9400000e+000	  7.1310272e+004	  3.0931406e+002	 -4.5866328e-002	
  5.9640000e+000	  7.1726009e+004	  3.0931661e+002	 -1.7142634e-001	
  5.9800000e+000	  7.1314368e+004	  3.0931830e+002	 -2.5047905e-002	
  6.0010000e+000	  7.1642043e+004	  3.0932052e+002	 -1.9770810e-001	
  6.0210000e+000	  7.1457726e+004	  3.0932264e+002	 -2.1637936e-001	
  6.0410000e+000	  7.1177154e+004	  3.0932475e+002	 -2.7086690e-001	
  6.0630000e+000	  7.1691194e+004	  3.0932708e+002	 -2.2169997e-001	
  6.0810000e+000	  7.1527357e+004	  3.0932898e+002	 -1.6746123e-001	
  6.1020000e+000	  7.1050180e+004	  3.0933119e+002	 -2.2649950e-001	
  6.1210000e+000	  7.1570364e+004	  3.0933320e+002	 -1.9917919e-001	
  6.1410000e+000	  7.2254386e+004	  3.0933530e+002	 -7.4876115e-002	
  6.1610000e+000	  5.9297706e+005	  3.0933741e+002	 -2.7047986e-001	
  6.1820000e+000	  5.9169299e+005	  3.0933962e+002	 -2.6054000e-001	
  6.2010000e+000	  5.9588518e+005	  3.0934161e+002	 -9.0258601e-002	
  6.2210000e+000	  5.9417717e+005	  3.0934371e+002	 -2.1651512e-001	
  6.2440000e+000	  5.9249579e+005	  3.0934613e+002	 -6.4385974e-002	
  6.2610000e+000	  5.9364061e+005	  3.0934791e+002	 -2.9662064e-001	
  6.2810000e+000	  5.9772016e+005	  3.0935000e+002	  3.0070030e-002	
  6.3010000e+000	  5.9095572e+005	  3.0935210e+002	 -2.0742668e-001	
  6.3240000e+000	  5.9225618e+005	  3.0935450e+002	 -1.0337609e-001	
  6.3410000e+000	  5.9652210e+005	  3.0935628e+002	 -1.6686752e-001	
  6.3610000e+000	  5.9816047e+005	  3.0935837e+002	  1.1075320e-001	
  6.3810000e+000	  5.9418741e+005	  3.0936046e+002	 -8.5537685e-002	
  6.4010000e+000	  5.9759319e+005	  3.0936254e+002	  2.8372548e-003	
  6.4210000e+000	  6.0039685e+005	  3.0936463e+002	  7.0432379e-002	
  6.4410000e+000	  5.9310609e+005	  3.0936671e+002	 -1.4369354e-001	
  6.4610000e+000	  5.9284599e+005	  3.0936879e+002	  1.6601480e-003	
  6.4840000e+000	  5.9398262e+005	  3.0937118e+002	  2.1184133e-002	
  6.5010000e+000	  5.8888113e+005	  3.0937295e+002	  3.8299185e-002	
  6.5210000e+000	  5.8727757e+005	  3.0937503e+002	 -5.9583927e-002	
  6.5410000e+000	  5.8840395e+005	  3.0937710e+002	  5.8979593e-002	
  6.5620000e+000	  5.9279070e+005	  3.0937928e+002	  1.3674238e-001	
  6.5810000e+000	  5.9076526e+005	  3.0938125e+002	  3.9372824e-003	
  6.6020000e+000	  5.8836094e+005	  3.0938342e+002	  5.4329771e-002	
  6.6240000e+000	  5.9202066e+005	  3.0938570e+002	 -6.2692080e-002	
  6.6420000e+000	  5.9351978e+005	  3.0938756e+002	  3.0998754e-002	
  6.6610000e+000	  5.9209234e+005	  3.0938952e+002	  8.1605072e-002	
  6.6810000e+000	  5.9352182e+005	  3.0939158e+002	  1.7479979e-001	
  6.7010000e+000	  5.9331907e+005	  3.0939365e+002	  2.6861544e-001	
  6.7220000e+000	  5.8751718e+005	  3.0939581e+002	  2.1753862e-001	
  6.7410000e+000	  5.9438197e+005	  3.0939777e+002	  1.7048221e-001	
  6.7610000e+000	  5.9505370e+005	  3.0939983e+002	 -2.3336999e-002	
  6.7840000e+000	  5.9259000e+005	  3.0940219e+002	  2.3190086e-001	
  6.8010000e+000	  5.9383926e+005	  3.0940394e+002	  3.0761687e-001	
  6.8210000e+000	  5.9853320e+005	  3.0940599e+002	  2.7992947e-001	
  6.8420000e+000	  5.9377168e+005	  3.0940814e+002	  3.0295526e-001	
  6.8610000e+000	  7.1519165e+004	  3.0941009e+002	  2.7911561e-001	
  6.8810000e+000	  7.1721914e+004	  3.0941214e+002	  3.2705234e-001	
  6.9010000e+000	  7.1484349e+004	  3.0941419e+002	  4.2615416e-002	
  6.9220000e+000	  7.1742393e+004	  3.0941633e+002	  2.3831759e-001	
  6.9410000e+000	  7.1797689e+004	  3.0941828e+002	  2.3642669e-001	
  6.9610000e+000	  7.1377855e+004	  3.0942032e+002	  1.9271686e-001	
  6.9810000e+000	  7.1648186e+004	  3.0942236e+002	  2.8247821e-001	
  7.0010000e+000	  7.1584700e+004	  3.0942440e+002	  3.3508844e-001	
  7.0210000e+000	  7.1435198e+004	  3.0942644e+002	  1.7384534e-001	
  7.0410000e+000	  7.1500733e+004	  3.0942847e+002	  1.2647043e-001	
  7.0620000e+000	  7.1289792e+004	  3.0943061e+002	  1.4305393e-001	
  7.0820000e+000	  7.1240641e+004	  3.0943264e+002	  1.2812610e-001	
  7.1010000e+000	  7.2059829e+004	  3.0943457e+002	 -6.8349136e-002	
  7.1240000e+000	  7.1584700e+004	  3.0943690e+002	 -3.4716932e-002	
  7.1420000e+000	  7.1365567e+004	  3.0943873e+002	  2.1309288e-001	
  7.1610000e+000	  7.1795640e+004	  3.0944065e+002	  1.7821596e-002	
  7.1820000e+000	  7.1381951e+004	  3.0944278e+002	 -2.7685043e-002	
  7.2010000e+000	  7.1500733e+004	  3.0944470e+002	 -1.3112089e-001	
  7.2250000e+000	  7.1648187e+004	  3.0944713e+002	 -5.6517196e-002	
  7.2410000e+000	  7.1416766e+004	  3.0944874e+002	 -1.9395716e-001	
  7.2610000e+000	  7.1283648e+004	  3.0945076e+002	 -5.3229456e-002	
  7.2840000e+000	  7.1265216e+004	  3.0945308e+002	  6.1383543e-002	
  7.3010000e+000	  7.1353279e+004	  3.0945479e+002	 -9.3941437e-003	
  7.3210000e+000	  7.2022965e+004	  3.0945681e+002	 -9.2625366e-002	
  7.3420000e+000	  7.1631803e+004	  3.0945892e+002	 -1.0650507e-001	
  7.3610000e+000	  7.1408575e+004	  3.0946083e+002	 -1.1587645e-001	
  7.3850000e+000	  7.1474109e+004	  3.0946324e+002	 -2.0108937e-001	
  7.4010000e+000	  7.1943094e+004	  3.0946485e+002	 -1.7323008e-001	
  7.4210000e+000	  7.1754681e+004	  3.0946685e+002	  1.0622816e-002	
  7.4440000e+000	  7.1228353e+004	  3.0946916e+002	 -4.4762067e-002	
  7.4610000e+000	  7.0968261e+004	  3.0947086e+002	 -3.2002210e-001	
  7.4810000e+000	  7.1121859e+004	  3.0947286e+002	 -3.9649993e-001	
  7.5040000e+000	  7.1119811e+004	  3.0947516e+002	 -2.1788491e-001	
  7.5210000e+000	  7.1619515e+004	  3.0947686e+002	 -3.4736996e-001	
  7.5410000e+000	  5.8753766e+005	  3.0947886e+002	 -1.5533573e-001	
  7.5620000e+000	  5.9323920e+005	  3.0948095e+002	 -3.5897507e-001	
  7.5810000e+000	  5.9368157e+005	  3.0948285e+002	 -1.6608909e-001	
  7.6020000e+000	  5.9331703e+005	  3.0948494e+002	 -1.8540819e-001	
  7.6210000e+000	  5.9434306e+005	  3.0948683e+002	 -2.1687558e-001	
  7.6430000e+000	  5.9654872e+005	  3.0948901e+002	 -2.2342116e-001	
  7.6610000e+000	  5.9203295e+005	  3.0949080e+002	 -1.8759088e-001	
  7.6810000e+000	  5.9630706e+005	  3.0949279e+002	 -2.1649415e-001	
  7.7050000e+000	  5.9738224e+005	  3.0949517e+002	 -6.9552626e-002	
  7.7220000e+000	  5.9937287e+005	  3.0949685e+002	 -1.2000801e-001	
  7.7410000e+000	  5.9269649e+005	  3.0949874e+002	 -2.4364347e-001	
  7.7620000e+000	  5.9777341e+005	  3.0950081e+002	 -9.5059059e-002	
  7.7810000e+000	  5.9499431e+005	  3.0950269e+002	 -1.5067594e-001	
  7.8040000e+000	  5.9140832e+005	  3.0950496e+002	 -2.3687172e-002	
  7.8210000e+000	  5.9073044e+005	  3.0950664e+002	 -1.0933792e-001	
  7.8420000e+000	  5.9527898e+005	  3.0950871e+002	  2.3051894e-002	
  7.8610000e+000	  5.9205138e+005	  3.0951059e+002	  8.9923969e-002	
  7.8820000e+000	  5.9018159e+005	  3.0951266e+002	  3.0857270e-002	
  7.9010000e+000	  5.8953033e+005	  3.0951452e+002	 -2.2313845e-002	
  7.9240000e+000	  5.9043963e+005	  3.0951679e+002	  1.7526758e-001	
  7.9410000e+000	  5.9054203e+005	  3.0951846e+002	  2.0421458e-001	
  7.9620000e+000	  5.9142880e+005	  3.0952052e+002	  9.6157390e-002	
  7.9810000e+000	  5.9344810e+005	  3.0952238e+002	  2.2350231e-002	
  8.0010000e+000	  5.9151277e+005	  3.0952434e+002	  2.0641797e-001	
  8.0250000e+000	  5.9247736e+005	  3.0952669e+002	  2.6897719e-001	
  8.0410000e+000	  5.9485915e+005	  3.0952826e+002	  1.5061042e-001	
  8.0620000e+000	  5.9391503e+005	  3.0953031e+002	  1.1536627e-001	
  8.0810000e+000	  5.9046011e+005	  3.0953217e+002	  2.2892286e-001	
  8.1020000e+000	  5.8996041e+005	  3.0953422e+002	  1.6202194e-001	
  8.1210000e+000	  5.8971260e+005	  3.0953607e+002	  1.7436161e-001	
  8.1450000e+000	  5.9003004e+005	  3.0953841e+002	  3.1422963e-001	
  8.1610000e+000	  5.8453329e+005	  3.0953997e+002	  2.5474661e-001	
  8.1820000e+000	  5.8772607e+005	  3.0954201e+002	  3.7691431e-001	
  8.2010000e+000	  5.8703795e+005	  3.0954386e+002	  3.6278702e-001	
  8.2220000e+000	  1.8481894e+005	  3.0954590e+002	  1.6844310e-001	
  8.2410000e+000	  7.1324607e+004	  3.0954774e+002	  3.6949269e-001	
  8.2620000e+000	  7.1353279e+004	  3.0954978e+002	  1.6713555e-001	
  8.2810000e+000	  7.1754681e+004	  3.0955162e+002	  7.5341909e-002	
  8.3020000e+000	  7.1254977e+004	  3.0955365e+002	  2.7576752e-001	
  8.3210000e+000	  7.1717817e+004	  3.0955549e+002	  3.6435812e-001	
  8.3420000e+000	  7.1701434e+004	  3.0955752e+002	  2.6983483e-001	
  8.3610000e+000	  7.1861176e+004	  3.0955935e+002	  1.2958817e-001	
  8.3850000e+000	  7.0906822e+004	  3.0956167e+002	  1.5036875e-001	
  8.4010000e+000	  7.1281600e+004	  3.0956321e+002	  1.0996158e-001	
  8.4220000e+000	  7.1801784e+004	  3.0956524e+002	  8.0550455e-003	
  8.4410000e+000	  7.1504829e+004	  3.0956707e+002	  2.1637823e-001	
  8.4620000e+000	  7.1658427e+004	  3.0956909e+002	  1.8466119e-002	
  8.4810000e+000	  7.1730105e+004	  3.0957091e+002	 -7.1165102e-003	
  8.5010000e+000	  7.1130051e+004	  3.0957283e+002	  5.6759211e-002	
  8.5250000e+000	  7.1558076e+004	  3.0957513e+002	 -5.3657937e-002	
  8.5410000e+000	  7.1799736e+004	  3.0957667e+002	  3.7218984e-003	
  8.5620000e+000	  7.1238593e+004	  3.0957868e+002	  7.8632425e-002	
  8.5820000e+000	  7.1812025e+004	  3.0958059e+002	 -1.6629202e-002	
  8.6030000e+000	  7.1662523e+004	  3.0958260e+002	 -1.9898839e-001	
  8.6210000e+000	  7.1496636e+004	  3.0958432e+002	 -1.3691957e-001	
  8.6420000e+000	  7.1547837e+004	  3.0958633e+002	 -1.3336959e-001	
  8.6610000e+000	  7.1306176e+004	  3.0958814e+002	 -1.2630107e-001	
  8.6850000e+000	  7.1658427e+004	  3.0959043e+002	 -7.7830870e-002	
  8.7010000e+000	  7.1664570e+004	  3.0959195e+002	 -7.5432235e-002	
  8.7220000e+000	  7.1433150e+004	  3.0959395e+002	 -3.2474362e-001	
  8.7410000e+000	  7.1424958e+004	  3.0959575e+002	 -5.2477822e-002	
  8.7650000e+000	  7.1752633e+004	  3.0959803e+002	 -3.6109984e-002	
  8.7810000e+000	  7.1496637e+004	  3.0959955e+002	 -2.4173014e-001	
  8.8020000e+000	  7.1513021e+004	  3.0960154e+002	 -1.4359354e-001	
  8.8220000e+000	  7.1777209e+004	  3.0960344e+002	 -2.6944892e-001	
  8.8410000e+000	  7.1562172e+004	  3.0960524e+002	 -1.3375160e-001	
  8.8610000e+000	  7.1105475e+004	  3.0960713e+002	 -1.8488690e-001	
  8.8810000e+000	  7.1414718e+004	  3.0960902e+002	 -7.1565606e-002	
  8.9010000e+000	  7.1130051e+004	  3.0961091e+002	 -2.0720457e-001	
  8.9210000e+000	  5.8831998e+005	  3.0961280e+002	 -2.0269326e-001	
  8.9440000e+000	  5.8988873e+005	  3.0961497e+002	 -1.6838389e-001	
  8.9620000e+000	  5.8887703e+005	  3.0961666e+002	 -2.0577890e-001	
  8.9810000e+000	  5.8598325e+005	  3.0961845e+002	 -2.4872131e-001	
  9.0010000e+000	  5.8722432e+005	  3.0962033e+002	 -1.7209878e-001	
  9.0210000e+000	  5.8887703e+005	  3.0962221e+002	 -2.6954007e-001	
  9.0410000e+000	  5.8754995e+005	  3.0962409e+002	 -3.6431003e-001	
  9.0620000e+000	  5.8680653e+005	  3.0962606e+002	  5.0487607e-002	
  9.0850000e+000	  5.8519888e+005	  3.0962821e+002	 -1.5052243e-001	
  9.1020000e+000	  5.8479543e+005	  3.0962980e+002	 -2.1246921e-001	
  9.1210000e+000	  5.8279866e+005	  3.0963158e+002	 -1.0020980e-001	
  9.1420000e+000	  5.8601807e+005	  3.0963354e+002	  2.3882965e-002	
  9.1620000e+000	  5.8385541e+005	  3.0963541e+002	 -2.0921523e-001	
  9.1820000e+000	  5.8307513e+005	  3.0963728e+002	 -2.4147037e-002	
  9.2010000e+000	  5.8161493e+005	  3.0963905e+002	  7.3332608e-002	
  9.2250000e+000	  5.8381650e+005	  3.0964129e+002	  7.4062985e-002	
  9.2410000e+000	  5.8045783e+005	  3.0964277e+002	  1.6203684e-002	
  9.2620000e+000	  5.8241159e+005	  3.0964473e+002	 -8.3450459e-002	
  9.2810000e+000	  5.8390456e+005	  3.0964649e+002	 -1.0920268e-002	
  9.3020000e+000	  5.8355436e+005	  3.0964844e+002	  3.6795610e-002	
  9.3210000e+000	  5.8192418e+005	  3.0965021e+002	  1.3437139e-001	
  9.3420000e+000	  5.8164360e+005	  3.0965215e+002	  7.2956495e-002	
  9.3610000e+000	  5.8170709e+005	  3.0965391e+002	  6.8202579e-002	
  9.3850000e+000	  5.8370386e+005	  3.0965613e+002	  1.5558814e-001	
  9.4010000e+000	  5.8114800e+005	  3.0965761e+002	  4.8218005e-002	
  9.4210000e+000	  5.8293792e+005	  3.0965946e+002	  3.7078797e-001	
  9.4410000e+000	  5.8181154e+005	  3.0966130e+002	  1.5457058e-001	
  9.4650000e+000	  5.8088176e+005	  3.0966352e+002	  3.6256207e-001	
  9.4810000e+000	  5.8393528e+005	  3.0966499e+002	  1.4894445e-001	
  9.5010000e+000	  5.8555523e+005	  3.0966683e+002	  3.7709046e-001	
  9.5240000e+000	  5.8792472e+005	  3.0966895e+002	  3.3268141e-001	
  9.5420000e+000	  5.8715878e+005	  3.0967060e+002	  1.7071333e-001	
  9.5620000e+000	  5.8862923e+005	  3.0967244e+002	  3.9517735e-001	
  9.5820000e+000	  5.8936649e+005	  3.0967427e+002	  1.3196655e-001	
  9.6020000e+000	  7.1873463e+004	  3.0967610e+002	  2.3687931e-001	
  9.6210000e+000	  7.1547836e+004	  3.0967784e+002	  2.7021661e-001	
  9.6420000e+000	  7.1824312e+004	  3.0967976e+002	  4.3053305e-001	
  9.6620000e+000	  7.1912375e+004	  3.0968159e+002	  3.4678728e-001	
  9.6850000e+000	  7.1218113e+004	  3.0968369e+002	  2.6568816e-001	
  9.7020000e+000	  7.1719866e+004	  3.0968524e+002	  1.2910564e-001	
  9.7220000e+000	  7.1201730e+004	  3.0968707e+002	  2.2583932e-001	
  9.7410000e+000	  7.1668667e+004	  3.0968880e+002	  2.1593998e-001	
  9.7620000e+000	  7.1926711e+004	  3.0969071e+002	  5.8132509e-002	
  9.7810000e+000	  7.1717817e+004	  3.0969244e+002	  3.1061413e-001	
  9.8050000e+000	  7.1752633e+004	  3.0969462e+002	  3.1501936e-002	
  9.8210000e+000	  7.2063924e+004	  3.0969607e+002	 -1.4283268e-002	
  9.8420000e+000	  7.1109571e+004	  3.0969797e+002	  7.2771057e-002	
  9.8610000e+000	  7.1588796e+004	  3.0969969e+002	 -2.7027769e-002	
  9.8840000e+000	  7.1365567e+004	  3.0970178e+002	  7.1431384e-002	
  9.9010000e+000	  7.1302080e+004	  3.0970331e+002	  5.9665842e-002	
  9.9220000e+000	  7.1433150e+004	  3.0970521e+002	  1.9207556e-001	
  9.9440000e+000	  7.1775161e+004	  3.0970720e+002	  9.8562242e-002	
  9.9620000e+000	  7.1222209e+004	  3.0970882e+002	  1.3389748e-001	
  9.9810000e+000	  7.1103427e+004	  3.0971053e+002	 -1.6732840e-001	
  1.0002000e+001	  7.1685050e+004	  3.0971242e+002	 -5.7524232e-002	
  1.0025000e+001	  7.1707578e+004	  3.0971449e+002	 -2.3357019e-002	
  1.0042000e+001	  7.1814072e+004	  3.0971602e+002	 -1.8621822e-002	
  1.0062000e+001	  7.1338943e+004	  3.0971782e+002	  8.9044890e-002	
  1.0082000e+001	  7.1873463e+004	  3.0971961e+002	 -7.5445568e-002	
  1.0102000e+001	  7.1449534e+004	  3.0972140e+002	 -7.5373749e-002	
  1.0122000e+001	  7.1551932e+004	  3.0972320e+002	 -8.3511676e-002	
  1.0142000e+001	  7.1156674e+004	  3.0972499e+002	 -2.0170695e-001	
  1.0168000e+001	  7.1050180e+004	  3.0972731e+002	  2.7438236e-002	
  1.0182000e+001	  7.1863224e+004	  3.0972856e+002	 -1.5133630e-001	
  1.0204000e+001	  7.1248833e+004	  3.0973052e+002	 -1.6982015e-001	
  1.0222000e+001	  7.1373759e+004	  3.0973213e+002	 -2.9495064e-001	
  1.0241000e+001	  7.1177154e+004	  3.0973382e+002	 -1.4398023e-001	
  1.0262000e+001	  7.1611323e+004	  3.0973569e+002	 -2.3237148e-001	
  1.0285000e+001	  7.1508925e+004	  3.0973773e+002	 -2.3809855e-001	
  1.0302000e+001	  5.9865403e+005	  3.0973924e+002	 -3.8134343e-001	
  1.0322000e+001	  5.9646066e+005	  3.0974102e+002	 -3.3058651e-001	
  1.0342000e+001	  5.9283371e+005	  3.0974279e+002	 -2.8599867e-001	
  1.0362000e+001	  5.9381059e+005	  3.0974456e+002	 -1.8109943e-001	
  1.0382000e+001	  5.9360169e+005	  3.0974633e+002	 -2.7270213e-001	
  1.0401000e+001	  5.9127111e+005	  3.0974802e+002	 -4.5790026e-001	
  1.0422000e+001	  5.9191826e+005	  3.0974987e+002	 -2.7831131e-001	
  1.0444000e+001	  5.8870090e+005	  3.0975181e+002	 -3.7757130e-002	
  1.0462000e+001	  5.8647271e+005	  3.0975340e+002	 -2.1822250e-001	
  1.0481000e+001	  5.8767897e+005	  3.0975507e+002	 -1.0728469e-001	
  1.0502000e+001	  5.8519683e+005	  3.0975692e+002	  5.1509734e-002	
  1.0521000e+001	  5.8535248e+005	  3.0975859e+002	 -1.1989841e-001	
  1.0542000e+001	  5.8802712e+005	  3.0976044e+002	 -5.1828568e-002	
  1.0564000e+001	  5.8467665e+005	  3.0976237e+002	 -2.6292088e-001	
  1.0582000e+001	  5.8566172e+005	  3.0976395e+002	  1.5669891e-001	
  1.0602000e+001	  5.8383493e+005	  3.0976570e+002	  2.3823843e-002	
  1.0622000e+001	  5.8566172e+005	  3.0976745e+002	 -1.0292297e-001	
  1.0642000e+001	  5.8750694e+005	  3.0976920e+002	 -4.5416857e-002	
  1.0662000e+001	  5.8672666e+005	  3.0977095e+002	  1.9867708e-001	
  1.0682000e+001	  5.8512310e+005	  3.0977270e+002	  2.7449758e-002	
  1.0702000e+001	  5.8499613e+005	  3.0977444e+002	  5.7237386e-002	
  1.0725000e+001	  5.8369977e+005	  3.0977644e+002	  2.2425612e-001	
  1.0742000e+001	  5.8505142e+005	  3.0977792e+002	  1.5010265e-001	
  1.0762000e+001	  5.8609384e+005	  3.0977966e+002	  2.0578167e-002	
  1.0782000e+001	  5.8824216e+005	  3.0978140e+002	  6.5408708e-002	
  1.0802000e+001	  5.8579893e+005	  3.0978314e+002	  1.7856105e-001	
  1.0822000e+001	  5.8701338e+005	  3.0978487e+002	  1.7426529e-001	
  1.0842000e+001	  5.8787967e+005	  3.0978661e+002	  2.3291259e-001	
  1.0861000e+001	  5.8945251e+005	  3.0978825e+002	  1.1400273e-001	
  1.0882000e+001	  5.8912688e+005	  3.0979007e+002	  1.3645070e-001	
  1.0904000e+001	  5.8820939e+005	  3.0979197e+002	  2.3520441e-001	
  1.0922000e+001	  5.9115847e+005	  3.0979352e+002	  2.4413655e-001	
  1.0942000e+001	  5.8862103e+005	  3.0979525e+002	  2.2008119e-001	
  1.0962000e+001	  5.9041506e+005	  3.0979697e+002	  1.8844854e-001	
  1.0982000e+001	  7.1486397e+004	  3.0979869e+002	  2.5633742e-001	
  1.1002000e+001	  7.1539645e+004	  3.0980042e+002	  2.9700306e-001	
  1.1021000e+001	  7.1633851e+004	  3.0980205e+002	  1.4143254e-001	
  1.1042000e+001	  7.1701434e+004	  3.0980385e+002	  1.3922635e-001	
  1.1068000e+001	  7.1521213e+004	  3.0980608e+002	  2.4953210e-001	
  1.1082000e+001	  7.1332800e+004	  3.0980728e+002	  1.6559284e-001	
  1.1105000e+001	  7.1287744e+004	  3.0980925e+002	  1.4004551e-001	
  1.1121000e+001	  7.1734201e+004	  3.0981062e+002	  2.7066056e-001	
  1.1142000e+001	  7.1513021e+004	  3.0981241e+002	  1.9127286e-001	
  1.1162000e+001	  7.1723961e+004	  3.0981412e+002	 -3.4298992e-002	
  1.1185000e+001	  7.1465918e+004	  3.0981608e+002	  1.2311247e-001	
  1.1202000e+001	  7.1840696e+004	  3.0981753e+002	  5.4198162e-002	
  1.1222000e+001	  7.1365567e+004	  3.0981923e+002	  1.3509514e-001	
  1.1242000e+001	  7.1758777e+004	  3.0982093e+002	  1.9227829e-001	
  1.1262000e+001	  7.1445438e+004	  3.0982263e+002	 -6.9276952e-002	
  1.1282000e+001	  7.1521213e+004	  3.0982433e+002	  2.5828156e-003	
  1.1302000e+001	  7.1277504e+004	  3.0982603e+002	 -2.8035321e-002	
  1.1321000e+001	  7.1779257e+004	  3.0982764e+002	 -2.5305633e-001	
  1.1342000e+001	  7.1496637e+004	  3.0982941e+002	 -4.5324163e-002	
  1.1362000e+001	  7.1693242e+004	  3.0983111e+002	 -4.7897664e-002	
  1.1382000e+001	  7.1496637e+004	  3.0983279e+002	  1.1368833e-001	
  1.1401000e+001	  7.1443390e+004	  3.0983440e+002	 -8.0910456e-002	
  1.1422000e+001	  7.1648186e+004	  3.0983617e+002	 -5.7595772e-002	
  1.1445000e+001	  7.1480253e+004	  3.0983811e+002	 -2.6764249e-002	
  1.1462000e+001	  7.1482301e+004	  3.0983954e+002	 -8.9990645e-003	
  1.1481000e+001	  7.1252928e+004	  3.0984113e+002	 -2.5579144e-001	
  1.1505000e+001	  7.1646139e+004	  3.0984315e+002	 -2.5132934e-001	
  1.1521000e+001	  7.1553980e+004	  3.0984449e+002	 -3.9157389e-001	
  1.1542000e+001	  7.1527357e+004	  3.0984625e+002	 -1.4425083e-001	
  1.1564000e+001	  7.1433150e+004	  3.0984810e+002	 -4.7472170e-002	
  1.1582000e+001	  7.1414718e+004	  3.0984960e+002	 -1.1953827e-001	
  1.1602000e+001	  7.1842744e+004	  3.0985127e+002	 -2.8373038e-001	
  1.1622000e+001	  7.1822264e+004	  3.0985294e+002	 -1.7490615e-001	
  1.1642000e+001	  7.1312320e+004	  3.0985461e+002	 -2.8885340e-001	
  1.1662000e+001	  3.0430972e+005	  3.0985628e+002	 -3.8163456e-001	
  1.1682000e+001	  5.9056660e+005	  3.0985794e+002	 -2.8148125e-001	
  1.1702000e+001	  5.9225004e+005	  3.0985961e+002	 -1.3770160e-001	
  1.1722000e+001	  5.9245688e+005	  3.0986127e+002	 -1.1936398e-001	
  1.1745000e+001	  5.9221317e+005	  3.0986318e+002	 -1.1828631e-001	
  1.1762000e+001	  5.9305284e+005	  3.0986459e+002	 -1.6951732e-001	
  1.1782000e+001	  5.9464206e+005	  3.0986625e+002	 -2.1551531e-001	
  1.1806000e+001	  5.9169913e+005	  3.0986823e+002	 -1.7289666e-001	
  1.1822000e+001	  5.9329450e+005	  3.0986956e+002	 -2.1515425e-001	
  1.1842000e+001	  5.9277432e+005	  3.0987121e+002	 -6.1384835e-002	
  1.1862000e+001	  5.9135917e+005	  3.0987286e+002	 -7.1956959e-002	
  1.1885000e+001	  5.9031061e+005	  3.0987476e+002	 -9.3198714e-002	
  1.1902000e+001	  5.9391503e+005	  3.0987616e+002	  1.0074672e-001	
  1.1922000e+001	  5.9246302e+005	  3.0987780e+002	  8.4270963e-005	
  1.1942000e+001	  5.9258795e+005	  3.0987945e+002	  1.4368544e-001	
  1.1962000e+001	  5.9196946e+005	  3.0988109e+002	  1.9251686e-001	
  1.1982000e+001	  5.9063828e+005	  3.0988273e+002	 -5.8046099e-002	
  1.2002000e+001	  5.9119738e+005	  3.0988437e+002	 -2.7960799e-003	
  1.2025000e+001	  5.8966550e+005	  3.0988625e+002	  4.8907910e-002	
  1.2042000e+001	  5.8945456e+005	  3.0988764e+002	  4.5234862e-002	
  1.2062000e+001	  5.9091681e+005	  3.0988928e+002	  6.8731597e-002	
  1.2082000e+001	  5.8798616e+005	  3.0989091e+002	  1.0974325e-002	
  1.2103000e+001	  5.8559414e+005	  3.0989262e+002	 -2.3855485e-002	
  1.2122000e+001	  5.8378783e+005	  3.0989417e+002	  1.1582420e-001	
  1.2143000e+001	  5.8380216e+005	  3.0989588e+002	  1.8767557e-001	
  1.2162000e+001	  5.8742707e+005	  3.0989743e+002	  7.9582227e-002	
  1.2182000e+001	  5.8513539e+005	  3.0989905e+002	  2.9673452e-001	
  1.2202000e+001	  5.8468074e+005	  3.0990067e+002	  1.2901034e-001	
  1.2226000e+001	  5.8384312e+005	  3.0990262e+002	  7.4473930e-002	
  1.2242000e+001	  5.8582351e+005	  3.0990391e+002	  1.9615313e-001	
  1.2262000e+001	  5.8586037e+005	  3.0990553e+002	  1.2152615e-001	
  1.2282000e+001	  5.8730419e+005	  3.0990715e+002	  2.1921635e-001	
  1.2302000e+001	  5.8732467e+005	  3.0990876e+002	  4.7325818e-001	
  1.2322000e+001	  5.8746803e+005	  3.0991038e+002	  1.3328682e-001	
  1.2346000e+001	  5.8708096e+005	  3.0991231e+002	  2.3813984e-001	
  1.2362000e+001	  7.1650235e+004	  3.0991360e+002	  3.8372467e-001	
  1.2382000e+001	  7.1513020e+004	  3.0991521e+002	  2.2750932e-001	
  1.2402000e+001	  7.1437246e+004	  3.0991681e+002	  2.2713988e-001	
  1.2422000e+001	  7.1504829e+004	  3.0991842e+002	  2.7738457e-001	
  1.2442000e+001	  7.1398335e+004	  3.0992002e+002	  2.9587881e-001	
  1.2465000e+001	  7.1678906e+004	  3.0992186e+002	 -1.3428718e-002	
  1.2482000e+001	  7.1807928e+004	  3.0992323e+002	  3.4603373e-001	
  1.2502000e+001	  7.1179202e+004	  3.0992482e+002	  1.4761923e-001	
  1.2525000e+001	  7.1537596e+004	  3.0992666e+002	  1.9573295e-001	
  1.2542000e+001	  7.1672763e+004	  3.0992802e+002	  1.4203021e-001	
  1.2562000e+001	  7.1760825e+004	  3.0992961e+002	  2.5586083e-001	
  1.2582000e+001	  7.1779257e+004	  3.0993120e+002	 -8.7999917e-002	
  1.2603000e+001	  7.1680954e+004	  3.0993287e+002	  1.0582658e-001	
  1.2623000e+001	  7.1427006e+004	  3.0993446e+002	 -1.2935220e-001	
  1.2643000e+001	  7.1656379e+004	  3.0993605e+002	  5.5009108e-002	
  1.2662000e+001	  7.1840696e+004	  3.0993755e+002	  7.8532709e-002	
  1.2683000e+001	  7.1728057e+004	  3.0993922e+002	 -1.9445168e-001	
  1.2702000e+001	  7.1519165e+004	  3.0994072e+002	 -2.7276046e-002	
  1.2722000e+001	  7.1451582e+004	  3.0994230e+002	 -7.0262081e-003	
  1.2742000e+001	  7.1250881e+004	  3.0994388e+002	  3.8107396e-002	
  1.2765000e+001	  7.1859127e+004	  3.0994569e+002	 -9.7176051e-002	
  1.2782000e+001	  7.1486397e+004	  3.0994703e+002	 -6.7586310e-002	
  1.2802000e+001	  7.1558076e+004	  3.0994861e+002	 -3.3461222e-002	
  1.2826000e+001	  7.1599035e+004	  3.0995049e+002	 -2.5670199e-001	
  1.2842000e+001	  7.1283648e+004	  3.0995175e+002	 -1.7154106e-001	
  1.2862000e+001	  7.1805881e+004	  3.0995332e+002	 -8.9196594e-002	
  1.2882000e+001	  7.1150531e+004	  3.0995489e+002	 -3.0221050e-001	
  1.2902000e+001	  7.1629755e+004	  3.0995645e+002	 -1.9580213e-001	
  1.2922000e+001	  7.1420862e+004	  3.0995802e+002	 -3.7089017e-002	
  1.2942000e+001	  7.1420862e+004	  3.0995958e+002	 -8.2532515e-002	
  1.2965000e+001	  7.1383999e+004	  3.0996138e+002	 -1.3590477e-001	
  1.2982000e+001	  7.1416767e+004	  3.0996270e+002	 -3.2904608e-001	
  1.3002000e+001	  7.1539644e+004	  3.0996426e+002	 -1.4125979e-001	
  1.3025000e+001	  7.1541692e+004	  3.0996605e+002	 -2.7298634e-001	
  1.3042000e+001	  5.8647681e+005	  3.0996737e+002	 -1.6517271e-001	
  1.3062000e+001	  5.8307309e+005	  3.0996892e+002	 -1.8200239e-001	
  1.3082000e+001	  5.8712602e+005	  3.0997047e+002	 -1.6598854e-001	
  1.3105000e+001	  5.8540572e+005	  3.0997226e+002	 -3.0772457e-001	
  1.3127000e+001	  5.7987416e+005	  3.0997396e+002	 -1.4783043e-001	
  1.3143000e+001	  5.8357893e+005	  3.0997520e+002	 -7.9685228e-002	
  1.3162000e+001	  5.8384312e+005	  3.0997666e+002	 -2.4535675e-001	
  1.3185000e+001	  5.8011787e+005	  3.0997844e+002	 -1.7698915e-001	
  1.3202000e+001	  5.8157807e+005	  3.0997975e+002	 -2.5345307e-001	
  1.3222000e+001	  5.8737997e+005	  3.0998129e+002	 -5.6364037e-002	
  1.3245000e+001	  5.8125654e+005	  3.0998306e+002	 -2.1128315e-001	
  1.3262000e+001	  5.8340691e+005	  3.0998436e+002	 -6.6318027e-002	
  1.3282000e+001	  5.8199790e+005	  3.0998590e+002	 -1.7250799e-001	
  1.3303000e+001	  5.8393119e+005	  3.0998751e+002	  3.4865434e-002	
  1.3322000e+001	  5.8069949e+005	  3.0998896e+002	 -7.4335988e-002	
  1.3343000e+001	  5.8254881e+005	  3.0999057e+002	 -6.6769124e-002	
  1.3362000e+001	  5.8573954e+005	  3.0999202e+002	 -1.7614659e-002	
  1.3386000e+001	  5.8284781e+005	  3.0999385e+002	  8.2583066e-002	
  1.3402000e+001	  5.8225800e+005	  3.0999507e+002	 -1.8729476e-001	
  1.3422000e+001	  5.8561052e+005	  3.0999659e+002	 -4.4144585e-002	
  1.3442000e+001	  5.8303827e+005	  3.0999812e+002	 -4.2001536e-002	
  1.3465000e+001	  5.8002571e+005	  3.0999986e+002	  3.4130743e-002	
  1.3485000e+001	  5.8432235e+005	  3.1000138e+002	  6.4868115e-002	
  1.3502000e+001	  5.8774655e+005	  3.1000267e+002	  7.2060402e-002	
  1.3525000e+001	  5.7983320e+005	  3.1000441e+002	  1.5014521e-001	
  1.3542000e+001	  5.8178082e+005	  3.1000570e+002	  2.8600774e-001	
  1.3562000e+001	  5.8561257e+005	  3.1000721e+002	  3.1327082e-002	
  1.3582000e+001	  5.8149206e+005	  3.1000872e+002	  2.2012491e-001	
  1.3603000e+001	  5.7997041e+005	  3.1001031e+002	  1.4137328e-003	
  1.3622000e+001	  5.8414417e+005	  3.1001174e+002	  1.6467807e-001	
  1.3643000e+001	  5.8552246e+005	  3.1001332e+002	  3.0828835e-001	
  1.3662000e+001	  5.8142038e+005	  3.1001475e+002	  1.6997344e-001	
  1.3683000e+001	  5.8631502e+005	  3.1001632e+002	  7.2271466e-002	
  1.3702000e+001	  5.8801893e+005	  3.1001775e+002	  2.1662580e-001	
  1.3726000e+001	  5.8070564e+005	  3.1001955e+002	  4.8550114e-001	
  1.3742000e+001	  7.1451582e+004	  3.1002075e+002	  2.6544074e-001	
  1.3763000e+001	  7.1390143e+004	  3.1002232e+002	  3.6968179e-002	
  1.3782000e+001	  7.1398335e+004	  3.1002373e+002	  1.5109853e-001	
  1.3803000e+001	  7.1486397e+004	  3.1002530e+002	  1.6926081e-001	
  1.3822000e+001	  7.1357375e+004	  3.1002672e+002	  2.1342800e-001	
  1.3843000e+001	  7.1562172e+004	  3.1002828e+002	  7.2977981e-002	
  1.3862000e+001	  7.1488446e+004	  3.1002969e+002	  1.4996392e-001	
  1.3886000e+001	  7.1287744e+004	  3.1003148e+002	  1.4910809e-001	
  1.3902000e+001	  7.1556028e+004	  3.1003266e+002	  9.2547541e-002	
  1.3922000e+001	  7.1873463e+004	  3.1003415e+002	  1.4337195e-001	
  1.3942000e+001	  7.1683002e+004	  3.1003563e+002	  1.1680815e-001	
  1.3962000e+001	  7.1263168e+004	  3.1003711e+002	  4.8416045e-002	
  1.3982000e+001	  7.1498685e+004	  3.1003858e+002	  1.1517289e-002	
  1.4006000e+001	  7.1734201e+004	  3.1004035e+002	  5.7179410e-002	
  1.4022000e+001	  7.1719866e+004	  3.1004153e+002	  6.3983126e-002	
  1.4046000e+001	  7.1529404e+004	  3.1004330e+002	  4.3038480e-002	
  1.4062000e+001	  7.1590844e+004	  3.1004448e+002	 -3.3925586e-003	
  1.4082000e+001	  7.1740345e+004	  3.1004594e+002	  9.4991322e-003	
  1.4103000e+001	  7.1363519e+004	  3.1004749e+002	 -5.8523749e-002	
  1.4122000e+001	  7.1490493e+004	  3.1004888e+002	 -2.5512777e-001	
  1.4143000e+001	  7.1650234e+004	  3.1005042e+002	 -1.2494575e-001	
  1.4165000e+001	  7.1322560e+004	  3.1005202e+002	 -3.0441917e-001	
  1.4183000e+001	  7.1672762e+004	  3.1005334e+002	  2.3095337e-004	
  1.4202000e+001	  7.1158722e+004	  3.1005472e+002	 -2.1297827e-001	
  1.4223000e+001	  7.1558076e+004	  3.1005626e+002	 -1.1340224e-001	
  1.4242000e+001	  7.1723962e+004	  3.1005764e+002	 -2.1970086e-001	
  1.4265000e+001	  7.1734201e+004	  3.1005931e+002	 -9.6416730e-002	
  1.4282000e+001	  7.1459773e+004	  3.1006055e+002	 -2.6273468e-001	
  1.4302000e+001	  7.1289792e+004	  3.1006200e+002	 -1.7753024e-001	
  1.4322000e+001	  7.1181250e+004	  3.1006345e+002	 -1.9750971e-001	
  1.4346000e+001	  7.1179202e+004	  3.1006518e+002	 -2.4387142e-001	
  1.4362000e+001	  7.2053685e+004	  3.1006634e+002	 -3.5994337e-001	
  1.4383000e+001	  7.1408574e+004	  3.1006786e+002	 -1.9483590e-001	
  1.4402000e+001	  7.1392191e+004	  3.1006923e+002	 -4.7104472e-001	
  1.4423000e+001	  5.8824421e+005	  3.1007074e+002	 -4.7034962e-002	
  1.4442000e+001	  5.9269854e+005	  3.1007211e+002	 -3.1659500e-001	
  1.4466000e+001	  5.8830769e+005	  3.1007383e+002	 -2.8961708e-001	
  1.4482000e+001	  5.8653415e+005	  3.1007498e+002	 -3.0285361e-001	
  1.4503000e+001	  5.9108064e+005	  3.1007649e+002	 -2.4630894e-001	
  1.4522000e+001	  5.9559642e+005	  3.1007785e+002	 -1.0778248e-001	
  1.4543000e+001	  5.8822782e+005	  3.1007935e+002	 -1.1175945e-001	
  1.4562000e+001	  5.8919037e+005	  3.1008071e+002	 -8.7848169e-002	
  1.4582000e+001	  5.8933168e+005	  3.1008214e+002	 -5.7920594e-002	
  1.4603000e+001	  5.8606107e+005	  3.1008363e+002	 -1.1708310e-001	
  1.4626000e+001	  5.8330041e+005	  3.1008527e+002	 -2.7859574e-002	
  1.4643000e+001	  5.8607131e+005	  3.1008648e+002	  3.7945629e-002	
  1.4662000e+001	  5.8638875e+005	  3.1008783e+002	 -1.6395966e-001	
  1.4683000e+001	  5.8374277e+005	  3.1008932e+002	  4.8988490e-002	
  1.4702000e+001	  5.8387589e+005	  3.1009067e+002	  3.0713165e-002	
  1.4723000e+001	  5.8472785e+005	  3.1009216e+002	  1.8206864e-002	
  1.4742000e+001	  5.8378168e+005	  3.1009350e+002	 -1.9780949e-001	
  1.4765000e+001	  5.8607951e+005	  3.1009512e+002	 -1.1480591e-001	
  1.4782000e+001	  5.8507805e+005	  3.1009632e+002	  6.0183585e-002	
  1.4803000e+001	  5.8578050e+005	  3.1009780e+002	 -1.8968749e-001	
  1.4825000e+001	  5.7974104e+005	  3.1009935e+002	  3.3248009e-002	
  1.4843000e+001	  5.8344377e+005	  3.1010062e+002	  1.1258958e-001	
  1.4862000e+001	  5.8577641e+005	  3.1010195e+002	  5.2696385e-002	
  1.4882000e+001	  5.8396395e+005	  3.1010336e+002	  1.0052306e-001	
  1.4905000e+001	  5.8278432e+005	  3.1010497e+002	  1.7941590e-001	
  1.4923000e+001	  5.8595458e+005	  3.1010623e+002	  3.0751418e-001	
  1.4942000e+001	  5.8247303e+005	  3.1010756e+002	  1.1456234e-001	
  1.4966000e+001	  5.8189550e+005	  3.1010923e+002	  1.2184688e-001	
  1.4982000e+001	  5.8299117e+005	  3.1011035e+002	  2.6125010e-001	
  1.5005000e+001	  5.8017316e+005	  3.1011195e+002	  6.4690758e-002	
  1.5022000e+001	  5.7880922e+005	  3.1011313e+002	  3.8931301e-001	
  1.5042000e+001	  5.8140809e+005	  3.1011452e+002	  2.5961283e-001	
  1.5065000e+001	  5.8223956e+005	  3.1011612e+002	  1.7138545e-001	
  1.5082000e+001	  5.8143471e+005	  3.1011730e+002	  1.9084072e-001	
  1.5103000e+001	  4.6465953e+005	  3.1011875e+002	  2.4553221e-001	
  1.5123000e+001	  7.1340992e+004	  3.1012013e+002	  2.2167975e-001	
  1.5143000e+001	  7.1437246e+004	  3.1012151e+002	  1.9393847e-001	
  1.5163000e+001	  7.1449534e+004	  3.1012289e+002	  3.6404720e-001	
  1.5183000e+001	  7.1900087e+004	  3.1012427e+002	  2.7923795e-001	
  1.5205000e+001	  7.1760825e+004	  3.1012579e+002	  2.2025492e-001	
  1.5223000e+001	  7.1173058e+004	  3.1012702e+002	  3.1305470e-001	
  1.5242000e+001	  7.1326655e+004	  3.1012833e+002	  1.6501951e-001	
  1.5267000e+001	  7.1379902e+004	  3.1013004e+002	  1.2254929e-001	
  1.5282000e+001	  7.1582652e+004	  3.1013107e+002	  1.8382741e-001	
  1.5303000e+001	  7.1816120e+004	  3.1013251e+002	  8.6542588e-002	
  1.5322000e+001	  7.1652283e+004	  3.1013380e+002	  2.0241984e-001	
  1.5343000e+001	  7.1388095e+004	  3.1013524e+002	  1.3566265e-001	
  1.5362000e+001	  7.1775160e+004	  3.1013653e+002	 -8.6978493e-002	
  1.5383000e+001	  7.1642043e+004	  3.1013796e+002	  8.1073042e-002	
  1.5402000e+001	  7.1556028e+004	  3.1013925e+002	 -1.2172613e-001	
  1.5426000e+001	  7.1289792e+004	  3.1014088e+002	  5.9548514e-003	
  1.5442000e+001	  7.1547836e+004	  3.1014197e+002	 -1.1293757e-001	
  1.5463000e+001	  7.1586748e+004	  3.1014339e+002	 -3.7004780e-002	
  1.5482000e+001	  7.1908279e+004	  3.1014468e+002	 -6.8616221e-003	
  1.5506000e+001	  7.1670714e+004	  3.1014630e+002	 -2.0353221e-001	
  1.5522000e+001	  7.1224257e+004	  3.1014738e+002	 -1.4013411e-001	
  1.5543000e+001	  7.1848888e+004	  3.1014879e+002	 -1.5432067e-001	
  1.5562000e+001	  7.1674810e+004	  3.1015007e+002	 -1.7266458e-001	
  1.5582000e+001	  7.1494589e+004	  3.1015142e+002	 -2.7779484e-001	
  1.5603000e+001	  7.1220161e+004	  3.1015283e+002	 -5.5623939e-002	
  1.5622000e+001	  7.1855032e+004	  3.1015410e+002	 -1.1114078e-001	
  1.5646000e+001	  7.1510973e+004	  3.1015571e+002	 -1.6410116e-001	
  1.5662000e+001	  7.1547836e+004	  3.1015678e+002	 -3.4991121e-001	
  1.5683000e+001	  7.1588796e+004	  3.1015818e+002	 -2.4343077e-001	
  1.5702000e+001	  7.1920567e+004	  3.1015945e+002	 -2.2210557e-001	
  1.5726000e+001	  7.1478205e+004	  3.1016105e+002	 -3.4129985e-001	
  1.5742000e+001	  7.0933446e+004	  3.1016212e+002	 -2.1682130e-001	
  1.5763000e+001	  7.1719866e+004	  3.1016351e+002	 -1.7304457e-001	
  1.5782000e+001	  7.1764921e+004	  3.1016477e+002	 -2.5809125e-001	
  1.5803000e+001	  5.8745164e+005	  3.1016617e+002	 -3.1520069e-001	
  1.5822000e+001	  5.8789810e+005	  3.1016743e+002	 -2.7009298e-001	
  1.5843000e+001	  5.8677991e+005	  3.1016882e+002	 -7.0258649e-002	
  1.5865000e+001	  5.8656692e+005	  3.1017027e+002	 -3.0598917e-001	
  1.5883000e+001	  5.8778546e+005	  3.1017146e+002	 -3.5026721e-002	
  1.5902000e+001	  5.8858417e+005	  3.1017271e+002	 -3.5031791e-002	
  1.5923000e+001	  5.8854321e+005	  3.1017409e+002	 -8.8665570e-002	
  1.5942000e+001	  5.8723661e+005	  3.1017534e+002	 -1.8879633e-001	
  1.5963000e+001	  5.8578869e+005	  3.1017672e+002	 -3.0366784e-001	
  1.5982000e+001	  5.8544054e+005	  3.1017797e+002	 -1.3209910e-001	
  1.6003000e+001	  5.8545487e+005	  3.1017934e+002	 -1.3936392e-001	
  1.6022000e+001	  5.8660583e+005	  3.1018058e+002	 -9.4455594e-002	
  1.6043000e+001	  5.8457425e+005	  3.1018196e+002	 -1.2956300e-001	
  1.6062000e+001	  5.8330656e+005	  3.1018320e+002	 -6.3858320e-003	
  1.6083000e+001	  5.8064215e+005	  3.1018456e+002	 -9.0188149e-002	
  1.6103000e+001	  5.8096982e+005	  3.1018587e+002	 -1.8628606e-001	
  1.6122000e+001	  5.8150844e+005	  3.1018710e+002	 -2.3842276e-001	
  1.6146000e+001	  5.8297683e+005	  3.1018866e+002	  1.6078591e-001	
  1.6162000e+001	  5.8569653e+005	  3.1018970e+002	  1.1371602e-002	
  1.6183000e+001	  5.8475242e+005	  3.1019106e+002	 -3.4620081e-002	
  1.6202000e+001	  5.8413393e+005	  3.1019228e+002	  7.6525859e-002	
  1.6226000e+001	  5.8422609e+005	  3.1019383e+002	 -5.2167616e-002	
  1.6243000e+001	  5.8522755e+005	  3.1019493e+002	  1.3138336e-001	
  1.6263000e+001	  5.8006257e+005	  3.1019622e+002	  1.6246437e-001	
  1.6282000e+001	  5.8221294e+005	  3.1019744e+002	  6.6871379e-002	
  1.6303000e+001	  5.8127292e+005	  3.1019879e+002	  1.1015575e-001	
  1.6322000e+001	  5.8177058e+005	  3.1020001e+002	  6.8461061e-002	
  1.6343000e+001	  5.7993560e+005	  3.1020135e+002	  1.8490683e-001	
  1.6365000e+001	  5.7912665e+005	  3.1020276e+002	  1.7972824e-001	
  1.6383000e+001	  5.7794702e+005	  3.1020391e+002	  1.9595788e-001	
  1.6402000e+001	  5.7812110e+005	  3.1020512e+002	  2.3085203e-001	
  1.6423000e+001	  5.7648272e+005	  3.1020646e+002	  6.2194269e-002	
  1.6443000e+001	  5.7872525e+005	  3.1020774e+002	  1.7320174e-001	
  1.6463000e+001	  5.7790606e+005	  3.1020901e+002	  4.6463277e-001	
  1.6482000e+001	  7.2508334e+004	  3.1021021e+002	  2.5457328e-001	
  1.6505000e+001	  7.1672762e+004	  3.1021167e+002	  2.7940783e-001	
  1.6522000e+001	  7.1687098e+004	  3.1021275e+002	  1.5966293e-001	
  1.6543000e+001	  7.1650235e+004	  3.1021408e+002	  2.4213061e-001	
  1.6562000e+001	  7.1330751e+004	  3.1021528e+002	  2.0280754e-001	
  1.6586000e+001	  7.1662522e+004	  3.1021679e+002	  2.5751262e-001	
  1.6603000e+001	  7.1470014e+004	  3.1021786e+002	  2.7293234e-001	
  1.6626000e+001	  7.1383999e+004	  3.1021931e+002	  5.6821660e-002	
  1.6643000e+001	  7.1678906e+004	  3.1022037e+002	  5.5729568e-002	
  1.6662000e+001	  7.1171010e+004	  3.1022157e+002	  1.9146644e-001	
  1.6683000e+001	  7.1164866e+004	  3.1022288e+002	  2.0477139e-001	
  1.6703000e+001	  7.1678906e+004	  3.1022413e+002	 -5.6020133e-002	
  1.6723000e+001	  7.1508925e+004	  3.1022538e+002	  1.6923019e-001	
  1.6743000e+001	  7.1453630e+004	  3.1022663e+002	  7.1401370e-002	
  1.6766000e+001	  7.1750586e+004	  3.1022806e+002	 -2.8738536e-002	
  1.6782000e+001	  7.1162818e+004	  3.1022906e+002	 -7.2245275e-002	
  1.6803000e+001	  7.1955382e+004	  3.1023037e+002	  8.5576250e-003	
  1.6822000e+001	  7.1613371e+004	  3.1023154e+002	 -1.7013174e-001	
  1.6846000e+001	  7.1441342e+004	  3.1023303e+002	  1.5374048e-001	
  1.6863000e+001	  7.1367615e+004	  3.1023408e+002	  4.7872166e-002	
  1.6883000e+001	  7.1826360e+004	  3.1023532e+002	 -3.5561726e-003	
  1.6902000e+001	  7.1302080e+004	  3.1023649e+002	 -1.4916581e-001	
  1.6923000e+001	  7.1506877e+004	  3.1023779e+002	 -1.9875492e-001	
  1.6943000e+001	  7.1314368e+004	  3.1023902e+002	 -1.0298520e-001	
  1.6963000e+001	  7.1461821e+004	  3.1024025e+002	 -1.4727191e-001	
  1.6983000e+001	  7.1693242e+004	  3.1024148e+002	 -8.6536889e-002	
  1.7003000e+001	  7.1424958e+004	  3.1024270e+002	 -1.0988511e-001	
  1.7022000e+001	  7.1533500e+004	  3.1024387e+002	 -1.9130543e-001	
  1.7047000e+001	  7.1766969e+004	  3.1024539e+002	 -2.3567795e-001	
  1.7062000e+001	  7.1527357e+004	  3.1024631e+002	 -9.4454594e-002	
  1.7083000e+001	  7.1308224e+004	  3.1024759e+002	 -2.4062327e-001	
  1.7103000e+001	  7.1609276e+004	  3.1024881e+002	 -3.1910458e-001	
  1.7127000e+001	  7.1150530e+004	  3.1025027e+002	 -2.0812635e-001	
  1.7143000e+001	  7.1074755e+004	  3.1025124e+002	 -3.7197468e-001	
  1.7163000e+001	  7.1547836e+004	  3.1025245e+002	 -1.7061277e-001	
  1.7183000e+001	  5.8248942e+005	  3.1025366e+002	 -1.8193107e-001	
  1.7203000e+001	  5.8170300e+005	  3.1025487e+002	 -1.3877145e-001	
  1.7223000e+001	  5.8651163e+005	  3.1025608e+002	 -3.3459343e-001	
  1.7243000e+001	  5.8105584e+005	  3.1025728e+002	 -1.7430688e-001	
  1.7263000e+001	  5.7995813e+005	  3.1025849e+002	 -3.1024691e-001	
  1.7282000e+001	  5.8360351e+005	  3.1025963e+002	 -2.0817869e-001	
  1.7303000e+001	  5.8183816e+005	  3.1026089e+002	 -2.3755358e-001	
  1.7322000e+001	  5.7828289e+005	  3.1026203e+002	 -2.1934771e-001	
  1.7346000e+001	  5.8144086e+005	  3.1026347e+002	  1.5340318e-002	
  1.7362000e+001	  5.8015268e+005	  3.1026443e+002	 -9.5111530e-002	
  1.7383000e+001	  5.8073226e+005	  3.1026568e+002	 -1.9612087e-001	
  1.7405000e+001	  5.7922086e+005	  3.1026699e+002	  8.1885994e-002	
  1.7423000e+001	  5.8563919e+005	  3.1026806e+002	 -3.9094449e-002	
  1.7442000e+001	  5.8033290e+005	  3.1026919e+002	 -1.7004237e-001	
  1.7463000e+001	  5.7846925e+005	  3.1027044e+002	  4.5361901e-002	
  1.7482000e+001	  5.8087357e+005	  3.1027157e+002	 -1.0346533e-001	
  1.7503000e+001	  5.8589928e+005	  3.1027281e+002	  7.9791940e-003	
  1.7523000e+001	  5.8386565e+005	  3.1027399e+002	  1.4615178e-001	
  1.7543000e+001	  5.8509853e+005	  3.1027517e+002	  8.7518571e-003	
  1.7569000e+001	  5.8887089e+005	  3.1027671e+002	  2.4648667e-001	
  1.7583000e+001	  5.8272698e+005	  3.1027753e+002	 -2.0269482e-002	
  1.7606000e+001	  5.8058481e+005	  3.1027888e+002	  9.6336904e-002	
  1.7623000e+001	  5.8484458e+005	  3.1027988e+002	 -1.0849332e-001	
  1.7643000e+001	  5.8633755e+005	  3.1028105e+002	 -1.0533227e-001	
  1.7663000e+001	  5.7777704e+005	  3.1028222e+002	  9.5254754e-002	
  1.7684000e+001	  5.7902425e+005	  3.1028345e+002	  2.7801984e-001	
  1.7703000e+001	  5.7782210e+005	  3.1028456e+002	  1.6768946e-001	
  1.7723000e+001	  5.7667728e+005	  3.1028572e+002	  1.1944254e-001	
  1.7743000e+001	  5.7808628e+005	  3.1028689e+002	  1.4880476e-001	
  1.7766000e+001	  5.8064829e+005	  3.1028822e+002	  4.0808840e-001	
  1.7783000e+001	  5.7600555e+005	  3.1028921e+002	  2.6964074e-001	
  1.7803000e+001	  5.7403335e+005	  3.1029037e+002	  1.3280177e-001	
  1.7823000e+001	  5.7713807e+005	  3.1029153e+002	  1.2155959e-001	
  1.7843000e+001	  5.7933759e+005	  3.1029268e+002	  8.9333838e-002	
  1.7863000e+001	  7.1453630e+004	  3.1029384e+002	  2.4734889e-001	
  1.7883000e+001	  7.1160770e+004	  3.1029499e+002	  3.2279451e-001	
  1.7902000e+001	  7.1793593e+004	  3.1029608e+002	  5.2669140e-001	
  1.7923000e+001	  7.1427006e+004	  3.1029729e+002	  2.6866160e-001	
  1.7943000e+001	  7.1160770e+004	  3.1029843e+002	  1.7637401e-001	
  1.7963000e+001	  7.1435198e+004	  3.1029958e+002	  1.9067939e-001	
  1.7982000e+001	  7.1179202e+004	  3.1030067e+002	  1.3186479e-001	
  1.8003000e+001	  7.1289793e+004	  3.1030186e+002	  1.0676169e-001	
  1.8026000e+001	  7.1187393e+004	  3.1030318e+002	  7.8441394e-003	
  1.8043000e+001	  7.1244737e+004	  3.1030414e+002	 -8.9085984e-003	
  1.8063000e+001	  7.1793592e+004	  3.1030528e+002	  7.5987095e-002	
  1.8083000e+001	  7.1982006e+004	  3.1030641e+002	 -8.2356167e-003	
  1.8103000e+001	  7.1754681e+004	  3.1030755e+002	  2.0167476e-001	
  1.8126000e+001	  7.1564220e+004	  3.1030885e+002	  2.2205491e-001	
  1.8146000e+001	  7.1429054e+004	  3.1030998e+002	  1.0861424e-001	
  1.8163000e+001	  7.1211969e+004	  3.1031094e+002	  4.2517127e-002	
  1.8187000e+001	  7.1488445e+004	  3.1031229e+002	 -1.4483633e-001	
  1.8203000e+001	  7.1236545e+004	  3.1031319e+002	 -4.5241481e-002	
  1.8224000e+001	  7.1670715e+004	  3.1031437e+002	  1.2261284e-001	
  1.8243000e+001	  7.1443390e+004	  3.1031544e+002	  1.2435832e-001	
  1.8263000e+001	  7.1277504e+004	  3.1031656e+002	 -8.3171331e-002	
  1.8283000e+001	  7.1437246e+004	  3.1031767e+002	 -9.9956224e-002	
  1.8303000e+001	  7.1639995e+004	  3.1031879e+002	 -1.1274549e-001	
  1.8323000e+001	  7.1660474e+004	  3.1031990e+002	 -1.5686050e-001	
  1.8343000e+001	  7.1048132e+004	  3.1032102e+002	 -1.3549570e-001	
  1.8363000e+001	  7.1500733e+004	  3.1032213e+002	 -1.1649608e-001	
  1.8383000e+001	  7.1541692e+004	  3.1032324e+002	 -1.0199815e-001	
  1.8403000e+001	  7.1508924e+004	  3.1032435e+002	 -2.5018598e-001	
  1.8423000e+001	  7.0955973e+004	  3.1032545e+002	 -1.8461225e-001	
