  4.8828125e-002	  2.6235997e+000	 -1.8044495e+001	 -1.0622637e+001	 -7.4218581e+000	
  5.4931641e-002	  2.1746759e+000	 -1.6461664e+001	 -2.7863248e+001	  1.1401584e+001	
  7.0190430e-002	  2.0499358e+000	 -2.8284855e+001	 -2.0774006e+001	 -7.5108486e+000	
  7.9345703e-002	  1.4160913e+000	 -1.1719970e+001	  8.4090784e+000	 -2.0129048e+001	
  9.1552734e-002	  1.5900980e+000	 -1.9868364e+001	 -3.1141226e+001	  1.1272862e+001	
  1.0986328e-001	  1.2052413e+000	 -2.2744891e+001	 -2.7687462e+001	  4.9425708e+000	
  1.2817383e-001	  1.0863567e+000	 -2.0881607e+001	 -1.9512645e+001	 -1.3689628e+000	
  1.5869141e-001	  7.1808537e-001	  1.5284760e+000	 -3.3372798e+000	  4.8657558e+000	
  1.7089844e-001	  7.4760914e-001	 -1.7264225e+000	 -3.0091685e-001	 -1.4255057e+000	
  2.0751953e-001	  6.9854013e-001	 -2.2742238e+001	 -2.1315002e+001	 -1.4272357e+000	
  2.4414063e-001	  6.1548565e-001	 -2.2753745e+001	 -1.5005784e+001	 -7.7479607e+000	
  2.8076172e-001	  4.7211268e-001	 -2.5212142e+001	 -2.3742926e+001	 -1.4692153e+000	
  3.1738281e-001	  3.2827782e-001	 -2.3945041e+000	  5.3725028e+000	 -7.7670069e+000	
  3.9062500e-001	  3.7605812e-001	 -2.3841876e+001	 -9.7812291e+000	 -1.4060647e+001	
  4.6386719e-001	  2.7713408e-001	 -3.6857131e+001	 -1.6520600e+001	 -2.0336530e+001	
  5.3710938e-001	  2.7798452e-001	 -3.3884058e+001	 -2.6080045e+001	 -7.8040122e+000	
  6.1035156e-001	  2.2709801e-001	 -3.1739959e+001	 -2.3910173e+001	 -7.8297862e+000	
  7.3242188e-001	  2.1157908e-001	 -1.8989283e+001	 -2.3719400e+001	  4.7301174e+000	
  8.3007813e-001	  1.4957714e-001	 -2.6596701e+001	 -1.2504858e+001	 -1.4091844e+001	
  9.7656250e-001	  1.3314136e-001	 -3.2644380e+001	 -2.4860120e+001	 -7.7842594e+000	
