  4.8828125e-002	  2.6235997e+000	 -4.2524114e+002	
  5.4931641e-002	  2.1746759e+000	 -4.2673738e+002	
  7.0190430e-002	  2.0499358e+000	 -4.3033993e+002	
  7.9345703e-002	  1.4160913e+000	 -4.3330952e+002	
  9.1552734e-002	  1.5900980e+000	 -4.3411260e+002	
  1.0986328e-001	  1.2052413e+000	 -4.3681155e+002	
  1.2817383e-001	  1.0863567e+000	 -4.3843579e+002	
  1.5869141e-001	  7.1808537e-001	 -4.4121273e+002	
  1.7089844e-001	  7.4760914e-001	 -4.4167546e+002	
  2.0751953e-001	  6.9854013e-001	 -4.4177458e+002	
  2.4414063e-001	  6.1548565e-001	 -4.4392545e+002	
  2.8076172e-001	  4.7211268e-001	 -4.4417983e+002	
  3.1738281e-001	  3.2827782e-001	 -4.4501672e+002	
  3.9062500e-001	  3.7605812e-001	 -4.4561572e+002	
  4.6386719e-001	  2.7713408e-001	 -4.4519736e+002	
  5.3710938e-001	  2.7798452e-001	 -4.4713696e+002	
  6.1035156e-001	  2.2709801e-001	 -4.4861370e+002	
  7.3242188e-001	  2.1157908e-001	 -4.4898424e+002	
  8.3007813e-001	  1.4957714e-001	 -4.4740316e+002	
  9.7656250e-001	  1.3314136e-001	 -4.4600521e+002	
