   0.0000000e+00	   1.1980358e+05	   3.7551879e+06	   3.1529198e+04	   6.8365152e+02	   5.3129976e+01	   1.1910191e+02	   2.9543599e+02	
   3.4600000e+00	   1.1958600e+05	   4.1874782e+06	   3.6355672e+04	   6.8248485e+02	   5.7546571e+00	   1.1518088e+02	   2.9450821e+02	
   3.9480000e+00	   1.1987540e+05	   4.1867278e+06	   3.6311664e+04	   6.8248485e+02	   5.7549312e+00	   1.1529981e+02	   2.9450829e+02	
   4.4340000e+00	   1.1947220e+05	   4.1894216e+06	   3.6324122e+04	   6.8268182e+02	   5.7591037e+00	   1.1533442e+02	   2.9450836e+02	
   4.9210000e+00	   1.1986960e+05	   4.1772796e+06	   3.6280559e+04	   6.8237879e+02	   5.7505453e+00	   1.1513824e+02	   2.9450800e+02	
   5.4110000e+00	   1.2006600e+05	   4.1720254e+06	   3.6252966e+04	   6.8248485e+02	   5.7528051e+00	   1.1508094e+02	   2.9450786e+02	
   5.8880000e+00	   1.1979340e+05	   4.1782686e+06	   3.6275714e+04	   6.8237879e+02	   5.7602252e+00	   1.1518088e+02	   2.9450806e+02	
   6.3740000e+00	   1.1973860e+05	   4.1822830e+06	   3.6277767e+04	   6.8248485e+02	   5.7525883e+00	   1.1528502e+02	   2.9450820e+02	
   6.8610000e+00	   1.2036580e+05	   4.1729028e+06	   3.6291430e+04	   6.8257576e+02	   5.7490938e+00	   1.1498315e+02	   2.9450778e+02	
   7.3390000e+00	   1.1955120e+05	   4.1772216e+06	   3.6255141e+04	   6.8237879e+02	   5.7540247e+00	   1.1521736e+02	   2.9450806e+02	
   7.8170000e+00	   1.2009980e+05	   4.1798870e+06	   3.6336211e+04	   6.8248485e+02	   5.7550790e+00	   1.1503365e+02	   2.9450796e+02	
   8.2950000e+00	   1.2053200e+05	   4.1782734e+06	   3.6218274e+04	   6.8248485e+02	   5.7495950e+00	   1.1536368e+02	   2.9450820e+02	
   8.7770000e+00	   1.2017860e+05	   4.1772192e+06	   3.6323684e+04	   6.8268182e+02	   5.7535091e+00	   1.1499988e+02	   2.9450788e+02	
   9.2590000e+00	   1.1974060e+05	   4.1802882e+06	   3.6333468e+04	   6.8218182e+02	   5.7567713e+00	   1.1505338e+02	   2.9450799e+02	
   9.7470000e+00	   1.1997680e+05	   4.1845572e+06	   3.6425775e+04	   6.8268182e+02	   5.7609840e+00	   1.1487902e+02	   2.9450792e+02	
   1.0218000e+01	   1.2011840e+05	   4.1748920e+06	   3.6270961e+04	   6.8248485e+02	   5.7466401e+00	   1.1510288e+02	   2.9450792e+02	
   1.0696000e+01	   1.1956320e+05	   4.1859942e+06	   3.6342615e+04	   6.8237879e+02	   5.7581574e+00	   1.1518143e+02	   2.9450819e+02	
   1.1187000e+01	   1.1965320e+05	   4.1720468e+06	   3.6350393e+04	   6.8257576e+02	   5.7512975e+00	   1.1477309e+02	   2.9450758e+02	
   1.1668000e+01	   1.2028480e+05	   4.1817522e+06	   3.6250833e+04	   6.8257576e+02	   5.7600837e+00	   1.1535603e+02	   2.9450826e+02	
   1.2147000e+01	   1.2002160e+05	   4.1829794e+06	   3.6310765e+04	   6.8237879e+02	   5.7526792e+00	   1.1519943e+02	   2.9450815e+02	
   1.2619000e+01	   1.2022080e+05	   4.1829862e+06	   3.6296059e+04	   6.8237879e+02	   5.7520404e+00	   1.1524629e+02	   2.9450818e+02	
   1.3103000e+01	   1.2027060e+05	   4.1916850e+06	   3.6304247e+04	   6.8248485e+02	   5.7507268e+00	   1.1545991e+02	   2.9450848e+02	
   1.3580000e+01	   1.2035240e+05	   4.1845964e+06	   3.6378695e+04	   6.8218182e+02	   5.7512085e+00	   1.1502877e+02	   2.9450803e+02	
   1.4063000e+01	   1.2004440e+05	   4.1867936e+06	   3.6320987e+04	   6.8237879e+02	   5.7558449e+00	   1.1527202e+02	   2.9450827e+02	
   1.4551000e+01	   1.2045840e+05	   4.1748226e+06	   3.6281907e+04	   6.8237879e+02	   5.7491072e+00	   1.1506624e+02	   2.9450789e+02	
   1.5020000e+01	   1.2038600e+05	   4.1762660e+06	   3.6284914e+04	   6.8237879e+02	   5.7537253e+00	   1.1509648e+02	   2.9450795e+02	
   1.5490000e+01	   1.1977720e+05	   4.1726588e+06	   3.6258667e+04	   6.8248485e+02	   5.7505752e+00	   1.1508032e+02	   2.9450787e+02	
   1.5964000e+01	   1.1991800e+05	   4.1747998e+06	   3.6258820e+04	   6.8237879e+02	   5.7478820e+00	   1.1513888e+02	   2.9450795e+02	
   1.6432000e+01	   1.1979560e+05	   4.1794464e+06	   3.6296630e+04	   6.8268182e+02	   5.7521213e+00	   1.1514695e+02	   2.9450804e+02	
   1.6914000e+01	   1.1989480e+05	   4.1769966e+06	   3.6286249e+04	   6.8257576e+02	   5.7509852e+00	   1.1511239e+02	   2.9450797e+02	
   1.7390000e+01	   1.2021160e+05	   4.1768554e+06	   3.6230829e+04	   6.8248485e+02	   5.7463678e+00	   1.1528457e+02	   2.9450811e+02	
   1.7865000e+01	   1.1960760e+05	   4.1809254e+06	   3.6311155e+04	   6.8237879e+02	   5.7522887e+00	   1.1514163e+02	   2.9450806e+02	
   1.8356000e+01	   1.1927020e+05	   4.1910414e+06	   3.6404656e+04	   6.8268182e+02	   5.7600039e+00	   1.1512378e+02	   2.9450823e+02	
   1.8832000e+01	   1.1967880e+05	   4.1757402e+06	   3.6226243e+04	   6.8237879e+02	   5.7469794e+00	   1.1526838e+02	   2.9450807e+02	
   1.9308000e+01	   1.2015920e+05	   4.1806586e+06	   3.6259634e+04	   6.8248485e+02	   5.7466915e+00	   1.1529787e+02	   2.9450818e+02	
   1.9793000e+01	   1.1974600e+05	   4.1755318e+06	   3.6318638e+04	   6.8248485e+02	   5.7497423e+00	   1.1496939e+02	   2.9450782e+02	
   2.0270000e+01	   1.2009600e+05	   4.1855632e+06	   3.6350945e+04	   6.8268182e+02	   5.7535007e+00	   1.1514318e+02	   2.9450815e+02	
   2.0759000e+01	   1.2009680e+05	   4.1948896e+06	   3.6391999e+04	   6.8268182e+02	   1.0023685e+02	   1.1526956e+02	   3.7143405e+02	
   2.1237000e+01	   1.2017740e+05	   4.1893080e+06	   3.6346612e+04	   6.8248485e+02	   5.7533914e+00	   1.1525993e+02	   2.9450830e+02	
   2.1724000e+01	   1.1969740e+05	   4.1773264e+06	   3.6315134e+04	   6.8268182e+02	   5.7507334e+00	   1.1502991e+02	   2.9450791e+02	
   2.2208000e+01	   1.2005300e+05	   4.1751420e+06	   3.6283219e+04	   6.8248485e+02	   5.7445058e+00	   1.1507088e+02	   2.9450790e+02	
   2.2697000e+01	   1.1951900e+05	   4.1825652e+06	   3.6284012e+04	   6.8237879e+02	   5.7489638e+00	   1.1527295e+02	   2.9450819e+02	
   2.3169000e+01	   1.1989380e+05	   4.1762886e+06	   3.6271724e+04	   6.8248485e+02	   5.7512343e+00	   1.1513896e+02	   2.9450798e+02	
   2.3655000e+01	   1.2028740e+05	   4.1849034e+06	   3.6369427e+04	   6.8237879e+02	   5.7517255e+00	   1.1506652e+02	   2.9450807e+02	
   2.4130000e+01	   1.2002860e+05	   4.1836704e+06	   3.6344102e+04	   6.8248485e+02	   5.7490471e+00	   1.1511278e+02	   2.9450808e+02	
   2.4613000e+01	   1.1962520e+05	   4.1843392e+06	   3.6289710e+04	   6.8237879e+02	   5.7550829e+00	   1.1530374e+02	   2.9450825e+02	
   2.5097000e+01	   1.1960000e+05	   4.1824520e+06	   3.6257541e+04	   6.8248485e+02	   5.7546891e+00	   1.1535399e+02	   2.9450826e+02	
   2.5586000e+01	   1.1980260e+05	   4.1825146e+06	   3.6344161e+04	   6.8237879e+02	   5.7512961e+00	   1.1508079e+02	   2.9450804e+02	
   2.6056000e+01	   1.1908860e+05	   4.1855328e+06	   3.6372432e+04	   6.8268182e+02	   5.7596176e+00	   1.1507432e+02	   2.9450810e+02	
   2.6528000e+01	   1.1965400e+05	   4.1845630e+06	   3.6336925e+04	   6.8237879e+02	   5.7575667e+00	   1.1516007e+02	   2.9450815e+02	
   2.7013000e+01	   1.1988260e+05	   4.1996638e+06	   3.6468285e+04	   6.8248485e+02	   1.0003132e+02	   1.1515934e+02	   3.7143405e+02	
   2.7488000e+01	   1.1956440e+05	   4.1748498e+06	   3.6228623e+04	   6.8248485e+02	   5.7409898e+00	   1.1523622e+02	   2.9450803e+02	
   2.7970000e+01	   1.1983500e+05	   4.1883378e+06	   3.6411535e+04	   6.8278788e+02	   9.9937236e+01	   1.1502778e+02	   3.7143405e+02	
   2.8457000e+01	   1.1952760e+05	   4.1814062e+06	   3.6371179e+04	   6.8248485e+02	   5.7592329e+00	   1.1496482e+02	   2.9450793e+02	
   2.8940000e+01	   1.1997840e+05	   4.1766126e+06	   3.6285077e+04	   6.8268182e+02	   5.7541829e+00	   1.1510552e+02	   2.9450796e+02	
   2.9415000e+01	   1.1912960e+05	   4.1813864e+06	   3.6341628e+04	   6.8237879e+02	   5.7537982e+00	   1.1505776e+02	   2.9450800e+02	
   2.9885000e+01	   1.1971720e+05	   4.1828782e+06	   3.6380788e+04	   6.8248485e+02	   1.0000602e+02	   1.1497492e+02	   3.7143405e+02	
   3.0373000e+01	   1.2033720e+05	   4.1818496e+06	   3.6423921e+04	   6.8278788e+02	   1.0001414e+02	   1.1481053e+02	   3.7143405e+02	
   3.0847000e+01	   1.2018160e+05	   4.1851342e+06	   3.6336070e+04	   6.8268182e+02	   5.7510328e+00	   1.1517851e+02	   2.9450816e+02	
   3.1322000e+01	   1.1978540e+05	   4.1876356e+06	   3.6303846e+04	   6.8237879e+02	   5.7599685e+00	   1.1534964e+02	   2.9450835e+02	
   3.1806000e+01	   1.1962020e+05	   4.1819086e+06	   3.6401580e+04	   6.8248485e+02	   5.7556013e+00	   1.1488261e+02	   2.9450787e+02	
   3.2291000e+01	   1.1973160e+05	   4.1800222e+06	   3.6274304e+04	   6.8248485e+02	   5.7521045e+00	   1.1523370e+02	   2.9450812e+02	
   3.2767000e+01	   1.1958460e+05	   4.1774866e+06	   3.6252741e+04	   6.8218182e+02	   5.7526088e+00	   1.1523230e+02	   2.9450808e+02	
   3.3240000e+01	   1.2053460e+05	   4.1828668e+06	   3.6406226e+04	   6.8287879e+02	   1.0008109e+02	   1.1489427e+02	   3.7143405e+02	
   3.3718000e+01	   1.1969740e+05	   4.1812172e+06	   3.6306531e+04	   6.8237879e+02	   5.7551577e+00	   1.1516433e+02	   2.9450809e+02	
   3.4204000e+01	   1.1980180e+05	   4.1754574e+06	   3.6257579e+04	   6.8248485e+02	   5.7508536e+00	   1.1516095e+02	   2.9450798e+02	
   3.4682000e+01	   1.2025900e+05	   4.1801108e+06	   3.6356791e+04	   6.8268182e+02	   5.7520773e+00	   1.1497469e+02	   2.9450791e+02	
   3.5159000e+01	   1.2038560e+05	   4.1815494e+06	   3.6311848e+04	   6.8237879e+02	   5.7510474e+00	   1.1515661e+02	   2.9450809e+02	
   3.5637000e+01	   1.1956060e+05	   4.1787212e+06	   3.6235166e+04	   6.8218182e+02	   5.7601733e+00	   1.1532226e+02	   2.9450818e+02	
   3.6113000e+01	   1.2008060e+05	   4.1807044e+06	   3.6363885e+04	   6.8257576e+02	   5.7555272e+00	   1.1496859e+02	   2.9450792e+02	
   3.6588000e+01	   1.1994240e+05	   4.1700864e+06	   3.6196776e+04	   6.8207576e+02	   5.7591378e+00	   1.1520602e+02	   2.9450794e+02	
   3.7070000e+01	   1.1936200e+05	   4.1806750e+06	   3.6276127e+04	   6.8237879e+02	   5.7593566e+00	   1.1524590e+02	   2.9450815e+02	
   3.7602000e+01	   1.1971960e+05	   4.1823626e+06	   3.6288600e+04	   6.8237879e+02	   5.7562262e+00	   1.1525280e+02	   2.9450818e+02	
   3.8084000e+01	   1.2008620e+05	   4.1796010e+06	   3.6249430e+04	   6.8268182e+02	   5.7574072e+00	   1.1530115e+02	   2.9450818e+02	
   3.8570000e+01	   1.1907720e+05	   4.1816854e+06	   3.6385431e+04	   6.8248485e+02	   1.0003103e+02	   1.1492747e+02	   3.7143405e+02	
   3.9057000e+01	   1.1971640e+05	   4.1867062e+06	   3.6301912e+04	   6.8218182e+02	   5.7539144e+00	   1.1533018e+02	   2.9450831e+02	
   3.9534000e+01	   1.2012280e+05	   4.1773508e+06	   3.6254357e+04	   6.8237879e+02	   5.7560542e+00	   1.1522341e+02	   2.9450807e+02	
   4.0020000e+01	   1.2071680e+05	   4.1817902e+06	   3.6271251e+04	   6.8207576e+02	   5.7542552e+00	   1.1529214e+02	   2.9450820e+02	
   4.0505000e+01	   1.1990920e+05	   4.1808056e+06	   3.6355275e+04	   6.8257576e+02	   5.7465772e+00	   1.1499860e+02	   2.9450794e+02	
   4.0990000e+01	   1.1973760e+05	   4.1855052e+06	   3.6381213e+04	   6.8237879e+02	   5.7530457e+00	   1.1504579e+02	   2.9450807e+02	
   4.1466000e+01	   1.2031280e+05	   4.1771982e+06	   3.6232887e+04	   6.8237879e+02	   5.7556546e+00	   1.1528748e+02	   2.9450812e+02	
   4.1947000e+01	   1.1985540e+05	   4.1781640e+06	   3.6356404e+04	   6.8237879e+02	   5.7552623e+00	   1.1492237e+02	   2.9450783e+02	
   4.2434000e+01	   1.1963780e+05	   4.1807882e+06	   3.6316256e+04	   6.8237879e+02	   5.7506346e+00	   1.1512168e+02	   2.9450804e+02	
   4.2914000e+01	   1.1951120e+05	   4.1873502e+06	   3.6357300e+04	   6.8248485e+02	   1.0008382e+02	   1.1517220e+02	   3.7143405e+02	
   4.3400000e+01	   1.1985320e+05	   4.1835522e+06	   3.6273269e+04	   6.8248485e+02	   5.7564303e+00	   1.1533430e+02	   2.9450827e+02	
   4.3883000e+01	   1.1970160e+05	   4.1843568e+06	   3.6357336e+04	   6.8248485e+02	   5.7494792e+00	   1.1508975e+02	   2.9450808e+02	
   4.4368000e+01	   1.1942980e+05	   4.1887858e+06	   3.6317936e+04	   6.8237879e+02	   5.7534596e+00	   1.1533656e+02	   2.9450835e+02	
   4.4856000e+01	   1.1971520e+05	   4.1825564e+06	   3.6346735e+04	   6.8257576e+02	   5.7490665e+00	   1.1507379e+02	   2.9450803e+02	
   4.5350000e+01	   1.2012840e+05	   4.1830558e+06	   3.6375395e+04	   6.8248485e+02	   9.9996007e+01	   1.1499685e+02	   3.7143405e+02	
   4.5837000e+01	   1.1988200e+05	   4.1804886e+06	   3.6309850e+04	   6.8237879e+02	   1.0020065e+02	   1.1513374e+02	   3.7143405e+02	
   4.6323000e+01	   1.2019520e+05	   4.1793924e+06	   3.6303953e+04	   6.8248485e+02	   5.7536312e+00	   1.1512224e+02	   2.9450802e+02	
   4.6780000e+01	   1.2001500e+05	   4.1821790e+06	   3.6302020e+04	   6.8248485e+02	   5.7534252e+00	   1.1520513e+02	   2.9450814e+02	
   4.7240000e+01	   1.1940660e+05	   4.1745654e+06	   3.6302491e+04	   6.8248485e+02	   1.0013093e+02	   1.1499391e+02	   3.7143405e+02	
   4.7717000e+01	   1.1962300e+05	   4.1791636e+06	   3.6353998e+04	   6.8268182e+02	   5.7509319e+00	   1.1495747e+02	   2.9450788e+02	
   4.8204000e+01	   1.1911960e+05	   4.1846178e+06	   3.6341743e+04	   6.8218182e+02	   9.9934809e+01	   1.1514632e+02	   3.7143405e+02	
   4.8691000e+01	   1.1945140e+05	   4.1825532e+06	   3.6337130e+04	   6.8248485e+02	   5.7552197e+00	   1.1510411e+02	   2.9450806e+02	
   4.9170000e+01	   1.1967980e+05	   4.1798254e+06	   3.6368493e+04	   6.8268182e+02	   5.7563297e+00	   1.1492985e+02	   2.9450787e+02	
   4.9657000e+01	   1.2066900e+05	   4.1745950e+06	   3.6321717e+04	   6.8257576e+02	   5.7486604e+00	   1.1493386e+02	   2.9450777e+02	
   5.0128000e+01	   1.1956580e+05	   4.1799822e+06	   3.6360666e+04	   6.8268182e+02	   5.7519736e+00	   1.1495890e+02	   2.9450789e+02	
   5.0608000e+01	   1.1968660e+05	   4.1853354e+06	   3.6379084e+04	   6.8257576e+02	   5.7575470e+00	   1.1504785e+02	   2.9450807e+02	
   5.1093000e+01	   1.2032840e+05	   4.1823226e+06	   3.6359551e+04	   6.8268182e+02	   1.0021663e+02	   1.1502679e+02	   3.7143405e+02	
   5.1572000e+01	   1.1989160e+05	   4.1817844e+06	   3.6353034e+04	   6.8268182e+02	   5.7541710e+00	   1.1503261e+02	   2.9450799e+02	
   5.2045000e+01	   1.1995100e+05	   4.1828518e+06	   3.6384346e+04	   6.8248485e+02	   5.7526226e+00	   1.1496295e+02	   2.9450795e+02	
   5.2523000e+01	   1.1914060e+05	   4.1848816e+06	   3.6310351e+04	   6.8237879e+02	   5.7697647e+00	   1.1525313e+02	   2.9450824e+02	
   5.3000000e+01	   1.1969980e+05	   4.1768742e+06	   3.6320823e+04	   6.8268182e+02	   5.7627333e+00	   1.1499944e+02	   2.9450788e+02	
   5.3477000e+01	   1.1954380e+05	   4.1795916e+06	   3.6298247e+04	   6.8248485e+02	   5.7568852e+00	   1.1514583e+02	   2.9450805e+02	
   5.3957000e+01	   1.1933460e+05	   4.1897360e+06	   3.6444282e+04	   6.8248485e+02	   1.0010461e+02	   1.1496278e+02	   3.7143405e+02	
   5.4439000e+01	   1.1966800e+05	   4.1906922e+06	   3.6367965e+04	   6.8248485e+02	   5.7644158e+00	   1.1523032e+02	   2.9450831e+02	
   5.4942000e+01	   1.1936980e+05	   4.1800180e+06	   3.6389684e+04	   6.8268182e+02	   9.9997487e+01	   1.1486821e+02	   3.7143405e+02	
   5.5430000e+01	   1.2012140e+05	   4.1795666e+06	   3.6357922e+04	   6.8268182e+02	   5.7523675e+00	   1.1495615e+02	   2.9450789e+02	
   5.5917000e+01	   1.1995600e+05	   4.1808284e+06	   3.6353086e+04	   6.8237879e+02	   5.7580045e+00	   1.1500615e+02	   2.9450796e+02	
   5.6392000e+01	   1.1987080e+05	   4.1882838e+06	   3.6414368e+04	   6.8268182e+02	   5.7591365e+00	   1.1501734e+02	   2.9450810e+02	
   5.6869000e+01	   1.1991540e+05	   4.1852454e+06	   3.6326881e+04	   6.8248485e+02	   5.7582950e+00	   1.1521070e+02	   2.9450820e+02	
   5.7348000e+01	   1.1925920e+05	   4.1847170e+06	   3.6288914e+04	   6.8237879e+02	   5.7587067e+00	   1.1531668e+02	   2.9450827e+02	
   5.7833000e+01	   1.2009640e+05	   4.1763312e+06	   3.6339724e+04	   6.8268182e+02	   5.7526328e+00	   1.1492468e+02	   2.9450780e+02	
   5.8314000e+01	   1.1917820e+05	   4.1768854e+06	   3.6337232e+04	   6.8237879e+02	   5.7556525e+00	   1.1494782e+02	   2.9450783e+02	
   5.8797000e+01	   1.1958160e+05	   4.1753250e+06	   3.6341493e+04	   6.8237879e+02	   1.0012210e+02	   1.1489140e+02	   3.7143405e+02	
   5.9285000e+01	   1.1947340e+05	   4.1839940e+06	   3.6427753e+04	   6.8259091e+02	   5.7575894e+00	   1.1485732e+02	   2.9450789e+02	
   5.9760000e+01	   1.1936920e+05	   4.1714380e+06	   3.6275852e+04	   6.8248485e+02	   5.7557766e+00	   1.1499214e+02	   2.9450777e+02	
   6.0245000e+01	   1.2033440e+05	   4.1855586e+06	   3.6270042e+04	   6.8248485e+02	   5.7586649e+00	   1.1539988e+02	   2.9450835e+02	
   6.0724000e+01	   1.2011040e+05	   4.1803692e+06	   3.6307208e+04	   6.8237879e+02	   5.7603175e+00	   1.1513882e+02	   2.9450806e+02	
   6.1201000e+01	   1.1956620e+05	   4.1892986e+06	   3.6328003e+04	   6.8237879e+02	   5.7542103e+00	   1.1531871e+02	   2.9450834e+02	
   6.1687000e+01	   1.1932240e+05	   4.1872484e+06	   3.6342994e+04	   6.8248485e+02	   5.7591668e+00	   1.1521474e+02	   2.9450824e+02	
   6.2174000e+01	   1.2006420e+05	   4.1785204e+06	   3.6311792e+04	   6.8218182e+02	   5.7522303e+00	   1.1507337e+02	   2.9450797e+02	
   6.2655000e+01	   1.1978760e+05	   4.1758346e+06	   3.6280433e+04	   6.8237879e+02	   5.7519457e+00	   1.1509881e+02	   2.9450794e+02	
   6.3136000e+01	   1.1970780e+05	   4.1835658e+06	   3.6271965e+04	   6.8218182e+02	   5.7494353e+00	   1.1533882e+02	   2.9450826e+02	
   6.3610000e+01	   1.1949640e+05	   4.1843438e+06	   3.6366669e+04	   6.8257576e+02	   5.7511821e+00	   1.1505986e+02	   2.9450806e+02	
   6.4092000e+01	   1.1973700e+05	   4.1895500e+06	   3.6358206e+04	   6.8218182e+02	   5.7560540e+00	   1.1522983e+02	   2.9450828e+02	
   6.4580000e+01	   1.1919120e+05	   4.1843002e+06	   3.6362642e+04	   6.8227273e+02	   5.7546117e+00	   1.1507140e+02	   2.9450807e+02	
   6.5062000e+01	   1.1925460e+05	   4.1757482e+06	   3.6314045e+04	   6.8268182e+02	   5.7552448e+00	   1.1498990e+02	   2.9450785e+02	
   6.5552000e+01	   1.1992320e+05	   4.1856616e+06	   3.6411754e+04	   6.8237879e+02	   9.9867417e+01	   1.1495358e+02	   3.7143405e+02	
   6.6029000e+01	   1.2004000e+05	   4.1885652e+06	   3.6334170e+04	   6.8268182e+02	   5.7513817e+00	   1.1527896e+02	   2.9450830e+02	
   6.6490000e+01	   1.1969960e+05	   4.1822932e+06	   3.6278993e+04	   6.8237879e+02	   5.7539579e+00	   1.1528140e+02	   2.9450820e+02	
   6.6976000e+01	   1.1895480e+05	   4.1828982e+06	   3.6360278e+04	   6.8278788e+02	   5.7624881e+00	   1.1504033e+02	   2.9450803e+02	
   6.7463000e+01	   1.1897100e+05	   4.1762078e+06	   3.6296987e+04	   6.8248485e+02	   5.7509129e+00	   1.1505660e+02	   2.9450791e+02	
   6.7949000e+01	   1.1945560e+05	   4.1775098e+06	   3.6348514e+04	   6.8237879e+02	   5.7536856e+00	   1.1492931e+02	   2.9450783e+02	
   6.8421000e+01	   1.1948120e+05	   4.2029220e+06	   3.6378050e+04	   6.8268182e+02	   5.7642124e+00	   1.1553456e+02	   2.9450871e+02	
   6.8906000e+01	   1.1919520e+05	   4.1822662e+06	   3.6165432e+04	   6.8218182e+02	   5.7510038e+00	   1.1564264e+02	   2.9450847e+02	
   6.9387000e+01	   1.1984920e+05	   4.1860448e+06	   3.6361413e+04	   6.8248485e+02	   5.7505019e+00	   1.1512327e+02	   2.9450813e+02	
   6.9864000e+01	   1.2003760e+05	   4.1892748e+06	   3.6376675e+04	   6.8248485e+02	   5.7597773e+00	   1.1516376e+02	   2.9450823e+02	
   7.0351000e+01	   1.1968180e+05	   4.1788368e+06	   3.6280161e+04	   6.8248485e+02	   5.7533541e+00	   1.1518242e+02	   2.9450806e+02	
   7.0838000e+01	   1.2017940e+05	   4.1882078e+06	   3.6437405e+04	   6.8268182e+02	   9.9936864e+01	   1.1494254e+02	   3.7143405e+02	
   7.1323000e+01	   1.1993820e+05	   4.1781994e+06	   3.6311816e+04	   6.8237879e+02	   5.7469545e+00	   1.1506446e+02	   2.9450795e+02	
   7.1806000e+01	   1.2025020e+05	   4.1803924e+06	   3.6435961e+04	   6.8278788e+02	   9.9820569e+01	   1.1473260e+02	   3.7143405e+02	
   7.2281000e+01	   1.1943600e+05	   4.1789178e+06	   3.6343658e+04	   6.8237879e+02	   5.7528456e+00	   1.1498341e+02	   2.9450790e+02	
   7.2762000e+01	   1.1944700e+05	   4.1816564e+06	   3.6278007e+04	   6.8237879e+02	   5.7556106e+00	   1.1526698e+02	   2.9450818e+02	
   7.3248000e+01	   1.2035460e+05	   4.1794048e+06	   3.6267594e+04	   6.8237879e+02	   5.7525990e+00	   1.1523800e+02	   2.9450812e+02	
   7.3735000e+01	   1.1962000e+05	   4.1740534e+06	   3.6334192e+04	   6.8237879e+02	   5.7571738e+00	   1.1487949e+02	   2.9450772e+02	
   7.4214000e+01	   1.2017660e+05	   4.1789546e+06	   3.6284286e+04	   6.8218182e+02	   5.7499594e+00	   1.1517257e+02	   2.9450805e+02	
   7.4693000e+01	   1.1976160e+05	   4.1739204e+06	   3.6267942e+04	   6.8237879e+02	   5.7506198e+00	   1.1508567e+02	   2.9450789e+02	
   7.5179000e+01	   1.1965920e+05	   4.1953606e+06	   3.6386857e+04	   6.8257576e+02	   5.7614656e+00	   1.1529879e+02	   2.9450843e+02	
   7.5660000e+01	   1.1991300e+05	   4.1732170e+06	   3.6332667e+04	   6.8248485e+02	   1.0008007e+02	   1.1486129e+02	   3.7143405e+02	
   7.6135000e+01	   1.2004940e+05	   4.1771766e+06	   3.6327733e+04	   6.8248485e+02	   5.7504761e+00	   1.1498589e+02	   2.9450787e+02	
   7.6594000e+01	   1.1907880e+05	   4.1884818e+06	   3.6354634e+04	   6.8248485e+02	   5.7549474e+00	   1.1521177e+02	   2.9450825e+02	
   7.7065000e+01	   1.2025340e+05	   4.1887784e+06	   3.6337631e+04	   6.8248485e+02	   5.7544332e+00	   1.1527384e+02	   2.9450830e+02	
   7.7540000e+01	   1.1901740e+05	   4.1813934e+06	   3.6295291e+04	   6.8218182e+02	   5.7484330e+00	   1.1520484e+02	   2.9450812e+02	
   7.8021000e+01	   1.1942380e+05	   4.1826348e+06	   3.6292464e+04	   6.8237879e+02	   5.7471231e+00	   1.1524802e+02	   2.9450817e+02	
   7.8498000e+01	   1.2021960e+05	   4.1771686e+06	   3.6319616e+04	   6.8248485e+02	   5.7476377e+00	   1.1501137e+02	   2.9450788e+02	
   7.8971000e+01	   1.1928700e+05	   4.1770590e+06	   3.6301362e+04	   6.8248485e+02	   5.7471411e+00	   1.1506618e+02	   2.9450793e+02	
   7.9451000e+01	   1.1894540e+05	   4.1830120e+06	   3.6291518e+04	   6.8237879e+02	   5.7500188e+00	   1.1526142e+02	   2.9450819e+02	
   7.9932000e+01	   1.1896100e+05	   4.1737390e+06	   3.6265310e+04	   6.8248485e+02	   5.7475992e+00	   1.1508902e+02	   2.9450789e+02	
   8.0414000e+01	   1.1911040e+05	   4.1804286e+06	   3.6306442e+04	   6.8248485e+02	   5.7484052e+00	   1.1514289e+02	   2.9450805e+02	
   8.0901000e+01	   1.1967660e+05	   4.1727812e+06	   3.6371207e+04	   6.8248485e+02	   5.7466894e+00	   1.1472760e+02	   2.9450755e+02	
   8.1372000e+01	   1.1941960e+05	   4.1815624e+06	   3.6233526e+04	   6.8248485e+02	   5.7480945e+00	   1.1540589e+02	   2.9450828e+02	
   8.1847000e+01	   1.1971880e+05	   4.1841094e+06	   3.6380897e+04	   6.8237879e+02	   9.9967197e+01	   1.1500842e+02	   3.7143405e+02	
   8.2326000e+01	   1.1988420e+05	   4.1796844e+06	   3.6375018e+04	   6.8248485e+02	   1.0010702e+02	   1.1490536e+02	   3.7143405e+02	
   8.2810000e+01	   1.1961480e+05	   4.1813860e+06	   3.6166876e+04	   6.8274242e+02	   1.0005701e+02	   1.1561369e+02	   3.7143405e+02	
   8.3286000e+01	   1.2026720e+05	   4.1821348e+06	   3.6195271e+04	   6.8254545e+02	   9.9921292e+01	   1.1554368e+02	   3.7143405e+02	
   8.3775000e+01	   1.1962020e+05	   4.1825018e+06	   3.6292595e+04	   6.8237879e+02	   5.7365106e+00	   1.1524394e+02	   2.9450816e+02	
   8.4257000e+01	   1.1907320e+05	   4.1764954e+06	   3.6275371e+04	   6.8218182e+02	   5.7455391e+00	   1.1513309e+02	   2.9450797e+02	
   8.4735000e+01	   1.2025220e+05	   4.1769808e+06	   3.6311868e+04	   6.8248485e+02	   5.7484903e+00	   1.1503073e+02	   2.9450790e+02	
   8.5211000e+01	   1.1971100e+05	   4.1876794e+06	   3.6347355e+04	   6.8237879e+02	   5.7467644e+00	   1.1521277e+02	   2.9450823e+02	
   8.5683000e+01	   1.1968260e+05	   4.1773006e+06	   3.6351941e+04	   6.8218182e+02	   1.0014108e+02	   1.1491272e+02	   3.7143405e+02	
   8.6154000e+01	   1.1938400e+05	   4.1849762e+06	   3.6197527e+04	   6.8284848e+02	   9.9926632e+01	   1.1561498e+02	   3.7143405e+02	
   8.6643000e+01	   1.2016360e+05	   4.1906434e+06	   3.6251180e+04	   6.8284848e+02	   9.9997117e+01	   1.1560019e+02	   3.7143405e+02	
   8.7115000e+01	   1.2028600e+05	   4.1773938e+06	   3.6149348e+04	   6.8274242e+02	   9.9956624e+01	   1.1555931e+02	   3.7143405e+02	
   8.7608000e+01	   1.1986020e+05	   4.1781396e+06	   3.6279635e+04	   6.8248485e+02	   5.7403204e+00	   1.1516488e+02	   2.9450802e+02	
   8.8094000e+01	   1.1970100e+05	   4.1764958e+06	   3.6270567e+04	   6.8237879e+02	   5.7422946e+00	   1.1514835e+02	   2.9450798e+02	
   8.8571000e+01	   1.2026280e+05	   4.1766066e+06	   3.6292673e+04	   6.8237879e+02	   5.7432431e+00	   1.1508126e+02	   2.9450793e+02	
   8.9062000e+01	   1.1958080e+05	   4.1872612e+06	   3.6244798e+04	   6.8284848e+02	   9.9992215e+01	   1.1552723e+02	   3.7143405e+02	
   8.9548000e+01	   1.1953440e+05	   4.1820572e+06	   3.6333258e+04	   6.8237879e+02	   5.7476559e+00	   1.1510273e+02	   2.9450805e+02	
   9.0029000e+01	   1.1986940e+05	   4.1794170e+06	   3.6381777e+04	   6.8237879e+02	   1.0010346e+02	   1.1487666e+02	   3.7143405e+02	
   9.0511000e+01	   1.1900260e+05	   4.1802312e+06	   3.6310299e+04	   6.8237879e+02	   1.0016044e+02	   1.1512522e+02	   3.7143405e+02	
   9.0997000e+01	   1.1966340e+05	   4.1846812e+06	   3.6363257e+04	   6.8237879e+02	   1.0007250e+02	   1.1507994e+02	   3.7143405e+02	
   9.1475000e+01	   1.1940660e+05	   4.1834328e+06	   3.6353060e+04	   6.8237879e+02	   9.9998310e+01	   1.1507787e+02	   3.7143405e+02	
   9.1951000e+01	   1.1984760e+05	   4.1775826e+06	   3.6314321e+04	   6.8237879e+02	   9.9995305e+01	   1.1503954e+02	   3.7143405e+02	
   9.2434000e+01	   1.1960140e+05	   4.1815770e+06	   3.6305304e+04	   6.8237879e+02	   5.7413220e+00	   1.1517813e+02	   2.9450809e+02	
   9.2919000e+01	   1.1968600e+05	   4.1787406e+06	   3.6238312e+04	   6.8248485e+02	   5.7461833e+00	   1.1531278e+02	   2.9450816e+02	
   9.3391000e+01	   1.2005540e+05	   4.1840146e+06	   3.6329363e+04	   6.8228788e+02	   5.7513645e+00	   1.1516895e+02	   2.9450814e+02	
   9.3869000e+01	   1.1955720e+05	   4.1769526e+06	   3.6357759e+04	   6.8218182e+02	   9.9981253e+01	   1.1488477e+02	   3.7143405e+02	
   9.4356000e+01	   1.1959840e+05	   4.1893490e+06	   3.6311871e+04	   6.8248485e+02	   5.7479477e+00	   1.1537133e+02	   2.9450838e+02	
   9.4832000e+01	   1.1991340e+05	   4.1751322e+06	   3.6245774e+04	   6.8268182e+02	   5.7522925e+00	   1.1518949e+02	   2.9450800e+02	
   9.5318000e+01	   1.1966800e+05	   4.1814360e+06	   3.6344486e+04	   6.8268182e+02	   1.0014599e+02	   1.1505008e+02	   3.7143405e+02	
   9.5792000e+01	   1.1936360e+05	   4.1732310e+06	   3.6300579e+04	   6.8248485e+02	   5.7461036e+00	   1.1496321e+02	   2.9450777e+02	
   9.6273000e+01	   1.1977060e+05	   4.1923570e+06	   3.6369850e+04	   6.8237879e+02	   1.0018230e+02	   1.1527012e+02	   3.7143405e+02	
   9.6753000e+01	   1.1979140e+05	   4.1775642e+06	   3.6307626e+04	   6.8237879e+02	   9.9960216e+01	   1.1506024e+02	   3.7143405e+02	
   9.7230000e+01	   1.1939180e+05	   4.1829624e+06	   3.6339709e+04	   6.8218182e+02	   1.0003764e+02	   1.1510721e+02	   3.7143405e+02	
   9.7704000e+01	   1.1933180e+05	   4.1726004e+06	   3.6348889e+04	   6.8237879e+02	   5.7451622e+00	   1.1479307e+02	   2.9450760e+02	
   9.8190000e+01	   1.1912040e+05	   4.1741226e+06	   3.6259518e+04	   6.8228788e+02	   5.7446894e+00	   1.1511798e+02	   2.9450792e+02	
   9.8676000e+01	   1.2007580e+05	   4.1786246e+06	   3.6360947e+04	   6.8257576e+02	   5.7474226e+00	   1.1492068e+02	   2.9450783e+02	
   9.9161000e+01	   1.2033720e+05	   4.1868936e+06	   3.6186734e+04	   6.8284848e+02	   1.0013460e+02	   1.1570245e+02	   3.7143405e+02	
   9.9648000e+01	   1.2010060e+05	   4.1848866e+06	   3.6376155e+04	   6.8248485e+02	   1.0018318e+02	   1.1504478e+02	   3.7143405e+02	
   1.0012600e+02	   1.1982240e+05	   4.1837042e+06	   3.6230989e+04	   6.8284848e+02	   9.9929826e+01	   1.1547309e+02	   3.7143405e+02	
   1.0059700e+02	   1.1986940e+05	   4.1894564e+06	   3.6326607e+04	   6.8218182e+02	   5.7464040e+00	   1.1532749e+02	   2.9450835e+02	
   1.0106900e+02	   1.1973140e+05	   4.1916630e+06	   3.6239541e+04	   6.8274242e+02	   1.0009473e+02	   1.1566546e+02	   3.7143405e+02	
   1.0154600e+02	   1.1991280e+05	   4.1888046e+06	   3.6237633e+04	   6.8274242e+02	   1.0010096e+02	   1.1559267e+02	   3.7143405e+02	
   1.0202100e+02	   1.1988920e+05	   4.1874870e+06	   3.6396097e+04	   6.8248485e+02	   1.0004272e+02	   1.1505319e+02	   3.7143405e+02	
   1.0249800e+02	   1.2007760e+05	   4.1895032e+06	   3.6158622e+04	   6.8254545e+02	   1.0013616e+02	   1.1586457e+02	   3.7143405e+02	
   1.0298500e+02	   1.1999180e+05	   4.1842678e+06	   3.6228241e+04	   6.8274242e+02	   9.9938854e+01	   1.1549740e+02	   3.7143405e+02	
   1.0345700e+02	   1.1976620e+05	   4.1853128e+06	   3.6216057e+04	   6.8207576e+02	   5.7329115e+00	   1.1556511e+02	   2.9450844e+02	
   1.0394200e+02	   1.1924260e+05	   4.1862386e+06	   3.6371791e+04	   6.8248485e+02	   5.7496519e+00	   1.1509575e+02	   2.9450811e+02	
   1.0442400e+02	   1.1958400e+05	   4.1878202e+06	   3.6252481e+04	   6.8295455e+02	   1.0006814e+02	   1.1551817e+02	   3.7143405e+02	
   1.0490000e+02	   1.1951500e+05	   4.1912796e+06	   3.6362405e+04	   6.8248485e+02	   1.0013764e+02	   1.1526409e+02	   3.7143405e+02	
   1.0538600e+02	   1.1908480e+05	   4.1886680e+06	   3.6236572e+04	   6.8274242e+02	   9.9970712e+01	   1.1559228e+02	   3.7143405e+02	
   1.0587200e+02	   1.1917580e+05	   4.1972686e+06	   3.6403956e+04	   6.8237879e+02	   1.0013925e+02	   1.1529705e+02	   3.7143405e+02	
   1.0635300e+02	   1.1957620e+05	   4.1884086e+06	   3.6224849e+04	   6.8274242e+02	   9.9941182e+01	   1.1562253e+02	   3.7143405e+02	
   1.0684200e+02	   1.1970320e+05	   4.1918270e+06	   3.6298788e+04	   6.8295455e+02	   1.0008301e+02	   1.1548118e+02	   3.7143405e+02	
   1.0731800e+02	   1.2013060e+05	   4.1964298e+06	   3.6257200e+04	   6.8274242e+02	   1.0014715e+02	   1.1574059e+02	   3.7143405e+02	
   1.0779100e+02	   1.1992780e+05	   4.1862546e+06	   3.6280811e+04	   6.8218182e+02	   1.0006841e+02	   1.1538481e+02	   3.7143405e+02	
   1.0827800e+02	   1.1993960e+05	   4.1869146e+06	   3.6213777e+04	   6.8254545e+02	   1.0014921e+02	   1.1561662e+02	   3.7143405e+02	
   1.0875600e+02	   1.1894900e+05	   4.1852306e+06	   3.6188209e+04	   6.8284848e+02	   1.0013328e+02	   1.1565178e+02	   3.7143405e+02	
   1.0924200e+02	   1.1986580e+05	   4.1877912e+06	   3.6348344e+04	   6.8207576e+02	   1.0028838e+02	   1.1521271e+02	   3.7143405e+02	
   1.0971800e+02	   1.1915760e+05	   4.1783472e+06	   3.6360521e+04	   6.8237879e+02	   1.0006700e+02	   1.1491439e+02	   3.7143405e+02	
   1.1020200e+02	   1.1923480e+05	   4.1873124e+06	   3.6217411e+04	   6.8274242e+02	   9.9917902e+01	   1.1561600e+02	   3.7143405e+02	
   1.1068900e+02	   1.1959740e+05	   4.1899702e+06	   3.6267171e+04	   6.8284848e+02	   1.0002452e+02	   1.1553066e+02	   3.7143405e+02	
   1.1116500e+02	   1.1983560e+05	   4.1914512e+06	   3.6274029e+04	   6.8284848e+02	   1.0005809e+02	   1.1554965e+02	   3.7143405e+02	
   1.1165400e+02	   1.1977720e+05	   4.1852072e+06	   3.6231828e+04	   6.8284848e+02	   1.0019080e+02	   1.1551190e+02	   3.7143405e+02	
   1.1213600e+02	   1.1993800e+05	   4.1772168e+06	   3.6175929e+04	   6.8274242e+02	   1.0003403e+02	   1.1546951e+02	   3.7143405e+02	
   1.1261900e+02	   1.1968720e+05	   4.1886262e+06	   3.6223255e+04	   6.8295455e+02	   9.9908974e+01	   1.1563362e+02	   3.7143405e+02	
   1.1309500e+02	   1.2003580e+05	   4.1878686e+06	   3.6467010e+04	   6.8278788e+02	   1.0010936e+02	   1.1483992e+02	   3.7143405e+02	
   1.1356800e+02	   1.2022120e+05	   4.1915198e+06	   3.6365417e+04	   6.8237879e+02	   1.0012683e+02	   1.1526115e+02	   3.7143405e+02	
   1.1404500e+02	   1.2006420e+05	   4.1913398e+06	   3.6408978e+04	   6.8268182e+02	   1.0022756e+02	   1.1511830e+02	   3.7143405e+02	
   1.1452700e+02	   1.2004200e+05	   4.1886666e+06	   3.6399073e+04	   6.8237879e+02	   1.0008157e+02	   1.1507619e+02	   3.7143405e+02	
   1.1501400e+02	   1.1957140e+05	   4.1899180e+06	   3.6225147e+04	   6.8274242e+02	   1.0002641e+02	   1.1566324e+02	   3.7143405e+02	
   1.1550200e+02	   1.1960380e+05	   4.1911438e+06	   3.6201746e+04	   6.8274242e+02	   1.0002242e+02	   1.1577187e+02	   3.7143405e+02	
   1.1598400e+02	   1.1981600e+05	   4.1875142e+06	   3.6158499e+04	   6.8284848e+02	   1.0017057e+02	   1.1580996e+02	   3.7143405e+02	
   1.1646700e+02	   1.1975280e+05	   4.1822494e+06	   3.6161949e+04	   6.8284848e+02	   1.0010912e+02	   1.1565332e+02	   3.7143405e+02	
   1.1694300e+02	   1.2051600e+05	   4.1917338e+06	   3.6243679e+04	   6.8284848e+02	   1.0001372e+02	   1.1565420e+02	   3.7143405e+02	
   1.1742700e+02	   1.2005240e+05	   4.1892312e+06	   3.6220253e+04	   6.8295455e+02	   1.0006707e+02	   1.1565991e+02	   3.7143405e+02	
   1.1790100e+02	   1.1995520e+05	   4.1849576e+06	   3.6402728e+04	   6.8237879e+02	   1.0007518e+02	   1.1496275e+02	   3.7143405e+02	
   1.1837200e+02	   1.2032760e+05	   4.1915664e+06	   3.6373819e+04	   6.8237879e+02	   1.0011159e+02	   1.1523581e+02	   3.7143405e+02	
   1.1885300e+02	   1.2023440e+05	   4.1934574e+06	   3.6254951e+04	   6.8295455e+02	   1.0006010e+02	   1.1566579e+02	   3.7143405e+02	
   1.1932500e+02	   1.1978320e+05	   4.1976780e+06	   3.6407539e+04	   6.8237879e+02	   1.0002094e+02	   1.1529694e+02	   3.7143405e+02	
   1.1979900e+02	   1.1950360e+05	   4.1955972e+06	   3.6221363e+04	   6.8274242e+02	   1.0022073e+02	   1.1583212e+02	   3.7143405e+02	
   1.2028700e+02	   1.1934920e+05	   4.1850992e+06	   3.6194859e+04	   6.8274242e+02	   1.0016293e+02	   1.1562690e+02	   3.7143405e+02	
   1.2076900e+02	   1.1919680e+05	   4.1793216e+06	   3.6165711e+04	   6.8284848e+02	   1.0010802e+02	   1.1556033e+02	   3.7143405e+02	
   1.2124700e+02	   1.1887660e+05	   4.1904714e+06	   3.6329481e+04	   6.8218182e+02	   9.9988154e+01	   1.1534630e+02	   3.7143405e+02	
   1.2172100e+02	   1.2062500e+05	   4.1879356e+06	   3.6351842e+04	   6.8248485e+02	   5.7483015e+00	   1.1520559e+02	   2.9450823e+02	
   1.2219600e+02	   1.2011900e+05	   4.1881562e+06	   3.6213941e+04	   6.8274242e+02	   1.0005197e+02	   1.1565039e+02	   3.7143405e+02	
   1.2268200e+02	   1.1944940e+05	   4.1893986e+06	   3.6238071e+04	   6.8284848e+02	   9.9867288e+01	   1.1560766e+02	   3.7143405e+02	
   1.2316400e+02	   1.1906020e+05	   4.1923994e+06	   3.6352159e+04	   6.8218182e+02	   5.7508175e+00	   1.1532738e+02	   2.9450840e+02	
   1.2365300e+02	   1.1903780e+05	   4.1798892e+06	   3.6379838e+04	   6.8268182e+02	   5.7502787e+00	   1.1489576e+02	   2.9450784e+02	
   1.2414100e+02	   1.1957400e+05	   4.1812366e+06	   3.6296466e+04	   6.8248485e+02	   5.7478838e+00	   1.1519680e+02	   2.9450811e+02	
   1.2461900e+02	   1.1987440e+05	   4.1798070e+06	   3.6382892e+04	   6.8237879e+02	   5.7530847e+00	   1.1488386e+02	   2.9450783e+02	
   1.2510600e+02	   1.1996920e+05	   4.1869604e+06	   3.6385416e+04	   6.8237879e+02	   1.0018755e+02	   1.1507249e+02	   3.7143405e+02	
   1.2558600e+02	   1.1956380e+05	   4.1855352e+06	   3.6279535e+04	   6.8237879e+02	   5.7546517e+00	   1.1536904e+02	   2.9450832e+02	
   1.2607000e+02	   1.1997020e+05	   4.1899404e+06	   3.6371264e+04	   6.8248485e+02	   1.0023980e+02	   1.1519920e+02	   3.7143405e+02	
   1.2656000e+02	   1.2023880e+05	   4.1828346e+06	   3.6378282e+04	   6.8268182e+02	   5.7539873e+00	   1.1498164e+02	   2.9450797e+02	
   1.2705000e+02	   1.1931640e+05	   4.1836832e+06	   3.6368618e+04	   6.8257576e+02	   5.7467725e+00	   1.1503553e+02	   2.9450802e+02	
   1.2753800e+02	   1.1957500e+05	   4.1902010e+06	   3.6410383e+04	   6.8237879e+02	   1.0010479e+02	   1.1508258e+02	   3.7143405e+02	
   1.2801500e+02	   1.1924400e+05	   4.1919754e+06	   3.6382375e+04	   6.8237879e+02	   5.7543708e+00	   1.1521995e+02	   2.9450831e+02	
   1.2849300e+02	   1.2002880e+05	   4.1854336e+06	   3.6350175e+04	   6.8257576e+02	   1.0002590e+02	   1.1514205e+02	   3.7143405e+02	
   1.2898000e+02	   1.1969900e+05	   4.1865120e+06	   3.6317273e+04	   6.8237879e+02	   5.7596108e+00	   1.1527605e+02	   2.9450827e+02	
   1.2945200e+02	   1.1956700e+05	   4.1864992e+06	   3.6377154e+04	   6.8237879e+02	   5.7579239e+00	   1.1508595e+02	   2.9450812e+02	
   1.2992400e+02	   1.1954040e+05	   4.1880210e+06	   3.6313911e+04	   6.8248485e+02	   5.7579767e+00	   1.1532828e+02	   2.9450833e+02	
   1.3041100e+02	   1.1973180e+05	   4.1921092e+06	   3.6380674e+04	   6.8278788e+02	   5.7622952e+00	   1.1522901e+02	   2.9450833e+02	
   1.3088200e+02	   1.2022800e+05	   4.1844378e+06	   3.6401010e+04	   6.8237879e+02	   5.7546127e+00	   1.1495389e+02	   2.9450797e+02	
   1.3136700e+02	   1.1965600e+05	   4.1878204e+06	   3.6361024e+04	   6.8237879e+02	   5.7574253e+00	   1.1517334e+02	   2.9450821e+02	
   1.3184100e+02	   1.1972540e+05	   4.1975788e+06	   3.6354399e+04	   6.8237879e+02	   5.7675296e+00	   1.1546275e+02	   2.9450859e+02	
   1.3231800e+02	   1.2009980e+05	   4.1915916e+06	   3.6332658e+04	   6.8237879e+02	   5.7577600e+00	   1.1536705e+02	   2.9450842e+02	
   1.3280600e+02	   1.1898020e+05	   4.1968012e+06	   3.6419503e+04	   6.8248485e+02	   5.7608271e+00	   1.1523499e+02	   2.9450840e+02	
   1.3328200e+02	   1.1911940e+05	   4.1884468e+06	   3.6358785e+04	   6.8268182e+02	   5.7613760e+00	   1.1519766e+02	   2.9450824e+02	
   1.3376700e+02	   1.1976980e+05	   4.1956978e+06	   3.6453157e+04	   6.8268182e+02	   5.7642017e+00	   1.1509834e+02	   2.9450829e+02	
   1.3425400e+02	   1.1907560e+05	   4.1862134e+06	   3.6358839e+04	   6.8248485e+02	   5.7612433e+00	   1.1513606e+02	   2.9450816e+02	
   1.3473200e+02	   1.1971820e+05	   4.1947444e+06	   3.6455108e+04	   6.8257576e+02	   1.0004813e+02	   1.1506603e+02	   3.7143405e+02	
   1.3521700e+02	   1.1933340e+05	   4.1753696e+06	   3.6287492e+04	   6.8237879e+02	   5.7571266e+00	   1.1506360e+02	   2.9450791e+02	
   1.3568900e+02	   1.1917740e+05	   4.1833832e+06	   3.6362365e+04	   6.8259091e+02	   5.7592045e+00	   1.1504706e+02	   2.9450804e+02	
   1.3617600e+02	   1.1896600e+05	   4.1916054e+06	   3.6465381e+04	   6.8248485e+02	   1.0002059e+02	   1.1494753e+02	   3.7143405e+02	
   1.3666200e+02	   1.2025420e+05	   4.1949638e+06	   3.6394870e+04	   6.8248485e+02	   5.7673163e+00	   1.1526250e+02	   2.9450840e+02	
   1.3714900e+02	   1.1942640e+05	   4.1969412e+06	   3.6425416e+04	   6.8257576e+02	   5.7676383e+00	   1.1522013e+02	   2.9450840e+02	
   1.3762200e+02	   1.1931840e+05	   4.1897896e+06	   3.6437923e+04	   6.8268182e+02	   5.7615649e+00	   1.1498431e+02	   2.9450810e+02	
   1.3809700e+02	   1.2011000e+05	   4.1883880e+06	   3.6425065e+04	   6.8257576e+02	   5.7592901e+00	   1.1498642e+02	   2.9450807e+02	
   1.3858400e+02	   1.1945680e+05	   4.1836122e+06	   3.6333422e+04	   6.8237879e+02	   5.7622346e+00	   1.1514501e+02	   2.9450812e+02	
   1.3906400e+02	   1.1923380e+05	   4.1936884e+06	   3.6323594e+04	   6.8248485e+02	   5.7603313e+00	   1.1545357e+02	   2.9450852e+02	
   1.3954600e+02	   1.1953600e+05	   4.1829020e+06	   3.6358805e+04	   6.8268182e+02	   5.7652813e+00	   1.1504509e+02	   2.9450803e+02	
   1.4002000e+02	   1.1981740e+05	   4.2016344e+06	   3.6394336e+04	   6.8228788e+02	   5.7671127e+00	   1.1544748e+02	   2.9450863e+02	
   1.4050300e+02	   1.1909400e+05	   4.1862232e+06	   3.6364511e+04	   6.8237879e+02	   5.7631926e+00	   1.1511837e+02	   2.9450815e+02	
   1.4096600e+02	   1.1974960e+05	   4.1865874e+06	   3.6277279e+04	   6.8248485e+02	   5.7676758e+00	   1.1540522e+02	   2.9450838e+02	
   1.4144400e+02	   1.1973940e+05	   4.1892904e+06	   3.6439519e+04	   6.8237879e+02	   5.7679697e+00	   1.1496558e+02	   2.9450808e+02	
   1.4192900e+02	   1.2078360e+05	   4.1875936e+06	   3.6344893e+04	   6.8268182e+02	   5.7606742e+00	   1.1521821e+02	   2.9450825e+02	
   1.4241300e+02	   1.1969120e+05	   4.1904154e+06	   3.6407421e+04	   6.8268182e+02	   5.7696129e+00	   1.1509784e+02	   2.9450821e+02	
   1.4289800e+02	   1.1951480e+05	   4.1932444e+06	   3.6496335e+04	   6.8268182e+02	   5.7669777e+00	   1.1489495e+02	   2.9450809e+02	
   1.4338300e+02	   1.1952120e+05	   4.1864906e+06	   3.6397225e+04	   6.8248485e+02	   5.7598818e+00	   1.1502225e+02	   2.9450807e+02	
   1.4386900e+02	   1.1916460e+05	   4.1866618e+06	   3.6343909e+04	   6.8248485e+02	   5.7632868e+00	   1.1519569e+02	   2.9450822e+02	
   1.4434000e+02	   1.1968560e+05	   4.1875878e+06	   3.6382664e+04	   6.8248485e+02	   5.7674652e+00	   1.1509844e+02	   2.9450816e+02	
   1.4481200e+02	   1.2004520e+05	   4.1990336e+06	   3.6396276e+04	   6.8237879e+02	   5.7728522e+00	   1.1536987e+02	   2.9450855e+02	
   1.4529600e+02	   1.1936700e+05	   4.1873824e+06	   3.6376095e+04	   6.8268182e+02	   5.7670907e+00	   1.1511357e+02	   2.9450817e+02	
   1.4578300e+02	   1.1944120e+05	   4.1814854e+06	   3.6376696e+04	   6.8237879e+02	   5.7632673e+00	   1.1494957e+02	   2.9450793e+02	
   1.4626700e+02	   1.1924760e+05	   4.1866116e+06	   3.6305644e+04	   6.8248485e+02	   5.7637106e+00	   1.1531572e+02	   2.9450831e+02	
   1.4674100e+02	   1.1896140e+05	   4.1917368e+06	   3.6345923e+04	   6.8248485e+02	   5.7711599e+00	   1.1532894e+02	   2.9450841e+02	
   1.4721200e+02	   1.2015220e+05	   4.1828232e+06	   3.6334202e+04	   6.8237879e+02	   5.7647216e+00	   1.1512082e+02	   2.9450809e+02	
   1.4766800e+02	   1.1957360e+05	   4.1930860e+06	   3.6364061e+04	   6.8268182e+02	   5.7687145e+00	   1.1530852e+02	   2.9450841e+02	
   1.4815100e+02	   1.1953300e+05	   4.1853554e+06	   3.6236463e+04	   6.8218182e+02	   5.7628295e+00	   1.1550121e+02	   2.9450843e+02	
   1.4863800e+02	   1.1881100e+05	   4.1826638e+06	   3.6366146e+04	   6.8248485e+02	   5.7667204e+00	   1.1501532e+02	   2.9450801e+02	
   1.4912400e+02	   1.1930600e+05	   4.1810048e+06	   3.6255952e+04	   6.8218182e+02	   5.7607122e+00	   1.1531913e+02	   2.9450822e+02	
   1.4960700e+02	   1.1921600e+05	   4.1853380e+06	   3.6388842e+04	   6.8268182e+02	   5.7664084e+00	   1.1501707e+02	   2.9450805e+02	
   1.5007100e+02	   1.1945040e+05	   4.1794588e+06	   3.6389133e+04	   6.8268182e+02	   5.7622299e+00	   1.1485459e+02	   2.9450781e+02	
   1.5056000e+02	   1.1920980e+05	   4.1921090e+06	   3.6405825e+04	   6.8248485e+02	   5.7663849e+00	   1.1514940e+02	   2.9450827e+02	
   1.5104400e+02	   1.1996260e+05	   4.1847668e+06	   3.6355724e+04	   6.8237879e+02	   5.7652365e+00	   1.1510613e+02	   2.9450811e+02	
   1.5151600e+02	   1.1968180e+05	   4.1841492e+06	   3.6364780e+04	   6.8257576e+02	   5.7704251e+00	   1.1506048e+02	   2.9450807e+02	
   1.5199000e+02	   1.1973540e+05	   4.1863652e+06	   3.6280870e+04	   6.8268182e+02	   5.7699978e+00	   1.1538767e+02	   2.9450836e+02	
   1.5247400e+02	   1.1980600e+05	   4.1869596e+06	   3.6398838e+04	   6.8248485e+02	   5.7618974e+00	   1.1503004e+02	   2.9450809e+02	
   1.5295000e+02	   1.1958860e+05	   4.1772824e+06	   3.6297651e+04	   6.8248485e+02	   5.7595453e+00	   1.1508410e+02	   2.9450796e+02	
   1.5342800e+02	   1.1980940e+05	   4.1839626e+06	   3.6283343e+04	   6.8237879e+02	   5.7666193e+00	   1.1531359e+02	   2.9450827e+02	
   1.5391500e+02	   1.2058880e+05	   4.1956742e+06	   3.6325304e+04	   6.8237879e+02	   5.7627674e+00	   1.1550280e+02	   2.9450858e+02	
   1.5441000e+02	   1.2008300e+05	   4.1887430e+06	   3.6331856e+04	   6.8248485e+02	   5.7586063e+00	   1.1529119e+02	   2.9450832e+02	
   1.5489300e+02	   1.1931280e+05	   4.1837674e+06	   3.6357167e+04	   6.8248485e+02	   5.7618155e+00	   1.1507408e+02	   2.9450807e+02	
   1.5536900e+02	   1.2010580e+05	   4.1809636e+06	   3.6297171e+04	   6.8237879e+02	   5.7605622e+00	   1.1518704e+02	   2.9450811e+02	
   1.5584500e+02	   1.1940780e+05	   4.1901660e+06	   3.6394779e+04	   6.8237879e+02	   5.7651444e+00	   1.1513096e+02	   2.9450822e+02	
   1.5631800e+02	   1.1927340e+05	   4.1823916e+06	   3.6300417e+04	   6.8237879e+02	   5.7624770e+00	   1.1521608e+02	   2.9450816e+02	
   1.5678900e+02	   1.1918620e+05	   4.1888036e+06	   3.6273688e+04	   6.8257576e+02	   5.7676661e+00	   1.1547774e+02	   2.9450847e+02	
   1.5727700e+02	   1.2004020e+05	   4.1793896e+06	   3.6311736e+04	   6.8237879e+02	   5.7518272e+00	   1.1509749e+02	   2.9450800e+02	
   1.5776400e+02	   1.1927820e+05	   4.1801684e+06	   3.6316491e+04	   6.8218182e+02	   5.7590480e+00	   1.1510386e+02	   2.9450803e+02	
   1.5825100e+02	   1.1956200e+05	   4.1788822e+06	   3.6323312e+04	   6.8248485e+02	   5.7550990e+00	   1.1504684e+02	   2.9450795e+02	
   1.5872700e+02	   1.2014020e+05	   4.1829110e+06	   3.6350518e+04	   6.8248485e+02	   5.7620749e+00	   1.1507156e+02	   2.9450805e+02	
   1.5920800e+02	   1.2039600e+05	   4.1826244e+06	   3.6366263e+04	   6.8248485e+02	   5.7567521e+00	   1.1501386e+02	   2.9450799e+02	
   1.5969300e+02	   1.1950420e+05	   4.1741346e+06	   3.6318106e+04	   6.8268182e+02	   5.7530302e+00	   1.1493261e+02	   2.9450777e+02	
   1.6017600e+02	   1.1933700e+05	   4.1822868e+06	   3.6317381e+04	   6.8237879e+02	   5.7532666e+00	   1.1515937e+02	   2.9450810e+02	
   1.6066200e+02	   1.1977300e+05	   4.1789128e+06	   3.6411831e+04	   6.8268182e+02	   1.0004045e+02	   1.1476799e+02	   3.7143405e+02	
   1.6114800e+02	   1.1949840e+05	   4.1740300e+06	   3.6231623e+04	   6.8237879e+02	   5.7491547e+00	   1.1520406e+02	   2.9450799e+02	
   1.6162900e+02	   1.1992220e+05	   4.1826480e+06	   3.6317331e+04	   6.8237879e+02	   5.7570116e+00	   1.1516948e+02	   2.9450812e+02	
   1.6211600e+02	   1.1959260e+05	   4.1777072e+06	   3.6296439e+04	   6.8268182e+02	   5.7552034e+00	   1.1509964e+02	   2.9450798e+02	
   1.6260400e+02	   1.2002900e+05	   4.1791770e+06	   3.6351000e+04	   6.8268182e+02	   5.7569608e+00	   1.1496732e+02	   2.9450789e+02	
   1.6308200e+02	   1.1902660e+05	   4.1850062e+06	   3.6300770e+04	   6.8237879e+02	   5.7518008e+00	   1.1528698e+02	   2.9450825e+02	
   1.6356900e+02	   1.1976560e+05	   4.1781640e+06	   3.6339707e+04	   6.8237879e+02	   5.7458285e+00	   1.1497517e+02	   2.9450787e+02	
   1.6405100e+02	   1.2000880e+05	   4.1819506e+06	   3.6218608e+04	   6.8228788e+02	   5.7488328e+00	   1.1546415e+02	   2.9450833e+02	
   1.6452700e+02	   1.2021260e+05	   4.1846110e+06	   3.6244379e+04	   6.8237879e+02	   5.7509102e+00	   1.1545545e+02	   2.9450837e+02	
   1.6501400e+02	   1.1962960e+05	   4.1778360e+06	   3.6246869e+04	   6.8218182e+02	   5.7521851e+00	   1.1526060e+02	   2.9450811e+02	
   1.6549400e+02	   1.1959300e+05	   4.1829712e+06	   3.6297967e+04	   6.8268182e+02	   5.7474619e+00	   1.1523982e+02	   2.9450817e+02	
   1.6596900e+02	   1.1978780e+05	   4.1804866e+06	   3.6268813e+04	   6.8218182e+02	   5.7515446e+00	   1.1526395e+02	   2.9450816e+02	
   1.6644000e+02	   1.1933800e+05	   4.1786658e+06	   3.6260474e+04	   6.8237879e+02	   5.7473566e+00	   1.1524024e+02	   2.9450810e+02	
   1.6692700e+02	   1.1945540e+05	   4.1845338e+06	   3.6268421e+04	   6.8218182e+02	   5.7567855e+00	   1.1537678e+02	   2.9450831e+02	
   1.6740600e+02	   1.1952120e+05	   4.1763082e+06	   3.6271647e+04	   6.8257576e+02	   5.7462659e+00	   1.1513974e+02	   2.9450798e+02	
   1.6789400e+02	   1.1947960e+05	   4.1756506e+06	   3.6290564e+04	   6.8268182e+02	   5.7514423e+00	   1.1506160e+02	   2.9450790e+02	
   1.6838100e+02	   1.1921640e+05	   4.1781980e+06	   3.6319798e+04	   6.8248485e+02	   5.7504679e+00	   1.1503913e+02	   2.9450793e+02	
   1.6885800e+02	   1.1952280e+05	   4.1760634e+06	   3.6252887e+04	   6.8237879e+02	   5.7488167e+00	   1.1519257e+02	   2.9450802e+02	
   1.6934700e+02	   1.1934220e+05	   4.1770534e+06	   3.6303080e+04	   6.8268182e+02	   5.7439044e+00	   1.1506058e+02	   2.9450792e+02	
   1.6983000e+02	   1.1934060e+05	   4.1800492e+06	   3.6404852e+04	   6.8268182e+02	   9.9878816e+01	   1.1482121e+02	   3.7143405e+02	
   1.7031800e+02	   1.1932560e+05	   4.1824464e+06	   3.6320176e+04	   6.8237879e+02	   5.7510023e+00	   1.1515491e+02	   2.9450810e+02	
   1.7079700e+02	   1.1969800e+05	   4.1812144e+06	   3.6338470e+04	   6.8257576e+02	   5.7482640e+00	   1.1506303e+02	   2.9450800e+02	
   1.7127700e+02	   1.1954040e+05	   4.1820994e+06	   3.6353585e+04	   6.8237879e+02	   5.7510620e+00	   1.1503953e+02	   2.9450800e+02	
   1.7175500e+02	   1.1954580e+05	   4.1750980e+06	   3.6243184e+04	   6.8218182e+02	   5.7490263e+00	   1.1519678e+02	   2.9450801e+02	
   1.7223200e+02	   1.1983800e+05	   4.1836296e+06	   3.6285962e+04	   6.8237879e+02	   5.7498997e+00	   1.1529609e+02	   2.9450823e+02	
   1.7271900e+02	   1.1978760e+05	   4.1757558e+06	   3.6258071e+04	   6.8237879e+02	   5.7518234e+00	   1.1516762e+02	   2.9450800e+02	
   1.7319100e+02	   1.1979720e+05	   4.1758670e+06	   3.6282721e+04	   6.8248485e+02	   5.7518146e+00	   1.1509244e+02	   2.9450793e+02	
   1.7367600e+02	   1.1959040e+05	   4.1768504e+06	   3.6263572e+04	   6.8218182e+02	   5.7550990e+00	   1.1518033e+02	   2.9450803e+02	
   1.7416400e+02	   1.2008280e+05	   4.1725090e+06	   3.6324770e+04	   6.8257576e+02	   5.7467067e+00	   1.1486677e+02	   2.9450767e+02	
   1.7464000e+02	   1.1955380e+05	   4.1856692e+06	   3.6282919e+04	   6.8237879e+02	   5.7545359e+00	   1.1536198e+02	   2.9450832e+02	
   1.7512500e+02	   1.1906540e+05	   4.1822580e+06	   3.6283977e+04	   6.8237879e+02	   5.7604917e+00	   1.1526460e+02	   2.9450819e+02	
   1.7559700e+02	   1.1878320e+05	   4.1850208e+06	   3.6304096e+04	   6.8237879e+02	   5.7607573e+00	   1.1527682e+02	   2.9450825e+02	
   1.7608200e+02	   1.1915800e+05	   4.1813662e+06	   3.6312200e+04	   6.8268182e+02	   5.7577511e+00	   1.1515045e+02	   2.9450808e+02	
   1.7656400e+02	   1.1914280e+05	   4.1759170e+06	   2.9364337e+04	   6.7050000e+02	   5.7596605e+00	   1.4221050e+02	   2.9451161e+02	
   1.7704600e+02	   1.1968840e+05	   4.1744900e+06	   3.6276339e+04	   6.8237879e+02	   5.7591320e+00	   1.1507473e+02	   2.9450790e+02	
   1.7752400e+02	   1.2010560e+05	   4.1824166e+06	   3.6309652e+04	   6.8268182e+02	   5.7557387e+00	   1.1518746e+02	   2.9450813e+02	
   1.7801000e+02	   1.1993720e+05	   4.1846382e+06	   3.6315515e+04	   6.8268182e+02	   5.7498107e+00	   1.1523004e+02	   2.9450820e+02	
   1.7849700e+02	   1.1955960e+05	   4.1731378e+06	   3.6191565e+04	   6.8237879e+02	   5.7589586e+00	   1.1530692e+02	   2.9450807e+02	
   1.7897300e+02	   1.1977200e+05	   4.1794992e+06	   3.6245782e+04	   6.8248485e+02	   5.7580102e+00	   1.1530995e+02	   2.9450818e+02	
   1.7944600e+02	   1.1948760e+05	   4.1763668e+06	   3.6217352e+04	   6.8237879e+02	   5.7568374e+00	   1.1531397e+02	   2.9450813e+02	
   1.7992700e+02	   1.1947680e+05	   4.1827250e+06	   3.6281828e+04	   6.8237879e+02	   5.7636646e+00	   1.1528429e+02	   2.9450822e+02	
   1.8041700e+02	   1.1982680e+05	   4.1693434e+06	   3.6239436e+04	   6.8237879e+02	   5.7605535e+00	   1.1504990e+02	   2.9450779e+02	
   1.8090400e+02	   1.1945100e+05	   4.1759836e+06	   2.8767225e+04	   6.7000000e+02	   5.7568218e+00	   1.4516463e+02	   2.9451162e+02	
   1.8138600e+02	   1.1922260e+05	   4.1818466e+06	   3.6259388e+04	   6.8248485e+02	   5.7561654e+00	   1.1533142e+02	   2.9450824e+02	
   1.8185900e+02	   1.1909260e+05	   4.1710400e+06	   3.6262004e+04	   6.8257576e+02	   5.7622458e+00	   1.1502508e+02	   2.9450780e+02	
   1.8233100e+02	   1.1965140e+05	   4.1760108e+06	   3.6265212e+04	   6.8248485e+02	   5.7542187e+00	   1.1515198e+02	   2.9450799e+02	
   1.8280700e+02	   1.1938980e+05	   4.1798334e+06	   3.6194747e+04	   6.8248485e+02	   5.7585534e+00	   1.1548177e+02	   2.9450832e+02	
   1.8329500e+02	   1.1915200e+05	   4.1721824e+06	   3.6226110e+04	   6.8237879e+02	   5.7564298e+00	   1.1517059e+02	   2.9450794e+02	
   1.8378200e+02	   1.1958560e+05	   4.1843196e+06	   3.6225594e+04	   6.8259091e+02	   5.7568236e+00	   1.1550727e+02	   2.9450841e+02	
   1.8426000e+02	   1.1940120e+05	   4.1762618e+06	   3.6106139e+04	   6.8248485e+02	   5.7555333e+00	   1.1566625e+02	   2.9450840e+02	
   1.8474600e+02	   1.1928280e+05	   4.1692916e+06	   3.6121266e+04	   6.8237879e+02	   5.7545250e+00	   1.1542485e+02	   2.9450810e+02	
   1.8521700e+02	   1.1907380e+05	   4.1833616e+06	   3.6210128e+04	   6.8248485e+02	   5.7591239e+00	   1.1553015e+02	   2.9450841e+02	
   1.8567700e+02	   1.1954100e+05	   4.1748432e+06	   3.6225228e+04	   6.8237879e+02	   5.7619072e+00	   1.1524684e+02	   2.9450806e+02	
   1.8616400e+02	   1.1957220e+05	   4.1823130e+06	   3.6281373e+04	   6.8237879e+02	   5.7633536e+00	   1.1527439e+02	   2.9450821e+02	
   1.8664600e+02	   1.1971060e+05	   4.1816552e+06	   3.6300985e+04	   6.8248485e+02	   5.7629871e+00	   1.1519399e+02	   2.9450813e+02	
   1.8713700e+02	   1.1936180e+05	   4.1744802e+06	   3.6193215e+04	   6.8218182e+02	   5.7672301e+00	   1.1533875e+02	   2.9450813e+02	
   1.8761200e+02	   1.1931640e+05	   4.1769124e+06	   3.6257856e+04	   6.8257576e+02	   5.7601279e+00	   1.1520020e+02	   2.9450805e+02	
   1.8809400e+02	   1.1946120e+05	   4.1737294e+06	   3.6256494e+04	   6.8237879e+02	   5.7667145e+00	   1.1511674e+02	   2.9450793e+02	
   1.8857100e+02	   1.1942220e+05	   4.1804348e+06	   3.6293389e+04	   6.8268182e+02	   5.7616472e+00	   1.1518447e+02	   2.9450810e+02	
   1.8905300e+02	   1.1904880e+05	   4.1829138e+06	   3.6334684e+04	   6.8268182e+02	   5.7652060e+00	   1.1512179e+02	   2.9450810e+02	
   1.8953700e+02	   1.1964620e+05	   4.1798064e+06	   3.6252155e+04	   6.8237879e+02	   5.7575530e+00	   1.1529815e+02	   2.9450818e+02	
   1.9001800e+02	   1.1900820e+05	   4.1849590e+06	   3.6307218e+04	   6.8237879e+02	   5.7613767e+00	   1.1526521e+02	   2.9450824e+02	
   1.9049500e+02	   1.1959280e+05	   4.1775318e+06	   2.8783522e+04	   6.7000000e+02	   5.7657673e+00	   1.4513623e+02	   2.9451162e+02	
   1.9097200e+02	   1.1951740e+05	   4.1820032e+06	   3.6299059e+04	   6.8248485e+02	   5.7648924e+00	   1.1520969e+02	   2.9450815e+02	
   1.9145800e+02	   1.1969260e+05	   4.1884504e+06	   3.6288291e+04	   6.8248485e+02	   5.7617198e+00	   1.1542154e+02	   2.9450841e+02	
   1.9193600e+02	   1.1934520e+05	   4.1663964e+06	   3.6169475e+04	   6.8237879e+02	   5.7603680e+00	   1.1519096e+02	   2.9450786e+02	
   1.9242200e+02	   1.1984200e+05	   4.1876524e+06	   3.6289967e+04	   6.8248485e+02	   5.7620047e+00	   1.1539422e+02	   2.9450838e+02	
   1.9290900e+02	   1.1845140e+05	   4.1767900e+06	   3.6226512e+04	   6.8248485e+02	   5.7619618e+00	   1.1529650e+02	   2.9450813e+02	
   1.9339700e+02	   1.1954860e+05	   4.1786402e+06	   3.6216636e+04	   6.8237879e+02	   5.7626910e+00	   1.1537903e+02	   2.9450823e+02	
   1.9388300e+02	   1.2028120e+05	   4.1830304e+06	   3.6213481e+04	   6.8237879e+02	   5.7564583e+00	   1.1551031e+02	   2.9450839e+02	
   1.9437000e+02	   1.1926200e+05	   4.1778848e+06	   2.9286972e+04	   6.7050000e+02	   5.7632058e+00	   1.4265335e+02	   2.9451162e+02	
   1.9485800e+02	   1.1926020e+05	   4.1849622e+06	   3.6275810e+04	   6.8237879e+02	   5.7593552e+00	   1.1536509e+02	   2.9450831e+02	
   1.9534500e+02	   1.1981420e+05	   4.1796428e+06	   3.6284459e+04	   6.8257576e+02	   5.7575970e+00	   1.1519099e+02	   2.9450809e+02	
   1.9581700e+02	   1.1946400e+05	   4.1727528e+06	   3.6253101e+04	   6.8248485e+02	   5.7591336e+00	   1.1510058e+02	   2.9450789e+02	
   1.9630200e+02	   1.1963220e+05	   4.1785036e+06	   3.6217440e+04	   6.8237879e+02	   5.7589788e+00	   1.1537269e+02	   2.9450822e+02	
   1.9677700e+02	   1.1922380e+05	   4.1749692e+06	   3.6258294e+04	   6.8237879e+02	   5.7657459e+00	   1.1514522e+02	   2.9450798e+02	
   1.9725600e+02	   1.1976500e+05	   4.1743472e+06	   3.6214808e+04	   6.8268182e+02	   5.7612929e+00	   1.1526631e+02	   2.9450806e+02	
   1.9773800e+02	   1.1931260e+05	   4.1753140e+06	   2.9363866e+04	   6.7050000e+02	   5.7659288e+00	   1.4219224e+02	   2.9451161e+02	
   1.9822300e+02	   1.1928600e+05	   4.1817934e+06	   3.6174866e+04	   6.8248485e+02	   5.7598999e+00	   1.1559942e+02	   2.9450844e+02	
   1.9871000e+02	   1.1947960e+05	   4.1752790e+06	   3.6240300e+04	   6.8257576e+02	   5.7546949e+00	   1.1521094e+02	   2.9450803e+02	
   1.9918400e+02	   1.1958180e+05	   4.1755362e+06	   3.6219078e+04	   6.8248485e+02	   5.7619905e+00	   1.1528555e+02	   2.9450810e+02	
   1.9966200e+02	   1.1934140e+05	   4.1709262e+06	   3.6280580e+04	   6.8268182e+02	   5.7559496e+00	   1.1496305e+02	   2.9450774e+02	
   2.0014400e+02	   1.1952460e+05	   4.1762084e+06	   3.6195933e+04	   6.8237879e+02	   5.7586354e+00	   1.1537784e+02	   2.9450818e+02	
   2.0063300e+02	   1.1910900e+05	   4.1746724e+06	   3.6256066e+04	   6.8237879e+02	   5.7579652e+00	   1.1514411e+02	   2.9450796e+02	
   2.0111600e+02	   1.1986960e+05	   4.1872468e+06	   3.6242609e+04	   6.8237879e+02	   5.7576814e+00	   1.1553381e+02	   2.9450847e+02	
   2.0160100e+02	   1.1884080e+05	   4.1801248e+06	   2.9359866e+04	   6.7050000e+02	   5.7588532e+00	   1.4237547e+02	   2.9451162e+02	
   2.0208700e+02	   1.1956460e+05	   4.1711040e+06	   3.6188648e+04	   6.8237879e+02	   5.7563800e+00	   1.1526001e+02	   2.9450800e+02	
   2.0256500e+02	   1.1960340e+05	   4.1699544e+06	   3.6232789e+04	   6.8268182e+02	   5.7605429e+00	   1.1508787e+02	   2.9450783e+02	
