   3.1013400e+02	   3.1033063e+02	   1.9662698e-01	
   3.1002000e+02	   3.1494322e+02	   4.9232213e+00	
   3.2906900e+02	   3.2853323e+02	  -5.3577180e-01	
   3.1070300e+02	   3.0989941e+02	  -8.0359423e-01	
   3.2979400e+02	   3.2702022e+02	  -2.7737783e+00	
   3.2402900e+02	   3.2847682e+02	   4.4478235e+00	
   3.2988800e+02	   3.2856799e+02	  -1.3200070e+00	
   3.2502500e+02	   3.2856101e+02	   3.5360100e+00	
   2.9936200e+02	   2.9878778e+02	  -5.7421927e-01	
   3.2682100e+02	   3.2851495e+02	   1.6939454e+00	
   3.1053000e+02	   3.1111559e+02	   5.8559151e-01	
   3.2105200e+02	   3.2215628e+02	   1.1042778e+00	
   3.0925400e+02	   3.0966344e+02	   4.0944485e-01	
   3.2997100e+02	   3.2856611e+02	  -1.4048947e+00	
   3.1019400e+02	   3.1141065e+02	   1.2166450e+00	
   3.2268200e+02	   3.2800056e+02	   5.3185611e+00	
   3.1053700e+02	   3.0999513e+02	  -5.4186612e-01	
   3.0983500e+02	   3.1031999e+02	   4.8498608e-01	
   3.2896400e+02	   3.2831484e+02	  -6.4916438e-01	
   3.2968800e+02	   3.2856680e+02	  -1.1212024e+00	
   3.3005000e+02	   3.2856367e+02	  -1.4863282e+00	
   3.1073000e+02	   3.2688501e+02	   1.6155007e+01	
   3.3010700e+02	   3.2843409e+02	  -1.6729121e+00	
   3.2925000e+02	   3.1983966e+02	  -9.4103413e+00	
   3.3009900e+02	   3.2855157e+02	  -1.5474333e+00	
   3.3001200e+02	   3.2782238e+02	  -2.1896166e+00	
   3.3020900e+02	   3.2798928e+02	  -2.2197242e+00	
   3.0109400e+02	   3.0332902e+02	   2.2350171e+00	
   3.2994100e+02	   3.2857790e+02	  -1.3630969e+00	
   3.0860600e+02	   3.1023913e+02	   1.6331251e+00	
   3.2763200e+02	   3.2414934e+02	  -3.4826616e+00	
   3.2994100e+02	   3.2832185e+02	  -1.6191540e+00	
   3.2726600e+02	   3.2839700e+02	   1.1310014e+00	
   3.1326500e+02	   3.1056693e+02	  -2.6980745e+00	
   3.2869900e+02	   3.2840559e+02	  -2.9341152e-01	
   3.0559900e+02	   3.1031796e+02	   4.7189613e+00	
   3.3031400e+02	   3.2822290e+02	  -2.0911006e+00	
   3.2993300e+02	   3.2839119e+02	  -1.5418097e+00	
   3.1012200e+02	   3.1062032e+02	   4.9831756e-01	
   3.3004600e+02	   3.2852101e+02	  -1.5249870e+00	
   2.9950900e+02	   2.9770198e+02	  -1.8070197e+00	
   3.2541300e+02	   3.2856185e+02	   3.1488536e+00	
   3.3005000e+02	   3.2264988e+02	  -7.4001162e+00	
   3.2727300e+02	   3.2778526e+02	   5.1225998e-01	
   3.0963500e+02	   3.1410057e+02	   4.4655671e+00	
   3.0312400e+02	   3.0142333e+02	  -1.7006732e+00	
   3.0714200e+02	   3.1075000e+02	   3.6079953e+00	
   3.1776200e+02	   3.2015265e+02	   2.3906499e+00	
   3.2429300e+02	   3.2831810e+02	   4.0250987e+00	
   3.2978600e+02	   3.2021481e+02	  -9.5711889e+00	
   3.3004300e+02	   3.2803770e+02	  -2.0052997e+00	
   3.0986900e+02	   3.1063099e+02	   7.6199439e-01	
   3.0976800e+02	   3.1046122e+02	   6.9322316e-01	
   3.2973300e+02	   3.2571997e+02	  -4.0130305e+00	
   3.2999300e+02	   3.2846816e+02	  -1.5248367e+00	
   3.2976700e+02	   3.2804311e+02	  -1.7238872e+00	
   3.0689600e+02	   3.1025301e+02	   3.3570071e+00	
   3.1063900e+02	   3.1018761e+02	  -4.5139421e-01	
   3.0026400e+02	   3.0064323e+02	   3.7923003e-01	
   3.0971100e+02	   3.0712645e+02	  -2.5845495e+00	
   3.0990000e+02	   3.1120646e+02	   1.3064574e+00	
   3.1202700e+02	   3.1030514e+02	  -1.7218642e+00	
   3.1009200e+02	   3.1055085e+02	   4.5885451e-01	
   3.2685100e+02	   3.2817548e+02	   1.3244790e+00	
   3.3005000e+02	   3.2832845e+02	  -1.7215526e+00	
   3.2996700e+02	   3.2856807e+02	  -1.3989281e+00	
   3.2970700e+02	   3.2844757e+02	  -1.2594314e+00	
   3.2976700e+02	   3.1926272e+02	  -1.0504275e+01	
   3.1395200e+02	   3.1125355e+02	  -2.6984489e+00	
   3.2949900e+02	   3.2711030e+02	  -2.3887034e+00	
   3.2976000e+02	   3.2856812e+02	  -1.1918776e+00	
   3.2987700e+02	   3.2831738e+02	  -1.5596210e+00	
   3.2997100e+02	   3.2857883e+02	  -1.3921734e+00	
   3.0907700e+02	   3.0942905e+02	   3.5204945e-01	
   3.2951100e+02	   3.2838086e+02	  -1.1301443e+00	
   3.1002400e+02	   3.0905279e+02	  -9.7120968e-01	
   3.0996000e+02	   3.1473030e+02	   4.7703029e+00	
   3.1056000e+02	   3.1045996e+02	  -1.0004418e-01	
   3.0975600e+02	   3.1056959e+02	   8.1359051e-01	
   3.3017100e+02	   3.2831403e+02	  -1.8569708e+00	
   3.0959000e+02	   3.1089696e+02	   1.3069568e+00	
   3.1604500e+02	   3.1270711e+02	  -3.3378944e+00	
   3.1098200e+02	   3.1064964e+02	  -3.3236293e-01	
   3.1025400e+02	   3.1074193e+02	   4.8792506e-01	
   3.1030300e+02	   3.0982407e+02	  -4.7892941e-01	
   3.0982400e+02	   3.0958284e+02	  -2.4115991e-01	
   3.1479300e+02	   3.1830065e+02	   3.5076477e+00	
   3.1040100e+02	   3.1071966e+02	   3.1866203e-01	
   3.1023200e+02	   3.1179118e+02	   1.5591763e+00	
   3.2805800e+02	   3.2848666e+02	   4.2866359e-01	
   3.1054500e+02	   3.1046057e+02	  -8.4429952e-02	
   3.2031600e+02	   3.1285139e+02	  -7.4646135e+00	
   3.3011800e+02	   3.2829022e+02	  -1.8277821e+00	
   3.1010000e+02	   3.1041153e+02	   3.1153106e-01	
   3.1049900e+02	   3.1048920e+02	  -9.8007644e-03	
   3.1152200e+02	   3.1018374e+02	  -1.3382567e+00	
   3.3000100e+02	   3.2855687e+02	  -1.4441267e+00	
   3.1055200e+02	   3.1459690e+02	   4.0448998e+00	
   3.3008800e+02	   3.2856869e+02	  -1.5193103e+00	
   3.2744700e+02	   3.2447350e+02	  -2.9734987e+00	
   3.2285900e+02	   3.2838856e+02	   5.5295620e+00	
   3.1510600e+02	   3.1046264e+02	  -4.6433645e+00	
   3.0963900e+02	   3.1052072e+02	   8.8172248e-01	
   3.2453400e+02	   3.2506487e+02	   5.3087272e-01	
   3.2994100e+02	   3.2853152e+02	  -1.4094777e+00	
   3.0486700e+02	   3.0475037e+02	  -1.1662535e-01	
   3.3004300e+02	   3.2707570e+02	  -2.9672955e+00	
   3.2418700e+02	   3.2096122e+02	  -3.2257795e+00	
   3.3007300e+02	   3.2597096e+02	  -4.1020445e+00	
   3.2980900e+02	   3.2819310e+02	  -1.6159036e+00	
   3.1131400e+02	   3.1448254e+02	   3.1685414e+00	
   3.1049900e+02	   3.1457625e+02	   4.0772537e+00	
   3.1038600e+02	   3.1020136e+02	  -1.8464090e-01	
   3.2976300e+02	   3.2766013e+02	  -2.1028721e+00	
   3.2951100e+02	   3.2854855e+02	  -9.6244844e-01	
   3.1053000e+02	   3.1165511e+02	   1.1251120e+00	
   3.1034900e+02	   3.1207214e+02	   1.7231381e+00	
   3.1026600e+02	   3.0889717e+02	  -1.3688311e+00	
   3.1011500e+02	   3.1024705e+02	   1.3205046e-01	
   3.2985400e+02	   3.2800941e+02	  -1.8445870e+00	
   3.0982800e+02	   3.1079326e+02	   9.6525537e-01	
   3.2981600e+02	   3.2849649e+02	  -1.3195144e+00	
   3.1002000e+02	   3.1121593e+02	   1.1959303e+00	
   3.3008000e+02	   3.2734458e+02	  -2.7354160e+00	
   3.2980100e+02	   3.2834892e+02	  -1.4520761e+00	
   3.1013700e+02	   3.1050321e+02	   3.6621479e-01	
   3.1060500e+02	   3.1562886e+02	   5.0238637e+00	
   3.0988400e+02	   3.1036356e+02	   4.7956242e-01	
   3.0986900e+02	   3.1092955e+02	   1.0605533e+00	
   3.0954100e+02	   3.0922127e+02	  -3.1972789e-01	
   3.1026200e+02	   3.1046263e+02	   2.0062883e-01	
   3.2565900e+02	   3.2609184e+02	   4.3284466e-01	
   3.2990700e+02	   3.2846901e+02	  -1.4379893e+00	
   3.1205400e+02	   3.1260902e+02	   5.5501569e-01	
   3.2986100e+02	   3.2857438e+02	  -1.2866175e+00	
   3.2721300e+02	   3.2782994e+02	   6.1693543e-01	
   3.3002700e+02	   3.2857465e+02	  -1.4523536e+00	
   3.2994400e+02	   3.2770506e+02	  -2.2389393e+00	
   3.1345700e+02	   3.1090311e+02	  -2.5538941e+00	
   3.2979700e+02	   3.2855726e+02	  -1.2397449e+00	
   3.3018200e+02	   3.2854257e+02	  -1.6394255e+00	
   3.2976000e+02	   3.2855838e+02	  -1.2016233e+00	
   3.2981600e+02	   3.2782913e+02	  -1.9868705e+00	
   3.0996400e+02	   3.1074177e+02	   7.7777261e-01	
   3.1197500e+02	   3.1562098e+02	   3.6459779e+00	
   3.2997100e+02	   3.2856298e+02	  -1.4080191e+00	
   3.0423700e+02	   3.0771205e+02	   3.4750531e+00	
   3.1060100e+02	   3.1020895e+02	  -3.9204840e-01	
   3.3006500e+02	   3.2484401e+02	  -5.2209904e+00	
   3.2987700e+02	   3.2787599e+02	  -2.0010063e+00	
   3.1079000e+02	   3.1035295e+02	  -4.3705351e-01	
   3.2980100e+02	   3.2853963e+02	  -1.2613656e+00	
   3.2205600e+02	   3.2848283e+02	   6.4268278e+00	
   3.0229000e+02	   3.0105476e+02	  -1.2352363e+00	
   3.0998300e+02	   3.1014572e+02	   1.6272150e-01	
   3.0949600e+02	   3.1030083e+02	   8.0483128e-01	
   3.2957500e+02	   3.2848241e+02	  -1.0925887e+00	
   3.2985400e+02	   3.2845924e+02	  -1.3947594e+00	
   3.1016000e+02	   3.0954462e+02	  -6.1538143e-01	
   3.0959800e+02	   3.0933103e+02	  -2.6696832e-01	
   3.1826800e+02	   3.1819893e+02	  -6.9072955e-02	
   3.3006100e+02	   3.2857333e+02	  -1.4876718e+00	
   3.1189900e+02	   3.1124799e+02	  -6.5101380e-01	
   3.1672100e+02	   3.2545926e+02	   8.7382559e+00	
   3.2980500e+02	   3.2857080e+02	  -1.2342007e+00	
   3.3000500e+02	   3.2857899e+02	  -1.4260110e+00	
   3.0104100e+02	   3.0075818e+02	  -2.8281948e-01	
   3.2962400e+02	   3.2839743e+02	  -1.2265665e+00	
   3.3015200e+02	   3.2820896e+02	  -1.9430398e+00	
   3.2994100e+02	   3.2624461e+02	  -3.6963865e+00	
   3.0672700e+02	   3.0829656e+02	   1.5695640e+00	
   3.2191600e+02	   3.2712767e+02	   5.2116693e+00	
   3.0994500e+02	   3.1005156e+02	   1.0656235e-01	
   3.1045800e+02	   3.1038269e+02	  -7.5313641e-02	
   3.0365200e+02	   3.0663536e+02	   2.9833552e+00	
   3.2126300e+02	   3.2701973e+02	   5.7567305e+00	
   3.1050700e+02	   3.1107664e+02	   5.6964039e-01	
   3.0460300e+02	   3.0653468e+02	   1.9316820e+00	
   3.0778700e+02	   3.0913404e+02	   1.3470364e+00	
   3.1767500e+02	   3.1159581e+02	  -6.0791930e+00	
   3.2370000e+02	   3.2837771e+02	   4.6777092e+00	
   3.2639000e+02	   3.2409481e+02	  -2.2951948e+00	
   3.1043900e+02	   3.1089301e+02	   4.5401248e-01	
   3.1003200e+02	   3.1089930e+02	   8.6729799e-01	
   3.2822000e+02	   3.2151060e+02	  -6.7093971e+00	
   3.1054500e+02	   3.1074949e+02	   2.0449304e-01	
   3.0997500e+02	   3.1047405e+02	   4.9905181e-01	
   3.2994400e+02	   3.2810462e+02	  -1.8393826e+00	
   3.2999000e+02	   3.2753740e+02	  -2.4526031e+00	
   3.2776800e+02	   3.2850373e+02	   7.3573060e-01	
   3.1005400e+02	   3.1054352e+02	   4.8952374e-01	
   3.2660600e+02	   3.2857217e+02	   1.9661720e+00	
   3.1638500e+02	   3.2185380e+02	   5.4688030e+00	
   3.1016400e+02	   3.0920075e+02	  -9.6324762e-01	
   3.1589100e+02	   3.1440453e+02	  -1.4864667e+00	
   3.1050700e+02	   3.1051646e+02	   9.4584384e-03	
   3.1361600e+02	   3.1073388e+02	  -2.8821227e+00	
   3.0626600e+02	   3.1000871e+02	   3.7427131e+00	
   3.1004700e+02	   3.1156972e+02	   1.5227217e+00	
   3.1005800e+02	   3.1022880e+02	   1.7079957e-01	
   3.1936600e+02	   3.2557368e+02	   6.2076828e+00	
   3.3011400e+02	   3.2857000e+02	  -1.5439953e+00	
   3.0141800e+02	   3.0133982e+02	  -7.8180469e-02	
   3.2991000e+02	   3.2858116e+02	  -1.3288414e+00	
   3.2994100e+02	   3.2587714e+02	  -4.0638571e+00	
   3.3011000e+02	   3.2856354e+02	  -1.5464572e+00	
   3.1467200e+02	   3.1048283e+02	  -4.1891661e+00	
   3.2891400e+02	   3.2857515e+02	  -3.3885164e-01	
   3.2045600e+02	   3.2760230e+02	   7.1463039e+00	
   3.3010300e+02	   3.2852160e+02	  -1.5813990e+00	
   3.0960200e+02	   3.0999582e+02	   3.9381604e-01	
   3.1013000e+02	   3.1048797e+02	   3.5796573e-01	
   3.2956700e+02	   3.2842637e+02	  -1.1406263e+00	
   3.2962000e+02	   3.2857728e+02	  -1.0427194e+00	
   3.0472300e+02	   3.0244404e+02	  -2.2789599e+00	
   3.2986100e+02	   3.2856917e+02	  -1.2918271e+00	
   3.2971800e+02	   3.2857201e+02	  -1.1459871e+00	
   3.1022800e+02	   3.0782188e+02	  -2.4061170e+00	
   3.0219900e+02	   3.0231259e+02	   1.1358569e-01	
   3.0970000e+02	   3.0957148e+02	  -1.2851868e-01	
   3.3002000e+02	   3.2855331e+02	  -1.4666936e+00	
   3.1809800e+02	   3.1571738e+02	  -2.3806247e+00	
   3.1704100e+02	   3.2701533e+02	   9.9743332e+00	
   3.2962400e+02	   3.2845532e+02	  -1.1686809e+00	
   3.2646200e+02	   3.2668468e+02	   2.2267877e-01	
   3.3010300e+02	   3.2857326e+02	  -1.5297432e+00	
   3.2976700e+02	   3.2481601e+02	  -4.9509870e+00	
   3.2913300e+02	   3.2857245e+02	  -5.6054502e-01	
   3.2991000e+02	   3.2829236e+02	  -1.6176374e+00	
   3.3012200e+02	   3.2732958e+02	  -2.7924235e+00	
   2.9941100e+02	   2.9729001e+02	  -2.1209872e+00	
   3.0751900e+02	   3.0964639e+02	   2.1273902e+00	
   3.2578700e+02	   3.2845193e+02	   2.6649309e+00	
   3.1042000e+02	   3.1252837e+02	   2.1083736e+00	
   3.1036400e+02	   3.2061199e+02	   1.0247994e+01	
   3.1773200e+02	   3.1121258e+02	  -6.5194227e+00	
   3.0986600e+02	   3.1072962e+02	   8.6361905e-01	
   3.3005000e+02	   3.2843077e+02	  -1.6192312e+00	
   3.0988400e+02	   3.1018557e+02	   3.0156669e-01	
   3.2562500e+02	   3.2857698e+02	   2.9519784e+00	
   3.0990700e+02	   3.0988546e+02	  -2.1544046e-02	
   3.1709400e+02	   3.1386130e+02	  -3.2327036e+00	
   3.1107300e+02	   3.1089298e+02	  -1.8001592e-01	
   3.2994800e+02	   3.2784384e+02	  -2.1041559e+00	
   3.1999900e+02	   3.1938573e+02	  -6.1326588e-01	
   3.1026200e+02	   3.1051848e+02	   2.5648008e-01	
   3.0971800e+02	   3.1145520e+02	   1.7372037e+00	
   3.1030700e+02	   3.1018100e+02	  -1.2599882e-01	
   3.0994100e+02	   3.1003305e+02	   9.2049875e-02	
   3.1056400e+02	   3.0933288e+02	  -1.2311244e+00	
   3.1054500e+02	   3.0990930e+02	  -6.3569834e-01	
   3.0053600e+02	   2.9782058e+02	  -2.7154231e+00	
   2.9955500e+02	   2.9619098e+02	  -3.3640176e+00	
   3.0999000e+02	   3.1103573e+02	   1.0457336e+00	
   3.3014400e+02	   3.2757042e+02	  -2.5735811e+00	
   3.1020900e+02	   3.1050260e+02	   2.9359520e-01	
   3.3004300e+02	   3.2857940e+02	  -1.4635956e+00	
   3.2992900e+02	   3.2854761e+02	  -1.3813867e+00	
   3.2988800e+02	   3.2830251e+02	  -1.5854934e+00	
   3.0984300e+02	   3.0968331e+02	  -1.5969372e-01	
   3.1691700e+02	   3.2561832e+02	   8.7013217e+00	
   3.2983900e+02	   3.2855852e+02	  -1.2804799e+00	
   3.2996300e+02	   3.2647497e+02	  -3.4880301e+00	
   3.0384000e+02	   3.0834558e+02	   4.5055800e+00	
   3.2477600e+02	   3.2856640e+02	   3.7903956e+00	
   3.2313800e+02	   3.2844658e+02	   5.3085808e+00	
   3.0979800e+02	   3.1159372e+02	   1.7957238e+00	
   3.1029200e+02	   3.1062538e+02	   3.3338264e-01	
   3.1011800e+02	   3.1062683e+02	   5.0883296e-01	
   3.2979000e+02	   3.2854289e+02	  -1.2471139e+00	
   3.2992600e+02	   3.2857237e+02	  -1.3536263e+00	
   3.3008000e+02	   3.2857087e+02	  -1.5091300e+00	
   3.3000100e+02	   3.2768765e+02	  -2.3133463e+00	
   3.1021300e+02	   3.1046970e+02	   2.5670459e-01	
   3.2814100e+02	   3.2845459e+02	   3.1358546e-01	
   3.1735800e+02	   3.1819688e+02	   8.3887882e-01	
   3.1031500e+02	   3.1057466e+02	   2.5966107e-01	
   3.2973300e+02	   3.2849284e+02	  -1.2401574e+00	
   3.0950000e+02	   3.1051447e+02	   1.0144734e+00	
   3.3006500e+02	   3.2857866e+02	  -1.4863354e+00	
   3.0959000e+02	   3.1126047e+02	   1.6704679e+00	
   3.2234200e+02	   3.2619033e+02	   3.8483339e+00	
   3.2783900e+02	   3.2855093e+02	   7.1192566e-01	
   3.2998600e+02	   3.2616530e+02	  -3.8207044e+00	
   3.1936600e+02	   3.2835550e+02	   8.9894972e+00	
   3.1904900e+02	   3.2841472e+02	   9.3657209e+00	
   3.0962000e+02	   3.1034961e+02	   7.2960607e-01	
   3.1033000e+02	   3.1048881e+02	   1.5881321e-01	
   3.1011800e+02	   3.1048457e+02	   3.6657103e-01	
   3.0820200e+02	   3.0993583e+02	   1.7338274e+00	
   3.1015600e+02	   3.1247457e+02	   2.3185662e+00	
   3.3010300e+02	   3.2856899e+02	  -1.5340068e+00	
   3.1061300e+02	   3.1017463e+02	  -4.3837381e-01	
   3.2992900e+02	   3.2767499e+02	  -2.2540143e+00	
   3.0953700e+02	   3.1037871e+02	   8.4170992e-01	
   3.3000100e+02	   3.2808731e+02	  -1.9136892e+00	
   3.1750600e+02	   3.2464380e+02	   7.1377981e+00	
   3.0983500e+02	   3.1241256e+02	   2.5775561e+00	
   3.0415400e+02	   3.0548692e+02	   1.3329212e+00	
   3.2785800e+02	   3.2659330e+02	  -1.2647049e+00	
   3.2993700e+02	   3.2851811e+02	  -1.4188930e+00	
   3.1501900e+02	   3.1092029e+02	  -4.0987118e+00	
   3.0508600e+02	   3.1074300e+02	   5.6570017e+00	
   3.1011500e+02	   3.1038076e+02	   2.6576387e-01	
   3.1030000e+02	   3.0702398e+02	  -3.2760233e+00	
   3.2904300e+02	   3.2857723e+02	  -4.6576532e-01	
   3.3002000e+02	   3.2795277e+02	  -2.0672335e+00	
   3.0667800e+02	   3.0976919e+02	   3.0911879e+00	
   3.2980100e+02	   3.2856352e+02	  -1.2374772e+00	
   3.2970700e+02	   3.2668952e+02	  -3.0174843e+00	
   3.2425900e+02	   3.2699776e+02	   2.7387626e+00	
   3.2990300e+02	   3.2840969e+02	  -1.4933130e+00	
   3.1065800e+02	   3.1429902e+02	   3.6410232e+00	
   3.1044300e+02	   3.1048161e+02	   3.8612831e-02	
   3.2989200e+02	   3.2846127e+02	  -1.4307313e+00	
   3.0736400e+02	   3.1074761e+02	   3.3836087e+00	
   3.0590000e+02	   3.0953198e+02	   3.6319822e+00	
   3.0958600e+02	   3.1046872e+02	   8.8271912e-01	
   3.3007300e+02	   3.2779664e+02	  -2.2763568e+00	
   3.1014100e+02	   3.1021229e+02	   7.1291238e-02	
   3.1852400e+02	   3.1390726e+02	  -4.6167429e+00	
   3.0989600e+02	   3.1004215e+02	   1.4615366e-01	
   3.1015600e+02	   3.0816813e+02	  -1.9878741e+00	
   3.0604000e+02	   3.0880030e+02	   2.7603030e+00	
   3.1979900e+02	   3.1645127e+02	  -3.3477313e+00	
   3.3005000e+02	   3.2804428e+02	  -2.0057218e+00	
   3.1676200e+02	   3.1169636e+02	  -5.0656436e+00	
   3.2532700e+02	   3.2830925e+02	   2.9822469e+00	
   3.2998200e+02	   3.2857937e+02	  -1.4026267e+00	
   3.3025000e+02	   3.2850548e+02	  -1.7445223e+00	
   3.2784300e+02	   3.2857274e+02	   7.2974313e-01	
   3.2722800e+02	   3.2856857e+02	   1.3405661e+00	
   3.2081100e+02	   3.2853837e+02	   7.7273701e+00	
   3.3002000e+02	   3.2851417e+02	  -1.5058274e+00	
   3.1019000e+02	   3.1088309e+02	   6.9308925e-01	
   3.1410200e+02	   3.2155091e+02	   7.4489138e+00	
   3.2996700e+02	   3.2855964e+02	  -1.4073562e+00	
   3.0016600e+02	   3.0420201e+02	   4.0360094e+00	
   3.2971800e+02	   3.2835429e+02	  -1.3637103e+00	
   3.1603800e+02	   3.1112282e+02	  -4.9151786e+00	
   3.0810000e+02	   3.0897356e+02	   8.7356096e-01	
   3.1065800e+02	   3.1311856e+02	   2.4605635e+00	
   3.2937500e+02	   3.2857014e+02	  -8.0485746e-01	
   3.1046600e+02	   3.1044115e+02	  -2.4854544e-02	
   3.0990700e+02	   3.1044715e+02	   5.4014873e-01	
   3.2620600e+02	   3.2845222e+02	   2.2462216e+00	
   3.2982400e+02	   3.2774058e+02	  -2.0834187e+00	
   3.2063300e+02	   3.1881743e+02	  -1.8155674e+00	
   3.2893700e+02	   3.2855943e+02	  -3.7756920e-01	
   3.1028100e+02	   3.0962593e+02	  -6.5506660e-01	
   3.2528500e+02	   3.2817494e+02	   2.8899409e+00	
   3.2147100e+02	   3.2806803e+02	   6.5970341e+00	
   3.2972900e+02	   3.2856914e+02	  -1.1598604e+00	
   3.2966900e+02	   3.2739420e+02	  -2.2747998e+00	
   3.1438500e+02	   3.1096713e+02	  -3.4178682e+00	
   3.1054500e+02	   3.1285058e+02	   2.3055830e+00	
   3.1030000e+02	   3.1109838e+02	   7.9837993e-01	
   3.1554400e+02	   3.1056367e+02	  -4.9803345e+00	
   3.2995600e+02	   3.2636471e+02	  -3.5912929e+00	
   3.1011100e+02	   3.1059393e+02	   4.8293003e-01	
   3.1063500e+02	   3.1376992e+02	   3.1349234e+00	
   3.2906200e+02	   3.2856913e+02	  -4.9286560e-01	
   3.1012600e+02	   3.1195167e+02	   1.8256671e+00	
   3.2995600e+02	   3.2578003e+02	  -4.1759683e+00	
   3.2861300e+02	   3.2855824e+02	  -5.4755480e-02	
   3.2325200e+02	   3.2328334e+02	   3.1338496e-02	
   3.2517200e+02	   3.2829112e+02	   3.1191171e+00	
   3.1037900e+02	   3.1136615e+02	   9.8714514e-01	
   3.1447600e+02	   3.1073090e+02	  -3.7451017e+00	
   3.1651000e+02	   3.1049698e+02	  -6.0130160e+00	
   2.9974300e+02	   2.9780744e+02	  -1.9355634e+00	
   3.1026900e+02	   3.1064286e+02	   3.7386404e-01	
   3.1026600e+02	   3.1069617e+02	   4.3016801e-01	
   3.3007600e+02	   3.2502281e+02	  -5.0531891e+00	
   3.2995600e+02	   3.2857929e+02	  -1.3767080e+00	
   3.1333700e+02	   3.1076129e+02	  -2.5757108e+00	
   3.2989200e+02	   3.2857356e+02	  -1.3184372e+00	
   3.0957100e+02	   3.1037244e+02	   8.0144162e-01	
   3.1128400e+02	   3.1038068e+02	  -9.0331514e-01	
   3.2996000e+02	   3.2844799e+02	  -1.5120111e+00	
   3.2005200e+02	   3.2772639e+02	   7.6743901e+00	
   3.3007300e+02	   3.2319692e+02	  -6.8760827e+00	
   3.2977500e+02	   3.2197005e+02	  -7.8049450e+00	
   3.2957500e+02	   3.2857600e+02	  -9.9900087e-01	
   3.1005800e+02	   3.1065415e+02	   5.9614605e-01	
   3.2987300e+02	   3.2832782e+02	  -1.5451771e+00	
   3.2983500e+02	   3.2662910e+02	  -3.2059041e+00	
   3.0998600e+02	   3.1023773e+02	   2.5172730e-01	
   3.1061300e+02	   3.1756938e+02	   6.9563839e+00	
   3.2605500e+02	   3.2586887e+02	  -1.8612564e-01	
   3.0997100e+02	   3.0937917e+02	  -5.9183121e-01	
   3.0962400e+02	   3.0878485e+02	  -8.3914570e-01	
   3.0983200e+02	   3.1021823e+02	   3.8623421e-01	
   3.1019800e+02	   3.1049891e+02	   3.0090982e-01	
   3.0336900e+02	   3.0424947e+02	   8.8046687e-01	
   3.3011800e+02	   3.2826758e+02	  -1.8504237e+00	
   3.0165600e+02	   3.0092563e+02	  -7.3037359e-01	
   3.0971500e+02	   3.0952951e+02	  -1.8548910e-01	
   3.1314800e+02	   3.1410518e+02	   9.5717500e-01	
   3.1233700e+02	   3.1057797e+02	  -1.7590334e+00	
   3.2109300e+02	   3.2729512e+02	   6.2021234e+00	
   3.1000100e+02	   3.1109482e+02	   1.0938231e+00	
   3.0299500e+02	   3.0377331e+02	   7.7831033e-01	
   3.0960900e+02	   3.0944181e+02	  -1.6718796e-01	
   3.1046200e+02	   3.1237253e+02	   1.9105273e+00	
   3.2979400e+02	   3.2858134e+02	  -1.2126601e+00	
   3.2983900e+02	   3.2813837e+02	  -1.7006267e+00	
   3.0039600e+02	   3.0250700e+02	   2.1109978e+00	
   3.2623200e+02	   3.2856839e+02	   2.3363872e+00	
   3.1977700e+02	   3.1994966e+02	   1.7266450e-01	
   3.3010300e+02	   3.2856128e+02	  -1.5417158e+00	
   3.2968000e+02	   3.2844964e+02	  -1.2303599e+00	
   3.2986900e+02	   3.2273040e+02	  -7.1385955e+00	
   3.1023900e+02	   3.1059035e+02	   3.5135109e-01	
   3.2981600e+02	   3.2726233e+02	  -2.5536675e+00	
   3.1293700e+02	   3.1055118e+02	  -2.3858202e+00	
   3.2044500e+02	   3.2054905e+02	   1.0404651e-01	
   2.9936600e+02	   2.9954432e+02	   1.7831748e-01	
   3.1833900e+02	   3.2187701e+02	   3.5380120e+00	
   3.2996700e+02	   3.2856909e+02	  -1.3979123e+00	
   3.1856200e+02	   3.1047286e+02	  -8.0891446e+00	
   3.2925400e+02	   3.2840303e+02	  -8.5097073e-01	
   3.0950000e+02	   3.0946666e+02	  -3.3339236e-02	
   3.0994900e+02	   3.1025450e+02	   3.0550103e-01	
   3.2866200e+02	   3.2856515e+02	  -9.6854185e-02	
   3.1036700e+02	   3.1078920e+02	   4.2219652e-01	
   3.2981200e+02	   3.2857950e+02	  -1.2324990e+00	
   3.1029200e+02	   3.1584047e+02	   5.5484709e+00	
   3.1000100e+02	   3.0998392e+02	  -1.7082487e-02	
   3.2640600e+02	   3.2782680e+02	   1.4207951e+00	
   2.9965300e+02	   2.9935633e+02	  -2.9666668e-01	
   3.2969200e+02	   3.2856728e+02	  -1.1247249e+00	
   3.0916800e+02	   3.1053592e+02	   1.3679227e+00	
   3.0983500e+02	   3.0977644e+02	  -5.8556433e-02	
   3.1001700e+02	   3.1240793e+02	   2.3909343e+00	
   3.2228900e+02	   3.2856024e+02	   6.2712360e+00	
   3.2976300e+02	   3.2855591e+02	  -1.2070898e+00	
   3.2854500e+02	   3.2852771e+02	  -1.7293953e-02	
   3.2359100e+02	   3.2796131e+02	   4.3703054e+00	
   3.1263500e+02	   3.1307780e+02	   4.4280334e-01	
   3.1272500e+02	   3.1058520e+02	  -2.1397960e+00	
   3.2976300e+02	   3.2854428e+02	  -1.2187178e+00	
   3.2998200e+02	   3.2792943e+02	  -2.0525706e+00	
   3.1378900e+02	   3.1072626e+02	  -3.0627420e+00	
   3.0055400e+02	   3.0623409e+02	   5.6800896e+00	
   3.0982400e+02	   3.0901367e+02	  -8.1033240e-01	
   3.1470200e+02	   3.1078174e+02	  -3.9202612e+00	
   3.2986100e+02	   3.2611042e+02	  -3.7505820e+00	
   3.1019800e+02	   3.1200267e+02	   1.8046687e+00	
   3.2283600e+02	   3.2853516e+02	   5.6991592e+00	
   3.2298700e+02	   3.2628039e+02	   3.2933877e+00	
   3.0996400e+02	   3.1046744e+02	   5.0343785e-01	
   3.2611100e+02	   3.2857007e+02	   2.4590732e+00	
   3.1062800e+02	   3.0999404e+02	  -6.3395817e-01	
   3.3020500e+02	   3.2788903e+02	  -2.3159660e+00	
   3.3006100e+02	   3.2853855e+02	  -1.5224481e+00	
   3.1024300e+02	   3.1040651e+02	   1.6351463e-01	
   3.2986500e+02	   3.2852833e+02	  -1.3366734e+00	
   3.1057100e+02	   3.2764826e+02	   1.7077256e+01	
   3.1012200e+02	   3.1047099e+02	   3.4899086e-01	
   3.1876900e+02	   3.2231730e+02	   3.5483041e+00	
   3.3003900e+02	   3.2843560e+02	  -1.6034045e+00	
   3.0266000e+02	   3.0016350e+02	  -2.4965044e+00	
   3.2751900e+02	   3.2251238e+02	  -5.0066188e+00	
   3.0986200e+02	   3.1053018e+02	   6.6818471e-01	
   3.2992900e+02	   3.2756509e+02	  -2.3639093e+00	
   3.1009600e+02	   3.1054250e+02	   4.4650354e-01	
   3.1882200e+02	   3.2826522e+02	   9.4432161e+00	
   3.1009200e+02	   3.1019594e+02	   1.0394451e-01	
   3.0136600e+02	   2.9674158e+02	  -4.6244249e+00	
   3.0958600e+02	   3.1077241e+02	   1.1864112e+00	
   3.2919000e+02	   3.2857825e+02	  -6.1175482e-01	
   3.1584200e+02	   3.1550263e+02	  -3.3936966e-01	
   3.1020100e+02	   3.0906353e+02	  -1.1374707e+00	
   3.2976300e+02	   3.2121274e+02	  -8.5502551e+00	
   3.2988800e+02	   3.2857249e+02	  -1.3155089e+00	
   3.2474200e+02	   3.2837950e+02	   3.6374978e+00	
   3.1072200e+02	   3.2424690e+02	   1.3524901e+01	
   3.2977800e+02	   3.2851988e+02	  -1.2581188e+00	
   3.2341000e+02	   3.2856829e+02	   5.1582858e+00	
   3.1281200e+02	   3.1583732e+02	   3.0253154e+00	
   3.2978200e+02	   3.2857515e+02	  -1.2068511e+00	
   3.0278000e+02	   2.9748814e+02	  -5.2918630e+00	
   3.2388900e+02	   3.2489750e+02	   1.0084958e+00	
   3.0969200e+02	   3.1046239e+02	   7.7039277e-01	
   3.0178400e+02	   3.1046492e+02	   8.6809190e+00	
   3.2987700e+02	   3.2847365e+02	  -1.4033516e+00	
   3.3004300e+02	   3.2528918e+02	  -4.7538249e+00	
   3.2966500e+02	   3.2856648e+02	  -1.0985225e+00	
   3.0865800e+02	   3.1619293e+02	   7.5349287e+00	
   3.0079200e+02	   2.9891099e+02	  -1.8810080e+00	
   3.1416700e+02	   3.2063490e+02	   6.4678964e+00	
