   0.0000000e+00	   1.0035340e+05	   5.1279256e+06	   2.3538367e+04	   6.0384848e+02	   1.2438539e+02	   2.1785393e+02	   2.9619128e+02	
   4.0161000e-01	   1.0040190e+05	   5.1266244e+06	   2.3534779e+04	   6.0384848e+02	   1.2436808e+02	   2.1783184e+02	   2.9620702e+02	
   8.0321000e-01	   1.0030450e+05	   5.1283226e+06	   2.3536336e+04	   6.0384848e+02	   1.2437709e+02	   2.1788959e+02	   2.9620144e+02	
   1.2048000e+00	   1.0038330e+05	   5.1278452e+06	   2.3537192e+04	   6.0384848e+02	   1.2437637e+02	   2.1786138e+02	   2.9619644e+02	
   1.6064000e+00	   1.0031930e+05	   5.1269562e+06	   2.3536038e+04	   6.0384848e+02	   1.2436529e+02	   2.1783429e+02	   2.9620064e+02	
   2.0080000e+00	   1.0028330e+05	   5.1273839e+06	   2.3537551e+04	   6.0384848e+02	   1.2435832e+02	   2.1783846e+02	   2.9619271e+02	
   2.4096000e+00	   1.0039510e+05	   5.1273448e+06	   2.3536578e+04	   6.0384848e+02	   1.2438019e+02	   2.1784580e+02	   2.9619945e+02	
   2.8112000e+00	   1.0037400e+05	   5.1258730e+06	   2.3534727e+04	   6.0384848e+02	   1.2437009e+02	   2.1780040e+02	   2.9620725e+02	
   3.2129000e+00	   1.0035660e+05	   5.1256237e+06	   2.3533584e+04	   6.0384848e+02	   1.2437725e+02	   2.1780038e+02	   2.9621355e+02	
   3.6145000e+00	   1.0037070e+05	   5.1296713e+06	   2.3540377e+04	   6.0384848e+02	   1.2436893e+02	   2.1790948e+02	   2.9618199e+02	
   4.0161000e+00	   1.0038450e+05	   5.1274016e+06	   2.3537580e+04	   6.0384848e+02	   1.2436796e+02	   2.1783895e+02	   2.9619339e+02	
   4.4177000e+00	   1.0033280e+05	   5.1266954e+06	   2.3534957e+04	   6.0384848e+02	   1.2436587e+02	   2.1783321e+02	   2.9620598e+02	
   4.8193000e+00	   1.0035440e+05	   5.1264354e+06	   2.3534396e+04	   6.0404545e+02	   1.2437435e+02	   2.1782736e+02	   2.9620940e+02	
   5.2209000e+00	   1.0028900e+05	   5.1251176e+06	   2.3534036e+04	   6.0384848e+02	   1.2435855e+02	   2.1777470e+02	   2.9620966e+02	
   5.6225000e+00	   1.0043160e+05	   5.1280459e+06	   2.3536456e+04	   6.0384848e+02	   1.2437419e+02	   2.1787673e+02	   2.9620025e+02	
   6.0241000e+00	   1.0035350e+05	   5.1258166e+06	   2.3534258e+04	   6.0384848e+02	   1.2437196e+02	   2.1780234e+02	   2.9620974e+02	
   6.4257000e+00	   1.0038310e+05	   5.1264499e+06	   2.3536115e+04	   6.0384848e+02	   1.2435328e+02	   2.1781207e+02	   2.9619896e+02	
   6.8273000e+00	   1.0036210e+05	   5.1267993e+06	   2.3535500e+04	   6.0384848e+02	   1.2435085e+02	   2.1783261e+02	   2.9620202e+02	
   7.2289000e+00	   1.0031280e+05	   5.1274265e+06	   2.3535596e+04	   6.0384848e+02	   1.2438427e+02	   2.1785836e+02	   2.9620482e+02	
   7.6305000e+00	   1.0037100e+05	   5.1285493e+06	   2.3538454e+04	   6.0384848e+02	   1.2436760e+02	   2.1787962e+02	   2.9619009e+02	
   8.0321000e+00	   1.0030750e+05	   5.1270467e+06	   2.3535560e+04	   6.0384848e+02	   1.2437977e+02	   2.1784256e+02	   2.9620435e+02	
   8.4337000e+00	   1.0034330e+05	   5.1298060e+06	   2.3539164e+04	   6.0384848e+02	   1.2438580e+02	   2.1792643e+02	   2.9618981e+02	
   8.8353000e+00	   1.0037220e+05	   5.1272364e+06	   2.3536066e+04	   6.0384848e+02	   1.2437510e+02	   2.1784594e+02	   2.9620153e+02	
   9.2369000e+00	   1.0037460e+05	   5.1263179e+06	   2.3534920e+04	   6.0384848e+02	   1.2436388e+02	   2.1781752e+02	   2.9620582e+02	
   9.6386000e+00	   1.0034470e+05	   5.1258358e+06	   2.3534236e+04	   6.0384848e+02	   1.2437131e+02	   2.1780337e+02	   2.9620979e+02	
   1.0040000e+01	   1.0030310e+05	   5.1256009e+06	   2.3532683e+04	   6.0395455e+02	   1.2436943e+02	   2.1780775e+02	   2.9621728e+02	
   1.0442000e+01	   1.0034450e+05	   5.1271540e+06	   2.3536295e+04	   6.0384848e+02	   1.2436830e+02	   2.1784032e+02	   2.9619974e+02	
   1.0843000e+01	   1.0033750e+05	   5.1274203e+06	   2.3536644e+04	   6.0384848e+02	   1.2435742e+02	   2.1784840e+02	   2.9619727e+02	
   1.1245000e+01	   1.0038430e+05	   5.1265748e+06	   2.3534198e+04	   6.0384848e+02	   1.2435832e+02	   2.1783511e+02	   2.9620908e+02	
   1.1647000e+01	   1.0032390e+05	   5.1272593e+06	   2.3535415e+04	   6.0384848e+02	   1.2437668e+02	   2.1785294e+02	   2.9620497e+02	
   1.2048000e+01	   1.0034540e+05	   5.1258646e+06	   2.3533554e+04	   6.0384848e+02	   1.2436429e+02	   2.1781090e+02	   2.9621253e+02	
   1.2450000e+01	   1.0037030e+05	   5.1264753e+06	   2.3536429e+04	   6.0395455e+02	   1.2436578e+02	   2.1781024e+02	   2.9619852e+02	
   1.2851000e+01	   1.0037350e+05	   5.1290059e+06	   2.3538574e+04	   6.0384848e+02	   1.2437131e+02	   2.1789790e+02	   2.9619042e+02	
   1.3253000e+01	   1.0034350e+05	   5.1286685e+06	   2.3538094e+04	   6.0384848e+02	   1.2437874e+02	   2.1788801e+02	   2.9619297e+02	
   1.3655000e+01	   1.0038950e+05	   5.1258717e+06	   2.3533169e+04	   6.0384848e+02	   1.2437895e+02	   2.1781477e+02	   2.9621577e+02	
   1.4056000e+01	   1.0035630e+05	   5.1267029e+06	   2.3535801e+04	   6.0384848e+02	   1.2436860e+02	   2.1782573e+02	   2.9620199e+02	
   1.4458000e+01	   1.0039480e+05	   5.1269643e+06	   2.3535017e+04	   6.0384848e+02	   1.2438154e+02	   2.1784408e+02	   2.9620718e+02	
   1.4859000e+01	   1.0035520e+05	   5.1258762e+06	   2.3534201e+04	   6.0395455e+02	   1.2435787e+02	   2.1780541e+02	   2.9620874e+02	
   1.5261000e+01	   1.0033670e+05	   5.1281712e+06	   2.3537462e+04	   6.0384848e+02	   1.2437245e+02	   2.1787273e+02	   2.9619509e+02	
   1.5663000e+01	   1.0037600e+05	   5.1262862e+06	   2.3533994e+04	   6.0395455e+02	   1.2437437e+02	   2.1782474e+02	   2.9621136e+02	
   1.6064000e+01	   1.0040270e+05	   5.1285976e+06	   2.3538575e+04	   6.0384848e+02	   1.2438190e+02	   2.1788055e+02	   2.9619064e+02	
   1.6466000e+01	   1.0035800e+05	   5.1298053e+06	   2.3540110e+04	   6.0384848e+02	   1.2437986e+02	   2.1791764e+02	   2.9618442e+02	
   1.6867000e+01	   1.0032950e+05	   5.1274410e+06	   2.3536289e+04	   6.0395455e+02	   1.2437444e+02	   2.1785256e+02	   2.9620050e+02	
   1.7269000e+01	   1.0032460e+05	   5.1277638e+06	   2.3536713e+04	   6.0384848e+02	   1.2436854e+02	   2.1786236e+02	   2.9619816e+02	
   1.7671000e+01	   1.0032610e+05	   5.1272967e+06	   2.3536545e+04	   6.0384848e+02	   1.2437035e+02	   2.1784407e+02	   2.9619875e+02	
   1.8072000e+01	   1.0036250e+05	   5.1267716e+06	   2.3535134e+04	   6.0384848e+02	   1.2436337e+02	   2.1783481e+02	   2.9620492e+02	
   1.8474000e+01	   1.0031060e+05	   5.1276694e+06	   2.3535877e+04	   6.0384848e+02	   1.2438350e+02	   2.1786608e+02	   2.9620355e+02	
   1.8876000e+01	   1.0037030e+05	   5.1259729e+06	   2.3533388e+04	   6.0384848e+02	   1.2437572e+02	   2.1781704e+02	   2.9621441e+02	
   1.9277000e+01	   1.0034090e+05	   5.1273527e+06	   2.3536567e+04	   6.0384848e+02	   1.2438358e+02	   2.1784624e+02	   2.9619980e+02	
   1.9679000e+01	   1.0040060e+05	   5.1267453e+06	   2.3535683e+04	   6.0384848e+02	   1.2436832e+02	   2.1782862e+02	   2.9620257e+02	
   2.0080000e+01	   1.0031100e+05	   5.1270162e+06	   2.3535845e+04	   6.0384848e+02	   1.2437470e+02	   2.1783863e+02	   2.9620246e+02	
   2.0482000e+01	   1.0033650e+05	   5.1272636e+06	   2.3536396e+04	   6.0395455e+02	   1.2437162e+02	   2.1784404e+02	   2.9619958e+02	
   2.0884000e+01	   1.0039380e+05	   5.1255648e+06	   2.3533655e+04	   6.0384848e+02	   1.2437560e+02	   2.1779723e+02	   2.9621306e+02	
   2.1285000e+01	   1.0036010e+05	   5.1263945e+06	   2.3534439e+04	   6.0384848e+02	   1.2437639e+02	   2.1782522e+02	   2.9620935e+02	
   2.1687000e+01	   1.0033040e+05	   5.1264604e+06	   2.3536260e+04	   6.0384848e+02	   1.2435113e+02	   2.1781117e+02	   2.9619805e+02	
   2.2088000e+01	   1.0036270e+05	   5.1283672e+06	   2.3538682e+04	   6.0384848e+02	   1.2436800e+02	   2.1786977e+02	   2.9618871e+02	
   2.2490000e+01	   1.0033600e+05	   5.1253580e+06	   2.3533521e+04	   6.0384848e+02	   1.2436134e+02	   2.1778968e+02	   2.9621240e+02	
   2.2892000e+01	   1.0038400e+05	   5.1282602e+06	   2.3537539e+04	   6.0395455e+02	   1.2436812e+02	   2.1787580e+02	   2.9619446e+02	
   2.3293000e+01	   1.0036910e+05	   5.1285639e+06	   2.3537152e+04	   6.0395455e+02	   1.2437065e+02	   2.1789229e+02	   2.9619707e+02	
   2.3695000e+01	   1.0034110e+05	   5.1289232e+06	   2.3538499e+04	   6.0384848e+02	   1.2436360e+02	   2.1789508e+02	   2.9619010e+02	
   2.4096000e+01	   1.0036760e+05	   5.1277843e+06	   2.3537715e+04	   6.0384848e+02	   1.2437392e+02	   2.1785395e+02	   2.9619352e+02	
   2.4498000e+01	   1.0033590e+05	   5.1266630e+06	   2.3536661e+04	   6.0384848e+02	   1.2438191e+02	   2.1781607e+02	   2.9619886e+02	
   2.4900000e+01	   1.0032710e+05	   5.1260489e+06	   2.3533668e+04	   6.0384848e+02	   1.2436822e+02	   2.1781768e+02	   2.9621236e+02	
   2.5301000e+01	   1.0034030e+05	   5.1290565e+06	   2.3539821e+04	   6.0384848e+02	   1.2436081e+02	   2.1788851e+02	   2.9618324e+02	
   2.5703000e+01	   1.0035850e+05	   5.1274332e+06	   2.3536003e+04	   6.0384848e+02	   1.2437033e+02	   2.1785488e+02	   2.9620160e+02	
   2.6104000e+01	   1.0042390e+05	   5.1275056e+06	   2.3536769e+04	   6.0404545e+02	   1.2434730e+02	   2.1785087e+02	   2.9619589e+02	
   2.6506000e+01	   1.0036810e+05	   5.1282125e+06	   2.3539030e+04	   6.0395455e+02	   1.2439212e+02	   2.1785997e+02	   2.9618872e+02	
   2.6908000e+01	   1.0036450e+05	   5.1261344e+06	   2.3534755e+04	   6.0384848e+02	   1.2437198e+02	   2.1781125e+02	   2.9620732e+02	
   2.7309000e+01	   1.0032230e+05	   5.1300339e+06	   2.3540050e+04	   6.0384848e+02	   1.2437089e+02	   2.1792791e+02	   2.9618456e+02	
   2.7711000e+01	   1.0037840e+05	   5.1253494e+06	   2.3535087e+04	   6.0384848e+02	   1.2436782e+02	   2.1777482e+02	   2.9620535e+02	
   2.8112000e+01	   1.0036770e+05	   5.1270033e+06	   2.3537075e+04	   6.0384848e+02	   1.2435406e+02	   2.1782670e+02	   2.9619449e+02	
   2.8514000e+01	   1.0040590e+05	   5.1259994e+06	   2.3534175e+04	   6.0384848e+02	   1.2437730e+02	   2.1781088e+02	   2.9621065e+02	
   2.8916000e+01	   1.0037120e+05	   5.1263494e+06	   2.3535740e+04	   6.0384848e+02	   1.2436691e+02	   2.1781127e+02	   2.9620201e+02	
   2.9317000e+01	   1.0034270e+05	   5.1251465e+06	   2.3532259e+04	   6.0384848e+02	   1.2436274e+02	   2.1779237e+02	   2.9621875e+02	
   2.9719000e+01	   1.0034960e+05	   5.1262604e+06	   2.3535401e+04	   6.0384848e+02	   1.2435976e+02	   2.1781062e+02	   2.9620304e+02	
   3.0120000e+01	   1.0033690e+05	   5.1267015e+06	   2.3536890e+04	   6.0384848e+02	   1.2436819e+02	   2.1781559e+02	   2.9619651e+02	
   3.0522000e+01	   1.0034540e+05	   5.1288825e+06	   2.3538879e+04	   6.0395455e+02	   1.2437614e+02	   2.1788984e+02	   2.9618902e+02	
   3.0924000e+01	   1.0031610e+05	   5.1272706e+06	   2.3537372e+04	   6.0395455e+02	   1.2436309e+02	   2.1783530e+02	   2.9619394e+02	
   3.1325000e+01	   1.0039890e+05	   5.1283959e+06	   2.3538011e+04	   6.0384848e+02	   1.2435874e+02	   2.1787719e+02	   2.9619148e+02	
   3.1727000e+01	   1.0030290e+05	   5.1255193e+06	   2.3532579e+04	   6.0384848e+02	   1.2433641e+02	   2.1780525e+02	   2.9621479e+02	
   3.2129000e+01	   1.0036900e+05	   5.1271463e+06	   2.3535849e+04	   6.0384848e+02	   1.2436647e+02	   2.1784412e+02	   2.9620183e+02	
   3.2530000e+01	   1.0035910e+05	   5.1267748e+06	   2.3536271e+04	   6.0384848e+02	   1.2436808e+02	   2.1782443e+02	   2.9619962e+02	
   3.2932000e+01	   1.0033530e+05	   5.1282823e+06	   2.3537609e+04	   6.0384848e+02	   1.2436706e+02	   2.1787609e+02	   2.9619405e+02	
   3.3333000e+01	   1.0033730e+05	   5.1277009e+06	   2.3539082e+04	   6.0395455e+02	   1.2435311e+02	   2.1783776e+02	   2.9618478e+02	
   3.3735000e+01	   1.0037040e+05	   5.1277662e+06	   2.3537116e+04	   6.0395455e+02	   1.2435579e+02	   2.1785873e+02	   2.9619507e+02	
   3.4137000e+01	   1.0039270e+05	   5.1259806e+06	   2.3532788e+04	   6.0384848e+02	   1.2435446e+02	   2.1782292e+02	   2.9621551e+02	
   3.4538000e+01	   1.0035630e+05	   5.1272387e+06	   2.3536355e+04	   6.0384848e+02	   1.2436863e+02	   2.1784336e+02	   2.9619952e+02	
   3.4940000e+01	   1.0034720e+05	   5.1267148e+06	   2.3535736e+04	   6.0395455e+02	   1.2436778e+02	   2.1782683e+02	   2.9620224e+02	
   3.5341000e+01	   1.0033830e+05	   5.1271697e+06	   2.3536525e+04	   6.0384848e+02	   1.2436410e+02	   2.1783886e+02	   2.9619823e+02	
   3.5743000e+01	   1.0035210e+05	   5.1288896e+06	   2.3539340e+04	   6.0395455e+02	   1.2437270e+02	   2.1788587e+02	   2.9618638e+02	
   3.6145000e+01	   1.0039160e+05	   5.1273954e+06	   2.3536194e+04	   6.0384848e+02	   1.2438800e+02	   2.1785151e+02	   2.9620208e+02	
   3.6546000e+01	   1.0034600e+05	   5.1261207e+06	   2.3535219e+04	   6.0384848e+02	   1.2436966e+02	   2.1780637e+02	   2.9620480e+02	
   3.6948000e+01	   1.0038330e+05	   5.1271548e+06	   2.3536141e+04	   6.0384848e+02	   1.2436605e+02	   2.1784178e+02	   2.9620032e+02	
   3.7349000e+01	   1.0033130e+05	   5.1263060e+06	   2.3534941e+04	   6.0384848e+02	   1.2436102e+02	   2.1781682e+02	   2.9620546e+02	
   3.7751000e+01	   1.0033480e+05	   5.1263816e+06	   2.3535178e+04	   6.0384848e+02	   1.2438857e+02	   2.1781784e+02	   2.9620677e+02	
   3.8153000e+01	   1.0031610e+05	   5.1274168e+06	   2.3537028e+04	   6.0384848e+02	   1.2435672e+02	   2.1784470e+02	   2.9619526e+02	
   3.8554000e+01	   1.0030900e+05	   5.1266606e+06	   2.3535234e+04	   6.0384848e+02	   1.2435416e+02	   2.1782918e+02	   2.9620356e+02	
   3.8956000e+01	   1.0036090e+05	   5.1269653e+06	   2.3537321e+04	   6.0384848e+02	   1.2435731e+02	   2.1782280e+02	   2.9619351e+02	
   3.9357000e+01	   1.0036220e+05	   5.1267770e+06	   2.3535761e+04	   6.0395455e+02	   1.2437083e+02	   2.1782924e+02	   2.9620241e+02	
   3.9759000e+01	   1.0038510e+05	   5.1260346e+06	   2.3533468e+04	   6.0384848e+02	   1.2436213e+02	   2.1781892e+02	   2.9621281e+02	
   4.0161000e+01	   1.0037480e+05	   5.1275460e+06	   2.3536981e+04	   6.0384848e+02	   1.2437413e+02	   2.1785063e+02	   2.9619706e+02	
   4.0562000e+01	   1.0040830e+05	   5.1265484e+06	   2.3533386e+04	   6.0384848e+02	   1.2436913e+02	   2.1784151e+02	   2.9621408e+02	
   4.0964000e+01	   1.0031910e+05	   5.1297413e+06	   2.3540447e+04	   6.0384848e+02	   1.2437756e+02	   2.1791180e+02	   2.9618237e+02	
   4.1365000e+01	   1.0031980e+05	   5.1271368e+06	   2.3535212e+04	   6.0384848e+02	   1.2437237e+02	   2.1784961e+02	   2.9620554e+02	
   4.1767000e+01	   1.0037130e+05	   5.1278104e+06	   2.3536463e+04	   6.0384848e+02	   1.2435223e+02	   2.1786665e+02	   2.9619819e+02	
   4.2169000e+01	   1.0038230e+05	   5.1256969e+06	   2.3534803e+04	   6.0395455e+02	   1.2437081e+02	   2.1779222e+02	   2.9620695e+02	
   4.2570000e+01	   1.0041000e+05	   5.1261803e+06	   2.3533197e+04	   6.0384848e+02	   1.2435080e+02	   2.1782762e+02	   2.9621324e+02	
   4.2972000e+01	   1.0038060e+05	   5.1292469e+06	   2.3540590e+04	   6.0384848e+02	   1.2435039e+02	   2.1788948e+02	   2.9617878e+02	
   4.3373000e+01	   1.0035640e+05	   5.1268570e+06	   2.3534965e+04	   6.0384848e+02	   1.2437058e+02	   2.1784001e+02	   2.9620644e+02	
   4.3775000e+01	   1.0034000e+05	   5.1269442e+06	   2.3534153e+04	   6.0384848e+02	   1.2436123e+02	   2.1785123e+02	   2.9620982e+02	
   4.4177000e+01	   1.0036080e+05	   5.1289002e+06	   2.3539650e+04	   6.0384848e+02	   1.2438613e+02	   2.1788345e+02	   2.9618583e+02	
   4.4578000e+01	   1.0040780e+05	   5.1268696e+06	   2.3536331e+04	   6.0395455e+02	   1.2435669e+02	   2.1782790e+02	   2.9619838e+02	
   4.4980000e+01	   1.0036530e+05	   5.1275345e+06	   2.3537224e+04	   6.0384848e+02	   1.2437760e+02	   2.1784788e+02	   2.9619610e+02	
   4.5382000e+01	   1.0040290e+05	   5.1272041e+06	   2.3536172e+04	   6.0384848e+02	   1.2437210e+02	   2.1784359e+02	   2.9620072e+02	
   4.5783000e+01	   1.0040580e+05	   5.1266879e+06	   2.3537466e+04	   6.0384848e+02	   1.2435028e+02	   2.1780968e+02	   2.9619204e+02	
   4.6185000e+01	   1.0036160e+05	   5.1260727e+06	   2.3535104e+04	   6.0384848e+02	   1.2436900e+02	   2.1780540e+02	   2.9620531e+02	
   4.6586000e+01	   1.0031000e+05	   5.1284030e+06	   2.3537906e+04	   6.0404545e+02	   1.2436741e+02	   2.1787847e+02	   2.9619270e+02	
   4.6988000e+01	   1.0041980e+05	   5.1274287e+06	   2.3536811e+04	   6.0384848e+02	   1.2434449e+02	   2.1784721e+02	   2.9619537e+02	
   4.7390000e+01	   1.0035590e+05	   5.1280313e+06	   2.3537089e+04	   6.0384848e+02	   1.2437373e+02	   2.1787024e+02	   2.9619694e+02	
   4.7791000e+01	   1.0038630e+05	   5.1282594e+06	   2.3538958e+04	   6.0384848e+02	   1.2435390e+02	   2.1786263e+02	   2.9618605e+02	
   4.8193000e+01	   1.0034800e+05	   5.1274490e+06	   2.3536963e+04	   6.0384848e+02	   1.2437679e+02	   2.1784667e+02	   2.9619729e+02	
   4.8594000e+01	   1.0039550e+05	   5.1273640e+06	   2.3536509e+04	   6.0384848e+02	   1.2436731e+02	   2.1784726e+02	   2.9619873e+02	
   4.8996000e+01	   1.0040660e+05	   5.1258330e+06	   2.3533648e+04	   6.0384848e+02	   1.2436987e+02	   2.1780869e+02	   2.9621257e+02	
   4.9398000e+01	   1.0036100e+05	   5.1288354e+06	   2.3539863e+04	   6.0404545e+02	   1.2436314e+02	   2.1787873e+02	   2.9618287e+02	
   4.9799000e+01	   1.0032870e+05	   5.1291872e+06	   2.3540503e+04	   6.0384848e+02	   1.2437544e+02	   2.1788775e+02	   2.9618101e+02	
   5.0201000e+01	   1.0034420e+05	   5.1275509e+06	   2.3536996e+04	   6.0395455e+02	   1.2434451e+02	   2.1785070e+02	   2.9619455e+02	
   5.0602000e+01	   1.0037180e+05	   5.1286560e+06	   2.3537395e+04	   6.0384848e+02	   1.2437619e+02	   2.1789395e+02	   2.9619637e+02	
   5.1004000e+01	   1.0034490e+05	   5.1255904e+06	   2.3534595e+04	   6.0384848e+02	   1.2436299e+02	   2.1778962e+02	   2.9620725e+02	
   5.1406000e+01	   1.0032830e+05	   5.1268712e+06	   2.3535901e+04	   6.0384848e+02	   1.2437832e+02	   2.1783195e+02	   2.9620241e+02	
   5.1807000e+01	   1.0031490e+05	   5.1288102e+06	   2.3540557e+04	   6.0384848e+02	   1.2436428e+02	   2.1787123e+02	   2.9617935e+02	
   5.2209000e+01	   1.0039110e+05	   5.1273463e+06	   2.3537005e+04	   6.0395455e+02	   1.2437795e+02	   2.1784191e+02	   2.9619710e+02	
   5.2610000e+01	   1.0027910e+05	   5.1247289e+06	   2.3531712e+04	   6.0384848e+02	   1.2436843e+02	   2.1777968e+02	   2.9622206e+02	
   5.3012000e+01	   1.0035480e+05	   5.1299989e+06	   2.3541381e+04	   6.0384848e+02	   1.2437013e+02	   2.1791410e+02	   2.9617743e+02	
   5.3414000e+01	   1.0037860e+05	   5.1254347e+06	   2.3534016e+04	   6.0384848e+02	   1.2434975e+02	   2.1778836e+02	   2.9620888e+02	
   5.3815000e+01	   1.0036390e+05	   5.1280910e+06	   2.3537338e+04	   6.0384848e+02	   1.2436474e+02	   2.1787048e+02	   2.9619502e+02	
   5.4217000e+01	   1.0036510e+05	   5.1268617e+06	   2.3534984e+04	   6.0384848e+02	   1.2434471e+02	   2.1784003e+02	   2.9620416e+02	
   5.4618000e+01	   1.0035150e+05	   5.1267730e+06	   2.3535023e+04	   6.0404545e+02	   1.2439096e+02	   2.1783590e+02	   2.9620787e+02	
   5.5020000e+01	   1.0038810e+05	   5.1282753e+06	   2.3537891e+04	   6.0384848e+02	   1.2438218e+02	   2.1787319e+02	   2.9619379e+02	
   5.5422000e+01	   1.0038140e+05	   5.1262280e+06	   2.3533778e+04	   6.0384848e+02	   1.2436478e+02	   2.1782427e+02	   2.9621157e+02	
   5.5823000e+01	   1.0039960e+05	   5.1280347e+06	   2.3537443e+04	   6.0395455e+02	   1.2437816e+02	   2.1786711e+02	   2.9619549e+02	
   5.6225000e+01	   1.0031380e+05	   5.1272203e+06	   2.3535495e+04	   6.0384848e+02	   1.2437913e+02	   2.1785054e+02	   2.9620474e+02	
   5.6627000e+01	   1.0036330e+05	   5.1289569e+06	   2.3540054e+04	   6.0384848e+02	   1.2436351e+02	   2.1788213e+02	   2.9618209e+02	
   5.7028000e+01	   1.0039050e+05	   5.1272188e+06	   2.3535911e+04	   6.0384848e+02	   1.2436423e+02	   2.1784663e+02	   2.9620138e+02	
   5.7430000e+01	   1.0038110e+05	   5.1276215e+06	   2.3535772e+04	   6.0384848e+02	   1.2437243e+02	   2.1786502e+02	   2.9620313e+02	
   5.7831000e+01	   1.0030570e+05	   5.1302473e+06	   2.3541683e+04	   6.0395455e+02	   1.2438151e+02	   2.1792186e+02	   2.9617713e+02	
   5.8233000e+01	   1.0033950e+05	   5.1272765e+06	   2.3536751e+04	   6.0384848e+02	   1.2435148e+02	   2.1784130e+02	   2.9619611e+02	
   5.8635000e+01	   1.0038370e+05	   5.1274766e+06	   2.3536991e+04	   6.0384848e+02	   1.2434310e+02	   2.1784758e+02	   2.9619438e+02	
   5.9036000e+01	   1.0032080e+05	   5.1255310e+06	   2.3533953e+04	   6.0384848e+02	   1.2434026e+02	   2.1779303e+02	   2.9620831e+02	
   5.9438000e+01	   1.0040270e+05	   5.1269225e+06	   2.3535533e+04	   6.0384848e+02	   1.2436601e+02	   2.1783754e+02	   2.9620323e+02	
   5.9839000e+01	   1.0036220e+05	   5.1284557e+06	   2.3538818e+04	   6.0384848e+02	   1.2435573e+02	   2.1787227e+02	   2.9618717e+02	
   6.0241000e+01	   1.0035890e+05	   5.1287155e+06	   2.3539297e+04	   6.0384848e+02	   1.2437031e+02	   2.1787887e+02	   2.9618617e+02	
   6.0643000e+01	   1.0034170e+05	   5.1295945e+06	   2.3542022e+04	   6.0384848e+02	   1.2434806e+02	   2.1789099e+02	   2.9617173e+02	
   6.1044000e+01	   1.0033230e+05	   5.1261843e+06	   2.3534673e+04	   6.0384848e+02	   1.2436604e+02	   2.1781413e+02	   2.9620720e+02	
   6.1446000e+01	   1.0035120e+05	   5.1277115e+06	   2.3537191e+04	   6.0384848e+02	   1.2436939e+02	   2.1785571e+02	   2.9619574e+02	
   6.1847000e+01	   1.0035450e+05	   5.1247220e+06	   2.3531453e+04	   6.0395455e+02	   1.2436178e+02	   2.1778179e+02	   2.9622269e+02	
   6.2249000e+01	   1.0031870e+05	   5.1267198e+06	   2.3536876e+04	   6.0384848e+02	   1.2435689e+02	   2.1781649e+02	   2.9619558e+02	
   6.2651000e+01	   1.0037690e+05	   5.1271745e+06	   2.3535942e+04	   6.0384848e+02	   1.2435833e+02	   2.1784446e+02	   2.9620070e+02	
   6.3052000e+01	   1.0030560e+05	   5.1264670e+06	   2.3534400e+04	   6.0384848e+02	   1.2437424e+02	   2.1782867e+02	   2.9620939e+02	
   6.3454000e+01	   1.0030550e+05	   5.1268261e+06	   2.3535535e+04	   6.0384848e+02	   1.2437334e+02	   2.1783342e+02	   2.9620379e+02	
   6.3855000e+01	   1.0038060e+05	   5.1267903e+06	   2.3535890e+04	   6.0384848e+02	   1.2436951e+02	   2.1782862e+02	   2.9620166e+02	
   6.4257000e+01	   1.0035130e+05	   5.1277185e+06	   2.3537275e+04	   6.0384848e+02	   1.2435404e+02	   2.1785523e+02	   2.9619407e+02	
   6.4659000e+01	   1.0036880e+05	   5.1271348e+06	   2.3536147e+04	   6.0384848e+02	   1.2438287e+02	   2.1784087e+02	   2.9620171e+02	
   6.5060000e+01	   1.0033320e+05	   5.1259927e+06	   2.3534995e+04	   6.0384848e+02	   1.2435360e+02	   2.1780301e+02	   2.9620444e+02	
   6.5462000e+01	   1.0033790e+05	   5.1266529e+06	   2.3535039e+04	   6.0384848e+02	   1.2436369e+02	   2.1783066e+02	   2.9620536e+02	
   6.5863000e+01	   1.0037420e+05	   5.1276982e+06	   2.3536920e+04	   6.0384848e+02	   1.2436616e+02	   2.1785766e+02	   2.9619684e+02	
   6.6265000e+01	   1.0038310e+05	   5.1292235e+06	   2.3539797e+04	   6.0384848e+02	   1.2438029e+02	   2.1789582e+02	   2.9618509e+02	
   6.6667000e+01	   1.0038120e+05	   5.1274250e+06	   2.3536713e+04	   6.0384848e+02	   1.2436927e+02	   2.1784796e+02	   2.9619791e+02	
   6.7068000e+01	   1.0038110e+05	   5.1296005e+06	   2.3539455e+04	   6.0384848e+02	   1.2438160e+02	   2.1791501e+02	   2.9618760e+02	
   6.7470000e+01	   1.0031050e+05	   5.1266950e+06	   2.3535047e+04	   6.0384848e+02	   1.2437775e+02	   2.1783237e+02	   2.9620656e+02	
   6.7871000e+01	   1.0034340e+05	   5.1273919e+06	   2.3536874e+04	   6.0384848e+02	   1.2436831e+02	   2.1784507e+02	   2.9619699e+02	
   6.8273000e+01	   1.0042620e+05	   5.1260549e+06	   2.3534609e+04	   6.0384848e+02	   1.2435938e+02	   2.1780922e+02	   2.9620689e+02	
   6.8675000e+01	   1.0035330e+05	   5.1268434e+06	   2.3536438e+04	   6.0384848e+02	   1.2436482e+02	   2.1782580e+02	   2.9619853e+02	
   6.9076000e+01	   1.0039630e+05	   5.1246471e+06	   2.3530636e+04	   6.0384848e+02	   1.2437093e+02	   2.1778617e+02	   2.9622758e+02	
   6.9478000e+01	   1.0037030e+05	   5.1307260e+06	   2.3542761e+04	   6.0384848e+02	   1.2438741e+02	   2.1793221e+02	   2.9617283e+02	
   6.9880000e+01	   1.0039810e+05	   5.1276402e+06	   2.3537251e+04	   6.0384848e+02	   1.2438440e+02	   2.1785213e+02	   2.9619662e+02	
   7.0281000e+01	   1.0037130e+05	   5.1284081e+06	   2.3537579e+04	   6.0384848e+02	   1.2437169e+02	   2.1788172e+02	   2.9619473e+02	
   7.0683000e+01	   1.0035980e+05	   5.1274806e+06	   2.3536976e+04	   6.0395455e+02	   1.2437335e+02	   2.1784789e+02	   2.9619696e+02	
   7.1084000e+01	   1.0036590e+05	   5.1272688e+06	   2.3535887e+04	   6.0395455e+02	   1.2436370e+02	   2.1784897e+02	   2.9620150e+02	
   7.1486000e+01	   1.0031670e+05	   5.1276278e+06	   2.3538530e+04	   6.0384848e+02	   1.2436111e+02	   2.1783976e+02	   2.9618819e+02	
   7.1888000e+01	   1.0034880e+05	   5.1281615e+06	   2.3537252e+04	   6.0384848e+02	   1.2436819e+02	   2.1787427e+02	   2.9619582e+02	
   7.2289000e+01	   1.0038750e+05	   5.1258181e+06	   2.3533928e+04	   6.0384848e+02	   1.2437137e+02	   2.1780546e+02	   2.9621132e+02	
   7.2691000e+01	   1.0039610e+05	   5.1279437e+06	   2.3536316e+04	   6.0384848e+02	   1.2435625e+02	   2.1787368e+02	   2.9619943e+02	
   7.3092000e+01	   1.0035970e+05	   5.1262274e+06	   2.3534789e+04	   6.0384848e+02	   1.2437113e+02	   2.1781489e+02	   2.9620709e+02	
   7.3494000e+01	   1.0036760e+05	   5.1265436e+06	   2.3535647e+04	   6.0395455e+02	   1.2435799e+02	   2.1782038e+02	   2.9620175e+02	
   7.3896000e+01	   1.0038090e+05	   5.1262332e+06	   2.3534847e+04	   6.0404545e+02	   1.2438382e+02	   2.1781460e+02	   2.9620795e+02	
   7.4297000e+01	   1.0038350e+05	   5.1270058e+06	   2.3535818e+04	   6.0384848e+02	   1.2435643e+02	   2.1783843e+02	   2.9620103e+02	
   7.4699000e+01	   1.0038920e+05	   5.1252990e+06	   2.3533547e+04	   6.0384848e+02	   1.2435674e+02	   2.1778693e+02	   2.9621184e+02	
   7.5100000e+01	   1.0035120e+05	   5.1280894e+06	   2.3537061e+04	   6.0384848e+02	   1.2437806e+02	   2.1787297e+02	   2.9619750e+02	
   7.5502000e+01	   1.0030140e+05	   5.1294067e+06	   2.3540136e+04	   6.0384848e+02	   1.2438534e+02	   2.1790047e+02	   2.9618399e+02	
   7.5904000e+01	   1.0038100e+05	   5.1258047e+06	   2.3534365e+04	   6.0395455e+02	   1.2438036e+02	   2.1780085e+02	   2.9620999e+02	
   7.6305000e+01	   1.0039850e+05	   5.1267486e+06	   2.3536741e+04	   6.0395455e+02	   1.2439048e+02	   2.1781897e+02	   2.9619926e+02	
   7.6707000e+01	   1.0029410e+05	   5.1247569e+06	   2.3532407e+04	   6.0384848e+02	   1.2436993e+02	   2.1777445e+02	   2.9621882e+02	
   7.7108000e+01	   1.0037460e+05	   5.1283355e+06	   2.3537320e+04	   6.0384848e+02	   1.2438273e+02	   2.1788103e+02	   2.9619684e+02	
   7.7510000e+01	   1.0036650e+05	   5.1275071e+06	   2.3536101e+04	   6.0384848e+02	   1.2436610e+02	   2.1785712e+02	   2.9620083e+02	
   7.7912000e+01	   1.0040800e+05	   5.1295168e+06	   2.3539528e+04	   6.0384848e+02	   1.2437855e+02	   2.1791078e+02	   2.9618685e+02	
   7.8313000e+01	   1.0031440e+05	   5.1264824e+06	   2.3534565e+04	   6.0384848e+02	   1.2436246e+02	   2.1782780e+02	   2.9620754e+02	
   7.8715000e+01	   1.0035240e+05	   5.1289523e+06	   2.3538469e+04	   6.0384848e+02	   1.2438796e+02	   2.1789659e+02	   2.9619214e+02	
   7.9116000e+01	   1.0039010e+05	   5.1271240e+06	   2.3536477e+04	   6.0384848e+02	   1.2437186e+02	   2.1783736e+02	   2.9619910e+02	
   7.9518000e+01	   1.0039380e+05	   5.1282570e+06	   2.3537738e+04	   6.0395455e+02	   1.2436422e+02	   2.1787382e+02	   2.9619313e+02	
   7.9920000e+01	   1.0037530e+05	   5.1273181e+06	   2.3537611e+04	   6.0384848e+02	   1.2436890e+02	   2.1783511e+02	   2.9619326e+02	
   8.0321000e+01	   1.0037510e+05	   5.1260605e+06	   2.3533058e+04	   6.0395455e+02	   1.2436767e+02	   2.1782381e+02	   2.9621536e+02	
   8.0723000e+01	   1.0037450e+05	   5.1271205e+06	   2.3535980e+04	   6.0384848e+02	   1.2435640e+02	   2.1784181e+02	   2.9620030e+02	
   8.1124000e+01	   1.0031620e+05	   5.1273834e+06	   2.3537494e+04	   6.0384848e+02	   1.2435489e+02	   2.1783897e+02	   2.9619272e+02	
   8.1526000e+01	   1.0032560e+05	   5.1269679e+06	   2.3535499e+04	   6.0384848e+02	   1.2436109e+02	   2.1783978e+02	   2.9620301e+02	
   8.1928000e+01	   1.0037870e+05	   5.1266271e+06	   2.3534986e+04	   6.0384848e+02	   1.2437161e+02	   2.1783004e+02	   2.9620629e+02	
   8.2329000e+01	   1.0031580e+05	   5.1276418e+06	   2.3536649e+04	   6.0404545e+02	   1.2438781e+02	   2.1785777e+02	   2.9619995e+02	
   8.2731000e+01	   1.0039690e+05	   5.1278062e+06	   2.3537060e+04	   6.0384848e+02	   1.2436624e+02	   2.1786095e+02	   2.9619625e+02	
   8.3133000e+01	   1.0034200e+05	   5.1269649e+06	   2.3536394e+04	   6.0395455e+02	   1.2436222e+02	   2.1783137e+02	   2.9619860e+02	
   8.3534000e+01	   1.0034390e+05	   5.1259521e+06	   2.3533538e+04	   6.0384848e+02	   1.2438503e+02	   2.1781477e+02	   2.9621451e+02	
   8.3936000e+01	   1.0037060e+05	   5.1253291e+06	   2.3532939e+04	   6.0384848e+02	   1.2436658e+02	   2.1779384e+02	   2.9621575e+02	
   8.4337000e+01	   1.0036750e+05	   5.1273773e+06	   2.3536288e+04	   6.0395455e+02	   1.2436521e+02	   2.1784987e+02	   2.9619969e+02	
   8.4739000e+01	   1.0033580e+05	   5.1256375e+06	   2.3534057e+04	   6.0384848e+02	   1.2436328e+02	   2.1779660e+02	   2.9620993e+02	
   8.5141000e+01	   1.0037810e+05	   5.1289726e+06	   2.3540541e+04	   6.0384848e+02	   1.2437934e+02	   2.1787828e+02	   2.9618081e+02	
   8.5542000e+01	   1.0040390e+05	   5.1277227e+06	   2.3538193e+04	   6.0384848e+02	   1.2437546e+02	   2.1784691e+02	   2.9619117e+02	
   8.5944000e+01	   1.0034220e+05	   5.1289392e+06	   2.3538239e+04	   6.0404545e+02	   1.2436489e+02	   2.1789817e+02	   2.9619158e+02	
   8.6345000e+01	   1.0033590e+05	   5.1274881e+06	   2.3537060e+04	   6.0384848e+02	   1.2437000e+02	   2.1784743e+02	   2.9619626e+02	
   8.6747000e+01	   1.0031690e+05	   5.1271695e+06	   2.3536756e+04	   6.0384848e+02	   1.2436844e+02	   2.1783671e+02	   2.9619743e+02	
   8.7149000e+01	   1.0034910e+05	   5.1286969e+06	   2.3541285e+04	   6.0404545e+02	   1.2437292e+02	   2.1785969e+02	   2.9617616e+02	
   8.7550000e+01	   1.0031370e+05	   5.1264048e+06	   2.3536258e+04	   6.0384848e+02	   1.2436209e+02	   2.1780883e+02	   2.9619902e+02	
   8.7952000e+01	   1.0038650e+05	   5.1282250e+06	   2.3538591e+04	   6.0384848e+02	   1.2436952e+02	   2.1786457e+02	   2.9618914e+02	
   8.8353000e+01	   1.0034940e+05	   5.1286314e+06	   2.3538840e+04	   6.0384848e+02	   1.2437043e+02	   2.1787953e+02	   2.9618843e+02	
   8.8755000e+01	   1.0043630e+05	   5.1263491e+06	   2.3534417e+04	   6.0384848e+02	   1.2435091e+02	   2.1782350e+02	   2.9620721e+02	
   8.9157000e+01	   1.0032970e+05	   5.1267679e+06	   2.3536257e+04	   6.0384848e+02	   1.2437419e+02	   2.1782427e+02	   2.9620022e+02	
   8.9558000e+01	   1.0037140e+05	   5.1269274e+06	   2.3535579e+04	   6.0384848e+02	   1.2437214e+02	   2.1783732e+02	   2.9620352e+02	
   8.9960000e+01	   1.0040180e+05	   5.1267672e+06	   2.3535163e+04	   6.0384848e+02	   1.2435136e+02	   2.1783436e+02	   2.9620374e+02	
   9.0361000e+01	   1.0034280e+05	   5.1279157e+06	   2.3537455e+04	   6.0384848e+02	   1.2436935e+02	   2.1786194e+02	   2.9619459e+02	
   9.0763000e+01	   1.0033360e+05	   5.1260240e+06	   2.3534947e+04	   6.0384848e+02	   1.2434068e+02	   2.1780478e+02	   2.9620352e+02	
   9.1165000e+01	   1.0037700e+05	   5.1271804e+06	   2.3537038e+04	   6.0395455e+02	   1.2437436e+02	   2.1783456e+02	   2.9619653e+02	
   9.1566000e+01	   1.0035460e+05	   5.1261407e+06	   2.3535434e+04	   6.0384848e+02	   1.2436637e+02	   2.1780523e+02	   2.9620344e+02	
   9.1968000e+01	   1.0038530e+05	   5.1277447e+06	   2.3538740e+04	   6.0384848e+02	   1.2436335e+02	   2.1784278e+02	   2.9618740e+02	
   9.2369000e+01	   1.0038180e+05	   5.1259078e+06	   2.3534445e+04	   6.0384848e+02	   1.2435175e+02	   2.1780449e+02	   2.9620698e+02	
   9.2771000e+01	   1.0038770e+05	   5.1280864e+06	   2.3536607e+04	   6.0384848e+02	   1.2437612e+02	   2.1787704e+02	   2.9619967e+02	
   9.3173000e+01	   1.0036590e+05	   5.1307019e+06	   2.3541492e+04	   6.0384848e+02	   1.2439437e+02	   2.1794293e+02	   2.9617997e+02	
   9.3574000e+01	   1.0037830e+05	   5.1308756e+06	   2.3541731e+04	   6.0395455e+02	   1.2439295e+02	   2.1794811e+02	   2.9617900e+02	
   9.3976000e+01	   1.0035410e+05	   5.1259029e+06	   2.3533477e+04	   6.0384848e+02	   1.2435444e+02	   2.1781324e+02	   2.9621204e+02	
   9.4378000e+01	   1.0037680e+05	   5.1265179e+06	   2.3534756e+04	   6.0384848e+02	   1.2438619e+02	   2.1782754e+02	   2.9620869e+02	
   9.4779000e+01	   1.0030140e+05	   5.1276915e+06	   2.3536676e+04	   6.0384848e+02	   1.2438147e+02	   2.1785963e+02	   2.9619934e+02	
   9.5181000e+01	   1.0032650e+05	   5.1267162e+06	   2.3536989e+04	   6.0384848e+02	   1.2436742e+02	   2.1781530e+02	   2.9619595e+02	
   9.5582000e+01	   1.0035470e+05	   5.1280324e+06	   2.3538837e+04	   6.0384848e+02	   1.2436220e+02	   2.1785411e+02	   2.9618708e+02	
   9.5984000e+01	   1.0033010e+05	   5.1263501e+06	   2.3534318e+04	   6.0395455e+02	   1.2436477e+02	   2.1782446e+02	   2.9620891e+02	
   9.6386000e+01	   1.0031300e+05	   5.1262523e+06	   2.3536773e+04	   6.0384848e+02	   1.2436901e+02	   2.1779758e+02	   2.9619707e+02	
   9.6787000e+01	   1.0035530e+05	   5.1309892e+06	   2.3543150e+04	   6.0384848e+02	   1.2436180e+02	   2.1793979e+02	   2.9616966e+02	
   9.7189000e+01	   1.0034040e+05	   5.1246398e+06	   2.3532440e+04	   6.0384848e+02	   1.2435921e+02	   2.1776917e+02	   2.9621766e+02	
   9.7590000e+01	   1.0037500e+05	   5.1271773e+06	   2.3534894e+04	   6.0384848e+02	   1.2435946e+02	   2.1785427e+02	   2.9620611e+02	
   9.7992000e+01	   1.0038040e+05	   5.1282009e+06	   2.3539707e+04	   6.0384848e+02	   1.2437345e+02	   2.1785322e+02	   2.9618374e+02	
   9.8394000e+01	   1.0033910e+05	   5.1282439e+06	   2.3538787e+04	   6.0384848e+02	   1.2436562e+02	   2.1786356e+02	   2.9618784e+02	
   9.8795000e+01	   1.0030930e+05	   5.1289702e+06	   2.3540018e+04	   6.0384848e+02	   1.2437579e+02	   2.1788302e+02	   2.9618323e+02	
   9.9197000e+01	   1.0042990e+05	   5.1283990e+06	   2.3538686e+04	   6.0384848e+02	   1.2437608e+02	   2.1787108e+02	   2.9618937e+02	
   9.9598000e+01	   1.0035310e+05	   5.1295655e+06	   2.3540184e+04	   6.0384848e+02	   1.2436815e+02	   2.1790677e+02	   2.9618275e+02	
   1.0000000e+02	   1.0031640e+05	   5.1284729e+06	   2.3537719e+04	   6.0384848e+02	   1.2436575e+02	   2.1788317e+02	   2.9619364e+02	
