   3.0414493e+02	   3.1457255e+02	   3.2502276e+02	
   3.2721523e-02	   3.7956204e-02	   4.3579916e-02	
   3.2770449e-02	   3.8011394e-02	   4.3725386e-02	
   3.2760385e-02	   3.7927114e-02	   4.3607382e-02	
   3.2832580e-02	   3.8022087e-02	   4.3702805e-02	
   3.2726296e-02	   3.7908064e-02	   4.3632513e-02	
   3.2836200e-02	   3.8073495e-02	   4.3785962e-02	
   3.2783376e-02	   3.7965496e-02	   4.3593486e-02	
   3.2877886e-02	   3.8075363e-02	   4.3755348e-02	
   3.2785683e-02	   3.7933698e-02	   4.3656559e-02	
   3.2798094e-02	   3.8045060e-02	   4.3743895e-02	
   3.2762255e-02	   3.7968250e-02	   4.3600543e-02	
   3.2792485e-02	   3.8003877e-02	   4.3678977e-02	
   3.2745191e-02	   3.7832982e-02	   4.3567106e-02	
   3.2860822e-02	   3.8108935e-02	   4.3822764e-02	
   3.2708516e-02	   3.7936593e-02	   4.3646138e-02	
   3.2890296e-02	   3.8093526e-02	   4.3812287e-02	
   3.2737752e-02	   3.7939955e-02	   4.3705737e-02	
   3.2902349e-02	   3.8072982e-02	   4.3740693e-02	
   3.2708994e-02	   3.7909792e-02	   4.3576768e-02	
   3.2917066e-02	   3.8104499e-02	   4.3848438e-02	
   3.2702868e-02	   3.7901994e-02	   4.3587136e-02	
   3.2804736e-02	   3.7999861e-02	   4.3712739e-02	
   3.2755413e-02	   3.7929029e-02	   4.3594898e-02	
   3.2828960e-02	   3.8009340e-02	   4.3665787e-02	
   3.2756527e-02	   3.7993044e-02	   4.3668501e-02	
   3.2836995e-02	   3.7976655e-02	   4.3687390e-02	
   3.2755373e-02	   3.7928375e-02	   4.3589090e-02	
   3.2832859e-02	   3.7998601e-02	   4.3699929e-02	
   3.2737633e-02	   3.7975628e-02	   4.3655745e-02	
   3.2831665e-02	   3.8016017e-02	   4.3741833e-02	
   3.2710386e-02	   3.7923472e-02	   4.3612810e-02	
   3.2899524e-02	   3.8133962e-02	   4.3849469e-02	
   3.2744156e-02	   3.7905963e-02	   4.3597123e-02	
   3.2921521e-02	   3.8120001e-02	   4.3849469e-02	
   3.2704459e-02	   3.7932718e-02	   4.3601845e-02	
   3.2846263e-02	   3.8049729e-02	   4.3809085e-02	
   3.2734769e-02	   3.7943784e-02	   4.3676480e-02	
   3.2858912e-02	   3.8046320e-02	   4.3764956e-02	
   3.2714721e-02	   3.7876967e-02	   4.3547946e-02	
   3.2818817e-02	   3.8018632e-02	   4.3690864e-02	
   3.2709908e-02	   3.7930290e-02	   4.3621929e-02	
   3.2867385e-02	   3.8103659e-02	   4.3755185e-02	
   3.2748094e-02	   3.7979457e-02	   4.3641198e-02	
   3.2842087e-02	   3.8009387e-02	   4.3766584e-02	
   3.2725143e-02	   3.7939208e-02	   4.3682939e-02	
   3.2909111e-02	   3.8016764e-02	   4.3842033e-02	
   3.2796860e-02	   3.7940562e-02	   4.3644998e-02	
   3.2870766e-02	   3.8137277e-02	   4.3828354e-02	
   3.2748572e-02	   3.7881169e-02	   4.3598317e-02	
   3.2816550e-02	   3.7993698e-02	   4.3735699e-02	
   3.2707681e-02	   3.7877107e-02	   4.3592346e-02	
   3.2886279e-02	   3.8067052e-02	   4.3702046e-02	
   3.2767068e-02	   3.8003083e-02	   4.3664158e-02	
   3.2899445e-02	   3.8034134e-02	   4.3805557e-02	
   3.2726774e-02	   3.7934959e-02	   4.3611670e-02	
   3.2857520e-02	   3.8022367e-02	   4.3787753e-02	
   3.2747577e-02	   3.7939955e-02	   4.3633979e-02	
   3.2872834e-02	   3.8081246e-02	   4.3783194e-02	
   3.2705811e-02	   3.7950321e-02	   4.3623883e-02	
   3.2823272e-02	   3.8049262e-02	   4.3780154e-02	
   3.2824466e-02	   3.7972313e-02	   4.3696835e-02	
   3.2866470e-02	   3.8133449e-02	   4.3818747e-02	
   3.2800759e-02	   3.7932904e-02	   4.3669261e-02	
   3.2817346e-02	   3.7988095e-02	   4.3719795e-02	
   3.2756089e-02	   3.7975955e-02	   4.3660413e-02	
   3.2873670e-02	   3.8063176e-02	   4.3803006e-02	
   3.2753464e-02	   3.7929589e-02	   4.3552505e-02	
   3.2844712e-02	   3.8096234e-02	   4.3741344e-02	
   3.2791371e-02	   3.7999674e-02	   4.3637127e-02	
   3.2922476e-02	   3.8119861e-02	   4.3816793e-02	
   3.2808595e-02	   3.7970025e-02	   4.3726309e-02	
   3.2833575e-02	   3.8058927e-02	   4.3737219e-02	
   3.2778046e-02	   3.7949620e-02	   4.3668392e-02	
   3.2869095e-02	   3.8121635e-02	   4.3760939e-02	
   3.2764084e-02	   3.7968111e-02	   4.3640275e-02	
   3.2883097e-02	   3.8113978e-02	   4.3814133e-02	
   3.2771642e-02	   3.7932484e-02	   4.3719415e-02	
   3.2868976e-02	   3.8077277e-02	   4.3814404e-02	
   3.2756368e-02	   3.7894943e-02	   4.3582576e-02	
   3.2892723e-02	   3.8092406e-02	   4.3808271e-02	
   3.2784569e-02	   3.7912826e-02	   4.3668338e-02	
   3.2897098e-02	   3.8151192e-02	   4.3844095e-02	
   3.2784013e-02	   3.8014336e-02	   4.3737110e-02	
   3.2840774e-02	   3.8031612e-02	   4.3707691e-02	
   3.2766391e-02	   3.7936780e-02	   4.3675286e-02	
   3.2847735e-02	   3.8008826e-02	   4.3742918e-02	
   3.2833455e-02	   3.7965449e-02	   4.3675340e-02	
   3.2907440e-02	   3.8074896e-02	   4.3761102e-02	
   3.2796900e-02	   3.8013776e-02	   4.3669478e-02	
   3.2856128e-02	   3.8074849e-02	   4.3774563e-02	
   3.2769613e-02	   3.7966803e-02	   4.3597177e-02	
   3.2848650e-02	   3.8075737e-02	   4.3784388e-02	
   3.2759669e-02	   3.8006398e-02	   4.3600054e-02	
   3.2851713e-02	   3.8058274e-02	   4.3766367e-02	
   3.2743440e-02	   3.7914648e-02	   4.3634956e-02	
   3.2861538e-02	   3.8077231e-02	   4.3787807e-02	
   3.2830353e-02	   3.8017745e-02	   4.3684676e-02	
   3.2879318e-02	   3.8080639e-02	   4.3786885e-02	
   3.2818221e-02	   3.8067239e-02	   4.3700634e-02	
   3.2891609e-02	   3.8112950e-02	   4.3825640e-02	
   3.2845189e-02	   3.8054118e-02	   4.3699223e-02	
   3.2915435e-02	   3.8093526e-02	   4.3799749e-02	
   3.2806765e-02	   3.7961994e-02	   4.3651566e-02	
   3.2899047e-02	   3.8054024e-02	   4.3780154e-02	
   3.2787354e-02	   3.8032546e-02	   4.3673169e-02	
   3.2860146e-02	   3.8069807e-02	   4.3787807e-02	
   3.2692287e-02	   3.7964655e-02	   4.3618509e-02	
   3.2916748e-02	   3.8082834e-02	   4.3800509e-02	
   3.2739662e-02	   3.7933885e-02	   4.3646029e-02	
   3.2946660e-02	   3.8151658e-02	   4.3864559e-02	
   3.2750640e-02	   3.7956391e-02	   4.3647332e-02	
   3.2807083e-02	   3.8079752e-02	   4.3732605e-02	
   3.2815874e-02	   3.7963768e-02	   4.3665841e-02	
   3.2909230e-02	   3.8108375e-02	   4.3851097e-02	
   3.2802628e-02	   3.7931830e-02	   4.3665081e-02	
   3.2863765e-02	   3.8054725e-02	   4.3758714e-02	
   3.2817385e-02	   3.8007659e-02	   4.3687661e-02	
   3.2966469e-02	   3.8100390e-02	   4.3845127e-02	
   3.2716830e-02	   3.7866975e-02	   4.3588330e-02	
   3.2830313e-02	   3.8060888e-02	   4.3679628e-02	
   3.2803185e-02	   3.7948686e-02	   4.3666547e-02	
   3.2895746e-02	   3.8084702e-02	   4.3830471e-02	
   3.2845229e-02	   3.8021900e-02	   4.3687933e-02	
   3.2850360e-02	   3.8097308e-02	   4.3822004e-02	
   3.2777052e-02	   3.7979270e-02	   4.3691515e-02	
   3.2911338e-02	   3.8048188e-02	   4.3771795e-02	
   3.2797099e-02	   3.7961247e-02	   4.3610422e-02	
   3.2972833e-02	   3.8194896e-02	   4.3817281e-02	
   3.2790854e-02	   3.7961293e-02	   4.3638376e-02	
   3.2868379e-02	   3.8100483e-02	   4.3797578e-02	
   3.2796304e-02	   3.7949994e-02	   4.3705194e-02	
   3.2940057e-02	   3.8149090e-02	   4.3806208e-02	
   3.2932937e-02	   3.7979970e-02	   4.3748997e-02	
   3.2941290e-02	   3.8088390e-02	   4.3811419e-02	
   3.2858077e-02	   3.8088203e-02	   4.3728480e-02	
   3.2936994e-02	   3.8127145e-02	   4.3793290e-02	
   3.2881704e-02	   3.8053838e-02	   4.3720283e-02	
   3.2985045e-02	   3.8119627e-02	   4.3832914e-02	
   3.2763687e-02	   3.7927955e-02	   4.3600163e-02	
   3.3062530e-02	   3.8268716e-02	   4.3929043e-02	
   3.2939898e-02	   3.8110289e-02	   4.3779720e-02	
   3.3051233e-02	   3.8262927e-02	   4.3928880e-02	
   3.2926772e-02	   3.8079098e-02	   4.3758876e-02	
   3.2891848e-02	   3.8015970e-02	   4.3663398e-02	
   3.3108512e-02	   3.8159736e-02	   4.3888116e-02	
   3.3121002e-02	   3.8251487e-02	   4.3982074e-02	
   3.2943001e-02	   3.8063036e-02	   4.3771089e-02	
   3.3149084e-02	   3.8267269e-02	   4.3978220e-02	
   3.3066269e-02	   3.8139565e-02	   4.3857611e-02	
   3.3184048e-02	   3.8290942e-02	   4.3909122e-02	
   3.3122434e-02	   3.8139799e-02	   4.3815598e-02	
   3.3279314e-02	   3.8364343e-02	   4.4037331e-02	
   3.3198646e-02	   3.8211004e-02	   4.3860542e-02	
   3.3260062e-02	   3.8327409e-02	   4.3983757e-02	
   3.3291247e-02	   3.8218896e-02	   4.3933060e-02	
   3.3139657e-02	   3.8249619e-02	   4.3946412e-02	
   3.3305129e-02	   3.8154460e-02	   4.3843661e-02	
   3.3560934e-02	   3.8478132e-02	   4.4168470e-02	
   3.3394030e-02	   3.8296078e-02	   4.3921607e-02	
   3.3007916e-02	   3.8155067e-02	   4.3852889e-02	
   3.3761090e-02	   3.8433774e-02	   4.4032554e-02	
   3.3394786e-02	   3.8382132e-02	   4.4024575e-02	
   3.3758067e-02	   3.8480373e-02	   4.4050466e-02	
   3.3983363e-02	   3.8706085e-02	   4.4224921e-02	
   3.4309772e-02	   3.8754131e-02	   4.4284032e-02	
   3.4237577e-02	   3.8834396e-02	   4.4367948e-02	
   3.4509531e-02	   3.8857415e-02	   4.4292174e-02	
   3.4073617e-02	   3.8626147e-02	   4.4216399e-02	
   3.4934347e-02	   3.9022379e-02	   4.4468474e-02	
   3.4024532e-02	   3.8521883e-02	   4.4148930e-02	
   3.4842582e-02	   3.8865913e-02	   4.4329247e-02	
   3.4717484e-02	   3.8893975e-02	   4.4410123e-02	
   3.6008520e-02	   3.9503405e-02	   4.4774122e-02	
   3.5823638e-02	   3.9565459e-02	   4.4876982e-02	
   3.7167378e-02	   4.0072399e-02	   4.5281583e-02	
   3.6559509e-02	   3.9908602e-02	   4.5136710e-02	
   3.8384668e-02	   4.0653954e-02	   4.5635866e-02	
   3.6390338e-02	   3.9613226e-02	   4.4842298e-02	
   3.9518586e-02	   4.1167104e-02	   4.5921051e-02	
   3.8173572e-02	   4.0673471e-02	   4.5681461e-02	
   3.9777692e-02	   4.0949984e-02	   4.5607477e-02	
   3.8875116e-02	   4.0693876e-02	   4.5576864e-02	
   4.2660159e-02	   4.2591644e-02	   4.6765425e-02	
   4.0851388e-02	   4.1896720e-02	   4.6498315e-02	
   4.5087101e-02	   4.3931110e-02	   4.7737193e-02	
   4.3490778e-02	   4.3270646e-02	   4.7357018e-02	
   4.7488905e-02	   4.5053597e-02	   4.8456832e-02	
   4.3779438e-02	   4.2800546e-02	   4.6752940e-02	
   5.1218379e-02	   4.7343769e-02	   5.0003476e-02	
   4.7050167e-02	   4.4504727e-02	   4.7892487e-02	
   5.4709670e-02	   4.9374937e-02	   5.1261677e-02	
   4.8857665e-02	   4.5127278e-02	   4.8010165e-02	
   5.8395708e-02	   5.1766898e-02	   5.3096220e-02	
   5.5933285e-02	   5.0183277e-02	   5.1940607e-02	
   6.3050670e-02	   5.4835807e-02	   5.5131489e-02	
   5.9282413e-02	   5.2204173e-02	   5.3157176e-02	
   6.7552332e-02	   5.7829587e-02	   5.7229505e-02	
   6.4699339e-02	   5.5836893e-02	   5.5858565e-02	
   7.3379953e-02	   6.2377105e-02	   6.0802407e-02	
   6.8827536e-02	   5.8671779e-02	   5.7655492e-02	
   7.8664264e-02	   6.6783846e-02	   6.4253288e-02	
   7.5305112e-02	   6.3736136e-02	   6.1467007e-02	
   8.4263805e-02	   7.1472235e-02	   6.8102311e-02	
   8.0374707e-02	   6.7459205e-02	   6.4319347e-02	
   9.1638706e-02	   7.7701849e-02	   7.3071665e-02	
   8.5907304e-02	   7.1800390e-02	   6.7576721e-02	
   9.7903713e-02	   8.3343325e-02	   7.8109302e-02	
   8.7554939e-02	   7.1998786e-02	   6.6723880e-02	
   1.0625609e-01	   9.1225105e-02	   8.5527482e-02	
   1.0065846e-01	   8.4868207e-02	   7.9038298e-02	
   1.1306202e-01	   9.7079919e-02	   9.0707061e-02	
   1.0754370e-01	   9.0934491e-02	   8.3927698e-02	
   1.2170612e-01	   1.0567563e-01	   9.8922607e-02	
   1.1633534e-01	   9.9012753e-02	   9.1624386e-02	
   1.2763895e-01	   1.1074335e-01	   1.0340377e-01	
   1.2378402e-01	   1.0584302e-01	   9.7527512e-02	
   1.3767671e-01	   1.2070532e-01	   1.1324342e-01	
   1.3316216e-01	   1.1497111e-01	   1.0645570e-01	
   1.4717215e-01	   1.2989258e-01	   1.2244094e-01	
   1.4158797e-01	   1.2266122e-01	   1.1352763e-01	
   1.5744933e-01	   1.3998940e-01	   1.3229790e-01	
   1.5281048e-01	   1.3387764e-01	   1.2479510e-01	
   1.6284132e-01	   1.4469198e-01	   1.3633451e-01	
   1.6296140e-01	   1.4387300e-01	   1.3467888e-01	
   1.7627932e-01	   1.5845052e-01	   1.5046513e-01	
   1.7186839e-01	   1.5240380e-01	   1.4286864e-01	
   1.8462891e-01	   1.6646103e-01	   1.5832655e-01	
   1.8084800e-01	   1.6073397e-01	   1.5055008e-01	
   1.9568563e-01	   1.7734925e-01	   1.6929940e-01	
   1.9698542e-01	   1.7703435e-01	   1.6729670e-01	
   2.0913680e-01	   1.9038657e-01	   1.8227386e-01	
   2.0590943e-01	   1.8569879e-01	   1.7581778e-01	
   2.2037526e-01	   2.0153192e-01	   1.9336009e-01	
   2.1830213e-01	   1.9814163e-01	   1.8815109e-01	
   2.3199820e-01	   2.1284331e-01	   2.0453941e-01	
   2.2684687e-01	   2.0609802e-01	   1.9596627e-01	
   2.4251738e-01	   2.2321744e-01	   2.1447470e-01	
   2.4294737e-01	   2.2198546e-01	   2.1188231e-01	
   2.5761905e-01	   2.3820268e-01	   2.2967669e-01	
   2.5349165e-01	   2.3180292e-01	   2.2136941e-01	
   2.7062738e-01	   2.5100351e-01	   2.4232416e-01	
   2.6879136e-01	   2.4708438e-01	   2.3648997e-01	
   2.8137460e-01	   2.6105780e-01	   2.5178917e-01	
   2.8087262e-01	   2.5914201e-01	   2.4864112e-01	
   2.9733704e-01	   2.7676267e-01	   2.6765940e-01	
   2.9954262e-01	   2.7775413e-01	   2.6717544e-01	
   3.0936893e-01	   2.8841696e-01	   2.7914079e-01	
   3.1239924e-01	   2.8979453e-01	   2.7915094e-01	
   3.2858204e-01	   3.0749153e-01	   2.9824754e-01	
   3.2722267e-01	   3.0470287e-01	   2.9377783e-01	
   3.4029317e-01	   3.1853126e-01	   3.0885470e-01	
   3.4272565e-01	   3.1987092e-01	   3.0911655e-01	
   3.5818037e-01	   3.3654932e-01	   3.2687744e-01	
   3.5903836e-01	   3.3578898e-01	   3.2480298e-01	
   3.7106842e-01	   3.4838226e-01	   3.3789870e-01	
   3.7516451e-01	   3.5160619e-01	   3.4014310e-01	
   3.9037596e-01	   3.6793772e-01	   3.5773111e-01	
   3.9063058e-01	   3.6647820e-01	   3.5450191e-01	
   4.0772124e-01	   3.8498112e-01	   3.7496679e-01	
   4.1029031e-01	   3.8621272e-01	   3.7427299e-01	
   4.2363344e-01	   4.0063033e-01	   3.8998884e-01	
   4.2987001e-01	   4.0541051e-01	   3.9321262e-01	
   4.4305630e-01	   4.1961889e-01	   4.0867450e-01	
   4.4205098e-01	   4.1729360e-01	   4.0446587e-01	
   4.6204599e-01	   4.3804910e-01	   4.2714677e-01	
   4.6351320e-01	   4.3812801e-01	   4.2527478e-01	
   4.7694826e-01	   4.5209209e-01	   4.4008139e-01	
   4.7486312e-01	   4.4845713e-01	   4.3480178e-01	
   4.9922320e-01	   4.7441842e-01	   4.6304564e-01	
   5.0139346e-01	   4.7548907e-01	   4.6238527e-01	
   5.1293343e-01	   4.8826889e-01	   4.7610189e-01	
   5.1802717e-01	   4.9218270e-01	   4.7817429e-01	
   5.3451343e-01	   5.0966230e-01	   4.9784148e-01	
   5.3740727e-01	   5.1088172e-01	   4.9680490e-01	
   5.5535353e-01	   5.3033310e-01	   5.1792928e-01	
   5.4925030e-01	   5.2218284e-01	   5.0712525e-01	
   5.7111339e-01	   5.4589004e-01	   5.3359297e-01	
   5.8004742e-01	   5.5313555e-01	   5.3904031e-01	
   5.9102451e-01	   5.6559305e-01	   5.5283971e-01	
   5.9114845e-01	   5.6457963e-01	   5.5111427e-01	
   6.1224854e-01	   5.8638669e-01	   5.7286765e-01	
   6.1594596e-01	   5.8923134e-01	   5.7474246e-01	
   6.3622772e-01	   6.1044134e-01	   5.9711875e-01	
   6.2716210e-01	   5.9997163e-01	   5.8464339e-01	
   6.5344249e-01	   6.2797272e-01	   6.1443330e-01	
   6.5205245e-01	   6.2504968e-01	   6.0990366e-01	
   6.7495626e-01	   6.4882529e-01	   6.3504121e-01	
   6.6858405e-01	   6.4142355e-01	   6.2535284e-01	
   6.9214955e-01	   6.6650698e-01	   6.5273610e-01	
   6.8194051e-01	   6.5445505e-01	   6.3874048e-01	
   7.0796389e-01	   6.8213994e-01	   6.6811889e-01	
   7.0548473e-01	   6.7791021e-01	   6.6181865e-01	
   7.3037519e-01	   7.0514662e-01	   6.9135963e-01	
   7.2991648e-01	   7.0378096e-01	   6.8838978e-01	
   7.4230278e-01	   7.1692866e-01	   7.0266885e-01	
   7.4250911e-01	   7.1580604e-01	   6.9979317e-01	
   7.6569008e-01	   7.4115729e-01	   7.2715585e-01	
   7.6834109e-01	   7.4269725e-01	   7.2732998e-01	
   7.7236049e-01	   7.4720055e-01	   7.3242798e-01	
   7.8314411e-01	   7.5825728e-01	   7.4302124e-01	
   8.0092315e-01	   7.7694383e-01	   7.6267106e-01	
   7.9664384e-01	   7.7175495e-01	   7.5632425e-01	
   8.1254928e-01	   7.8917903e-01	   7.7529515e-01	
   8.1402571e-01	   7.8957293e-01	   7.7436116e-01	
   8.3147875e-01	   8.0793492e-01	   7.9387783e-01	
   8.2718504e-01	   8.0328748e-01	   7.8849172e-01	
   8.4667731e-01	   8.2401118e-01	   8.1003394e-01	
   8.4679879e-01	   8.2372150e-01	   8.0931170e-01	
   8.6145388e-01	   8.4019110e-01	   8.2641548e-01	
   8.5832185e-01	   8.3585169e-01	   8.2107078e-01	
   8.7005987e-01	   8.4926181e-01	   8.3590774e-01	
   8.7198372e-01	   8.4968666e-01	   8.3500860e-01	
   8.9113840e-01	   8.7114960e-01	   8.5862745e-01	
   8.8771975e-01	   8.6729355e-01	   8.5350264e-01	
   9.0260284e-01	   8.8276313e-01	   8.6998405e-01	
   9.0690180e-01	   8.8777323e-01	   8.7456205e-01	
   9.1527331e-01	   8.9710962e-01	   8.8539583e-01	
   9.1182330e-01	   8.9335784e-01	   8.8039526e-01	
   9.2948393e-01	   9.1208455e-01	   9.0021845e-01	
   9.2331526e-01	   9.0583920e-01	   8.9339268e-01	
   9.4175488e-01	   9.2591798e-01	   9.1535368e-01	
   9.3542551e-01	   9.1878304e-01	   9.0604760e-01	
   9.4543292e-01	   9.2961999e-01	   9.1824808e-01	
   9.4519199e-01	   9.2999745e-01	   9.1914505e-01	
   9.5799989e-01	   9.4428511e-01	   9.3473807e-01	
   9.5279685e-01	   9.3842493e-01	   9.2837129e-01	
   9.6692501e-01	   9.5401628e-01	   9.4429291e-01	
   9.6364315e-01	   9.5063631e-01	   9.4054566e-01	
   9.6971253e-01	   9.5870794e-01	   9.5040681e-01	
   9.7152544e-01	   9.6016069e-01	   9.5088675e-01	
   9.8384623e-01	   9.7400603e-01	   9.6659939e-01	
   9.7243032e-01	   9.6229789e-01	   9.5359525e-01	
   9.8851515e-01	   9.8031329e-01	   9.7338934e-01	
   9.7870245e-01	   9.6982570e-01	   9.6184195e-01	
   9.9651654e-01	   9.8891605e-01	   9.8252183e-01	
   9.8392574e-01	   9.7585047e-01	   9.6903074e-01	
   9.9195736e-01	   9.8558113e-01	   9.8054177e-01	
   9.9341482e-01	   9.8735087e-01	   9.8102556e-01	
   9.9794142e-01	   9.9312724e-01	   9.8824812e-01	
   9.9399103e-01	   9.8912537e-01	   9.8351575e-01	
   1.0054692e+00	   1.0019635e+00	   9.9808397e-01	
   9.9770881e-01	   9.9397401e-01	   9.8948461e-01	
   9.9278937e-01	   9.8967783e-01	   9.8540815e-01	
   9.9888354e-01	   9.9623243e-01	   9.9210137e-01	
   1.0063955e+00	   1.0060178e+00	   1.0038133e+00	
   9.9836485e-01	   9.9690952e-01	   9.9426990e-01	
   9.9690424e-01	   9.9611369e-01	   9.9373845e-01	
   9.9766446e-01	   9.9733727e-01	   9.9482822e-01	
   1.0018101e+00	   1.0036374e+00	   1.0034864e+00	
   9.9756609e-01	   9.9840162e-01	   9.9715681e-01	
   9.9845991e-01	   1.0015980e+00	   1.0018075e+00	
   9.9911229e-01	   1.0018157e+00	   1.0013448e+00	
   9.9439834e-01	   9.9810237e-01	   9.9909443e-01	
   9.9678909e-01	   1.0008987e+00	   1.0008336e+00	
   9.9214837e-01	   9.9767280e-01	   9.9905069e-01	
   9.8960575e-01	   9.9460604e-01	   9.9619786e-01	
   9.9602669e-01	   1.0029062e+00	   1.0060974e+00	
   9.7860265e-01	   9.8458196e-01	   9.8671787e-01	
   9.9087197e-01	   9.9870984e-01	   1.0021568e+00	
   9.7890941e-01	   9.8601448e-01	   9.8856804e-01	
   9.8152931e-01	   9.9084431e-01	   9.9519330e-01	
   9.7507310e-01	   9.8334442e-01	   9.8673192e-01	
   9.7587293e-01	   9.8574329e-01	   9.9025511e-01	
   9.6842325e-01	   9.7796648e-01	   9.8282423e-01	
   9.7089554e-01	   9.8198763e-01	   9.8816350e-01	
   9.6168661e-01	   9.7268864e-01	   9.7761192e-01	
   9.6580247e-01	   9.7832564e-01	   9.8517746e-01	
   9.5271717e-01	   9.6456780e-01	   9.7016725e-01	
   9.5556766e-01	   9.6900265e-01	   9.7649294e-01	
   9.4689759e-01	   9.5931999e-01	   9.6619273e-01	
   9.4563622e-01	   9.5948355e-01	   9.6734612e-01	
   9.4020712e-01	   9.5410654e-01	   9.6153777e-01	
   9.4505270e-01	   9.6011096e-01	   9.6958396e-01	
   9.2630712e-01	   9.4058212e-01	   9.4887151e-01	
   9.3102465e-01	   9.4752799e-01	   9.5740307e-01	
   9.2179623e-01	   9.3651250e-01	   9.4499784e-01	
   9.3082210e-01	   9.4797391e-01	   9.5881087e-01	
   9.0840250e-01	   9.2472377e-01	   9.3367625e-01	
   9.1953002e-01	   9.3725962e-01	   9.4831927e-01	
   8.9722632e-01	   9.1398133e-01	   9.2375529e-01	
   9.0069081e-01	   9.1914981e-01	   9.3067426e-01	
   8.9029657e-01	   9.0772809e-01	   9.1912692e-01	
   8.9351272e-01	   9.1273446e-01	   9.2512764e-01	
   8.8274665e-01	   9.0137722e-01	   9.1252533e-01	
   8.8821302e-01	   9.0790352e-01	   9.2094372e-01	
   8.6512985e-01	   8.8447983e-01	   8.9654573e-01	
   8.7725116e-01	   8.9822819e-01	   9.1207774e-01	
   8.6022291e-01	   8.8041226e-01	   8.9285423e-01	
   8.6223995e-01	   8.8350881e-01	   8.9775275e-01	
   8.4930791e-01	   8.6994797e-01	   8.8280962e-01	
   8.3955300e-01	   8.6005944e-01	   8.7372234e-01	
   8.4089388e-01	   8.6201968e-01	   8.7582318e-01	
   8.3755251e-01	   8.5981748e-01	   8.7508552e-01	
   8.2807556e-01	   8.4958581e-01	   8.6327482e-01	
   8.3242034e-01	   8.5578825e-01	   8.7157672e-01	
   8.0676044e-01	   8.2863560e-01	   8.4251596e-01	
   8.1806437e-01	   8.4174283e-01	   8.5791319e-01	
   8.0244151e-01	   8.2496581e-01	   8.4019610e-01	
   8.0345415e-01	   8.2695836e-01	   8.4293250e-01	
   7.8979141e-01	   8.1219519e-01	   8.2767661e-01	
   7.9055433e-01	   8.1481636e-01	   8.3169499e-01	
   7.7888556e-01	   8.0201735e-01	   8.1789787e-01	
   7.8096899e-01	   8.0530908e-01	   8.2223258e-01	
   7.6565695e-01	   7.8918188e-01	   8.0544031e-01	
   7.7116405e-01	   7.9627624e-01	   8.1405704e-01	
   7.5299022e-01	   7.7671284e-01	   7.9278540e-01	
   7.5205570e-01	   7.7669772e-01	   7.9413110e-01	
   7.3559597e-01	   7.5770967e-01	   7.7293990e-01	
   7.4250970e-01	   7.6734909e-01	   7.8523798e-01	
   7.3436405e-01	   7.5880470e-01	   7.7617328e-01	
   7.2832362e-01	   7.5342414e-01	   7.7152483e-01	
   7.1553704e-01	   7.3951362e-01	   7.5610323e-01	
   7.2451085e-01	   7.5047360e-01	   7.6931321e-01	
   7.0605703e-01	   7.3049885e-01	   7.4752618e-01	
   7.0921885e-01	   7.3501298e-01	   7.5391739e-01	
   6.9361369e-01	   7.1781778e-01	   7.3484244e-01	
   6.9286378e-01	   7.1852242e-01	   7.3697645e-01	
   6.7944173e-01	   7.0369733e-01	   7.2117999e-01	
   6.8659623e-01	   7.1243900e-01	   7.3150766e-01	
   6.6232501e-01	   6.8637340e-01	   7.0353070e-01	
   6.7065213e-01	   6.9622570e-01	   7.1521471e-01	
   6.5643235e-01	   6.8076517e-01	   6.9850891e-01	
   6.6238125e-01	   6.8803234e-01	   7.0767180e-01	
   6.4652442e-01	   6.7093104e-01	   6.8906111e-01	
   6.4408901e-01	   6.6981336e-01	   6.8901307e-01	
   6.3146281e-01	   6.5570533e-01	   6.7382330e-01	
   6.3022766e-01	   6.5537414e-01	   6.7454049e-01	
   6.1504227e-01	   6.3858998e-01	   6.5614594e-01	
   6.1749849e-01	   6.4266301e-01	   6.6152104e-01	
   6.1088356e-01	   6.3534261e-01	   6.5373848e-01	
   6.0770165e-01	   6.3225951e-01	   6.5133362e-01	
   5.9602947e-01	   6.1974210e-01	   6.3740167e-01	
   5.9942482e-01	   6.2456076e-01	   6.4359177e-01	
   5.8654993e-01	   6.1038601e-01	   6.2841280e-01	
   5.8666596e-01	   6.1115419e-01	   6.2968126e-01	
   5.7468642e-01	   5.9825722e-01	   6.1573623e-01	
   5.7938820e-01	   6.0400959e-01	   6.2299330e-01	
   5.6573803e-01	   5.8915588e-01	   6.0712194e-01	
   5.6442643e-01	   5.8886522e-01	   6.0745962e-01	
   5.5245380e-01	   5.7538343e-01	   5.9300691e-01	
   5.5729588e-01	   5.8167019e-01	   6.0071570e-01	
   5.4323628e-01	   5.6615233e-01	   5.8372905e-01	
   5.4493821e-01	   5.6890774e-01	   5.8751761e-01	
   5.3320302e-01	   5.5580248e-01	   5.7291785e-01	
   5.3675258e-01	   5.6057253e-01	   5.7945198e-01	
   5.2175640e-01	   5.4437324e-01	   5.6132145e-01	
   5.2537932e-01	   5.4875668e-01	   5.6744663e-01	
   5.0637507e-01	   5.2702587e-01	   5.4283875e-01	
   5.1368457e-01	   5.3634937e-01	   5.5460543e-01	
   5.0228478e-01	   5.2396780e-01	   5.4065209e-01	
   5.0720052e-01	   5.2992501e-01	   5.4817503e-01	
   4.8916404e-01	   5.0984828e-01	   5.2564714e-01	
   4.9890800e-01	   5.2147815e-01	   5.3927665e-01	
   4.8040073e-01	   5.0104656e-01	   5.1785519e-01	
   4.8125183e-01	   5.0316173e-01	   5.2066346e-01	
   4.7456479e-01	   4.9509341e-01	   5.1099919e-01	
   4.7503094e-01	   4.9620600e-01	   5.1346364e-01	
   4.6367561e-01	   4.8379454e-01	   4.9959862e-01	
   4.6940367e-01	   4.9041506e-01	   5.0769139e-01	
   4.4741333e-01	   4.6629902e-01	   4.8082590e-01	
   4.6341507e-01	   4.8385762e-01	   5.0115596e-01	
   4.4394595e-01	   4.6246823e-01	   4.7778624e-01	
   4.4850668e-01	   4.6881023e-01	   4.8554085e-01	
   4.3167066e-01	   4.4953442e-01	   4.6369992e-01	
   4.3894032e-01	   4.5848158e-01	   4.7474186e-01	
   4.3106299e-01	   4.4943207e-01	   4.6436691e-01	
   4.3100524e-01	   4.5045692e-01	   4.6610869e-01	
   4.1832729e-01	   4.3558281e-01	   4.4926871e-01	
   4.2600239e-01	   4.4519804e-01	   4.6111507e-01	
   4.1387941e-01	   4.3128831e-01	   4.4582146e-01	
   4.1561543e-01	   4.3387167e-01	   4.4921171e-01	
   4.0514605e-01	   4.2216433e-01	   4.3597536e-01	
   4.0820242e-01	   4.2614150e-01	   4.4134768e-01	
   3.9845480e-01	   4.1516793e-01	   4.2899413e-01	
   4.0357344e-01	   4.2112500e-01	   4.3593264e-01	
   3.9438205e-01	   4.1073336e-01	   4.2454076e-01	
   3.9464509e-01	   4.1187658e-01	   4.2661511e-01	
   3.8359398e-01	   3.9915293e-01	   4.1233734e-01	
   3.8858167e-01	   4.0531451e-01	   4.1976040e-01	
   3.7482391e-01	   3.8991343e-01	   4.0241866e-01	
   3.8126166e-01	   3.9780791e-01	   4.1212945e-01	
   3.7108031e-01	   3.8601176e-01	   3.9856068e-01	
   3.7151217e-01	   3.8699940e-01	   4.0054786e-01	
   3.6413540e-01	   3.7839235e-01	   3.9072412e-01	
   3.6704710e-01	   3.8238637e-01	   3.9551076e-01	
   3.6075926e-01	   3.7503647e-01	   3.8728170e-01	
   3.5734211e-01	   3.7167685e-01	   3.8370467e-01	
   3.4988082e-01	   3.6309366e-01	   3.7477535e-01	
   3.5383547e-01	   3.6814979e-01	   3.8079746e-01	
   3.4167621e-01	   3.5420266e-01	   3.6512183e-01	
   3.4853807e-01	   3.6254072e-01	   3.7479918e-01	
   3.3520636e-01	   3.4690193e-01	   3.5715597e-01	
   3.4370777e-01	   3.5733606e-01	   3.6955294e-01	
   3.3318446e-01	   3.4511897e-01	   3.5554001e-01	
   3.3791579e-01	   3.5091267e-01	   3.6249681e-01	
   3.2572806e-01	   3.3745170e-01	   3.4721085e-01	
   3.3087005e-01	   3.4352032e-01	   3.5472543e-01	
   3.2286751e-01	   3.3413107e-01	   3.4405059e-01	
   3.2315346e-01	   3.3481815e-01	   3.4493078e-01	
   3.1266897e-01	   3.2284621e-01	   3.3198113e-01	
   3.2029717e-01	   3.3182129e-01	   3.4247338e-01	
   3.0895282e-01	   3.1889570e-01	   3.2738462e-01	
   3.1413236e-01	   3.2498953e-01	   3.3484851e-01	
   3.0112367e-01	   3.1030176e-01	   3.1848412e-01	
   3.1366582e-01	   3.2474206e-01	   3.3492879e-01	
   3.0111715e-01	   3.1048466e-01	   3.1888737e-01	
   3.0549363e-01	   3.1577160e-01	   3.2534860e-01	
   2.9801571e-01	   3.0691908e-01	   3.1520449e-01	
   3.0258929e-01	   3.1255080e-01	   3.2205029e-01	
   2.9098042e-01	   2.9952062e-01	   3.0690970e-01	
   2.9501144e-01	   3.0417660e-01	   3.1263500e-01	
   2.8583103e-01	   2.9329791e-01	   3.0006124e-01	
   2.9337161e-01	   3.0257645e-01	   3.1122715e-01	
   2.8344705e-01	   2.9122257e-01	   2.9803205e-01	
   2.8710170e-01	   2.9578639e-01	   3.0407614e-01	
   2.7847730e-01	   2.8557036e-01	   2.9202509e-01	
   2.8386892e-01	   2.9214914e-01	   2.9998498e-01	
   2.7638201e-01	   2.8339131e-01	   2.8994021e-01	
   2.8029466e-01	   2.8820479e-01	   2.9577939e-01	
   2.7362798e-01	   2.8039464e-01	   2.8652596e-01	
   2.7529559e-01	   2.8263779e-01	   2.8977373e-01	
   2.6751866e-01	   2.7366238e-01	   2.7924679e-01	
   2.7458768e-01	   2.8199745e-01	   2.8910772e-01	
   2.6380239e-01	   2.6951203e-01	   2.7488016e-01	
   2.7098975e-01	   2.7794160e-01	   2.8493465e-01	
   2.6079459e-01	   2.6619346e-01	   2.7122486e-01	
   2.6539323e-01	   2.7169747e-01	   2.7785957e-01	
   2.5551450e-01	   2.6021790e-01	   2.6476846e-01	
   2.6264588e-01	   2.6852574e-01	   2.7470185e-01	
   2.5497699e-01	   2.5972300e-01	   2.6452453e-01	
   2.5906875e-01	   2.6500574e-01	   2.7073412e-01	
   2.4846565e-01	   2.5262318e-01	   2.5667374e-01	
   2.5558124e-01	   2.6123070e-01	   2.6659606e-01	
   2.4570438e-01	   2.4963584e-01	   2.5344872e-01	
   2.5145022e-01	   2.5643030e-01	   2.6134434e-01	
   2.4235911e-01	   2.4598580e-01	   2.4945803e-01	
   2.5016706e-01	   2.5509910e-01	   2.6022352e-01	
   2.4143024e-01	   2.4495086e-01	   2.4841374e-01	
   2.4514655e-01	   2.4972909e-01	   2.5431041e-01	
   2.3540012e-01	   2.3816033e-01	   2.4088212e-01	
   2.4361558e-01	   2.4815840e-01	   2.5243809e-01	
   2.3485867e-01	   2.3768930e-01	   2.4061604e-01	
   2.3833386e-01	   2.4204771e-01	   2.4578954e-01	
   2.2920691e-01	   2.3138274e-01	   2.3346828e-01	
   2.3756680e-01	   2.4134541e-01	   2.4525733e-01	
   2.2801822e-01	   2.3016528e-01	   2.3229367e-01	
   2.3492773e-01	   2.3849031e-01	   2.4205358e-01	
   2.2158451e-01	   2.2298169e-01	   2.2417925e-01	
   2.2988037e-01	   2.3283725e-01	   2.3555712e-01	
   2.2447418e-01	   2.2658065e-01	   2.2836849e-01	
   2.2638685e-01	   2.2905591e-01	   2.3178654e-01	
   2.1849767e-01	   2.1977999e-01	   2.2085652e-01	
   2.2665228e-01	   2.2945644e-01	   2.3235245e-01	
   2.1651810e-01	   2.1781031e-01	   2.1911327e-01	
   2.2239286e-01	   2.2476992e-01	   2.2688395e-01	
   2.1121597e-01	   2.1180931e-01	   2.1250875e-01	
   2.2103695e-01	   2.2323121e-01	   2.2547582e-01	
   2.1113701e-01	   2.1201503e-01	   2.1281977e-01	
   2.1556907e-01	   2.1710619e-01	   2.1857520e-01	
   2.0913743e-01	   2.0986368e-01	   2.1020550e-01	
   2.1472516e-01	   2.1632727e-01	   2.1814389e-01	
   2.0672238e-01	   2.0726020e-01	   2.0779993e-01	
   2.1341718e-01	   2.1505056e-01	   2.1673941e-01	
   2.0455395e-01	   2.0488762e-01	   2.0500388e-01	
   2.0932920e-01	   2.1062313e-01	   2.1180680e-01	
   2.0186058e-01	   2.0185550e-01	   2.0206627e-01	
   2.0410312e-01	   2.0482253e-01	   2.0569747e-01	
   1.9871042e-01	   1.9839508e-01	   1.9795269e-01	
   2.0536763e-01	   2.0648286e-01	   2.0724134e-01	
   1.9625985e-01	   1.9577717e-01	   1.9535096e-01	
   2.0006900e-01	   2.0057132e-01	   2.0094089e-01	
   1.8977412e-01	   1.8871214e-01	   1.8761128e-01	
   2.0072651e-01	   2.0148103e-01	   2.0231824e-01	
   1.9197612e-01	   1.9131524e-01	   1.9038757e-01	
   1.9782141e-01	   1.9832644e-01	   1.9849060e-01	
   1.8652443e-01	   1.8553046e-01	   1.8433111e-01	
   1.9589883e-01	   1.9621902e-01	   1.9675713e-01	
   1.8638760e-01	   1.8536181e-01	   1.8402899e-01	
   1.8740342e-01	   1.8662848e-01	   1.8559930e-01	
   1.8455528e-01	   1.8357923e-01	   1.8229074e-01	
   1.9156881e-01	   1.9164377e-01	   1.9165262e-01	
   1.8063758e-01	   1.7928712e-01	   1.7772799e-01	
   1.8606366e-01	   1.8582005e-01	   1.8493795e-01	
   1.7623898e-01	   1.7427926e-01	   1.7190189e-01	
   1.8605869e-01	   1.8583056e-01	   1.8569407e-01	
   1.7732879e-01	   1.7583926e-01	   1.7400929e-01	
   1.8298155e-01	   1.8266607e-01	   1.8215433e-01	
   1.7364076e-01	   1.7187003e-01	   1.6953834e-01	
   1.8085301e-01	   1.8038799e-01	   1.7961198e-01	
   1.7243986e-01	   1.7077075e-01	   1.6860923e-01	
   1.7873931e-01	   1.7835519e-01	   1.7764516e-01	
   1.6791334e-01	   1.6570536e-01	   1.6324277e-01	
   1.7642494e-01	   1.7608570e-01	   1.7532845e-01	
   1.6770574e-01	   1.6600083e-01	   1.6381536e-01	
   1.7250422e-01	   1.7173009e-01	   1.7034401e-01	
   1.6291920e-01	   1.6052096e-01	   1.5779038e-01	
   1.7211922e-01	   1.7149588e-01	   1.7039910e-01	
   1.6249466e-01	   1.6029861e-01	   1.5774066e-01	
   1.6991355e-01	   1.6900675e-01	   1.6776518e-01	
   1.5967317e-01	   1.5746568e-01	   1.5434883e-01	
   1.6441393e-01	   1.6330962e-01	   1.6141392e-01	
   1.5591848e-01	   1.5346755e-01	   1.5075330e-01	
   1.6154209e-01	   1.6015498e-01	   1.5822087e-01	
   1.5664102e-01	   1.5436825e-01	   1.5139032e-01	
   1.6210465e-01	   1.6084150e-01	   1.5914612e-01	
   1.4901116e-01	   1.4605690e-01	   1.4224361e-01	
   1.5855906e-01	   1.5739242e-01	   1.5538617e-01	
   1.5111571e-01	   1.4852595e-01	   1.4532653e-01	
   1.5566932e-01	   1.5418433e-01	   1.5213488e-01	
   1.4819816e-01	   1.4563092e-01	   1.4236748e-01	
   1.5305582e-01	   1.5165789e-01	   1.4956979e-01	
   1.3884500e-01	   1.3535106e-01	   1.3091480e-01	
   1.4901426e-01	   1.4717406e-01	   1.4461650e-01	
   1.4331317e-01	   1.4066863e-01	   1.3742266e-01	
   1.4930896e-01	   1.4792632e-01	   1.4576071e-01	
   1.3922455e-01	   1.3641981e-01	   1.3262466e-01	
   1.4625136e-01	   1.4463324e-01	   1.4234490e-01	
   1.3651256e-01	   1.3353575e-01	   1.2990705e-01	
   1.4151219e-01	   1.3945211e-01	   1.3682542e-01	
   1.3314780e-01	   1.2993455e-01	   1.2577463e-01	
   1.3917904e-01	   1.3700603e-01	   1.3431694e-01	
   1.3432468e-01	   1.3145766e-01	   1.2775160e-01	
   1.4128145e-01	   1.3971340e-01	   1.3744258e-01	
   1.2619497e-01	   1.2243654e-01	   1.1806068e-01	
   1.3762528e-01	   1.3591310e-01	   1.3342382e-01	
   1.2810557e-01	   1.2506294e-01	   1.2119223e-01	
   1.3352294e-01	   1.3139892e-01	   1.2856742e-01	
   1.2337225e-01	   1.1996697e-01	   1.1574983e-01	
   1.3251177e-01	   1.3075937e-01	   1.2801915e-01	
   1.2402328e-01	   1.2092137e-01	   1.1718048e-01	
   1.3127050e-01	   1.2940249e-01	   1.2677603e-01	
   1.2038151e-01	   1.1726894e-01	   1.1333917e-01	
   1.2828373e-01	   1.2649491e-01	   1.2388895e-01	
   1.2031377e-01	   1.1743008e-01	   1.1370849e-01	
   1.2682317e-01	   1.2504282e-01	   1.2237249e-01	
   1.1663287e-01	   1.1350782e-01	   1.0960853e-01	
   1.2178261e-01	   1.1969891e-01	   1.1677724e-01	
   1.1452549e-01	   1.1148893e-01	   1.0776052e-01	
   1.2055804e-01	   1.1860645e-01	   1.1577176e-01	
   1.0858331e-01	   1.0500512e-01	   1.0096656e-01	
   1.1800274e-01	   1.1596604e-01	   1.1314544e-01	
   1.0770142e-01	   1.0425664e-01	   1.0049514e-01	
   1.1623816e-01	   1.1416553e-01	   1.1147493e-01	
   1.0639193e-01	   1.0332564e-01	   9.9648272e-02	
   1.1541343e-01	   1.1344231e-01	   1.1063230e-01	
   1.0598195e-01	   1.0304698e-01	   9.9666238e-02	
   1.1133185e-01	   1.0929093e-01	   1.0661246e-01	
   1.0323150e-01	   1.0025678e-01	   9.6900366e-02	
   1.0773491e-01	   1.0553667e-01	   1.0260662e-01	
   9.8862056e-02	   9.5686522e-02	   9.2173967e-02	
   1.0517130e-01	   1.0295752e-01	   1.0006373e-01	
   9.7322614e-02	   9.4162154e-02	   9.0923528e-02	
   1.0467512e-01	   1.0275174e-01	   1.0007610e-01	
   9.6129309e-02	   9.3399900e-02	   9.0157371e-02	
   1.0165009e-01	   9.9700346e-02	   9.6929242e-02	
   9.2476366e-02	   8.9496177e-02	   8.6308022e-02	
   9.9372154e-02	   9.7435669e-02	   9.4646079e-02	
   9.1434531e-02	   8.8734109e-02	   8.5838612e-02	
   9.6778189e-02	   9.4766541e-02	   9.1924552e-02	
   8.8474181e-02	   8.5768391e-02	   8.2978619e-02	
   9.3309849e-02	   9.1312000e-02	   8.8613224e-02	
   8.5704044e-02	   8.2956338e-02	   8.0206776e-02	
   9.1289028e-02	   8.9298434e-02	   8.6861620e-02	
   8.5235712e-02	   8.2884292e-02	   8.0305836e-02	
   9.2804962e-02	   9.0952701e-02	   8.8746318e-02	
   8.2440038e-02	   7.9950978e-02	   7.7838339e-02	
   8.8095387e-02	   8.6309650e-02	   8.4146554e-02	
   7.9347828e-02	   7.6876700e-02	   7.4669928e-02	
   8.7143050e-02	   8.5414743e-02	   8.3442547e-02	
   7.9043814e-02	   7.6905276e-02	   7.5203063e-02	
   8.3467474e-02	   8.1709883e-02	   7.9896893e-02	
   7.2271771e-02	   6.9935446e-02	   6.8084073e-02	
   8.1523859e-02	   7.9730356e-02	   7.7948038e-02	
   7.5384586e-02	   7.3514050e-02	   7.2155208e-02	
   7.6745350e-02	   7.4757656e-02	   7.2943022e-02	
   7.3135366e-02	   7.1466445e-02	   7.0336569e-02	
   7.8312080e-02	   7.6833183e-02	   7.5407426e-02	
   6.9943276e-02	   6.8413879e-02	   6.7639306e-02	
   7.6667348e-02	   7.5191756e-02	   7.4000118e-02	
   6.8292180e-02	   6.7151269e-02	   6.6475930e-02	
   7.4671944e-02	   7.3467310e-02	   7.2417487e-02	
   6.7131413e-02	   6.6053156e-02	   6.5662442e-02	
   7.1487174e-02	   7.0139399e-02	   6.9111315e-02	
   6.4524878e-02	   6.3456495e-02	   6.3341391e-02	
   7.1329817e-02	   7.0302449e-02	   6.9565581e-02	
   6.3980771e-02	   6.3249367e-02	   6.3425795e-02	
   6.9392526e-02	   6.8451934e-02	   6.8019643e-02	
   6.1773078e-02	   6.1236875e-02	   6.1484485e-02	
   6.7314625e-02	   6.6589885e-02	   6.6421922e-02	
   6.0846756e-02	   6.0510481e-02	   6.1168143e-02	
   6.2785876e-02	   6.2187580e-02	   6.2193974e-02	
   5.6125805e-02	   5.5944519e-02	   5.6753907e-02	
   6.4090157e-02	   6.3819855e-02	   6.3937218e-02	
   5.8143324e-02	   5.8373834e-02	   5.9428535e-02	
   5.9753013e-02	   5.9448181e-02	   5.9807407e-02	
   5.3433590e-02	   5.3684137e-02	   5.5023744e-02	
   6.0472695e-02	   6.0468084e-02	   6.1192569e-02	
   5.4407645e-02	   5.5014219e-02	   5.6562191e-02	
   5.9000316e-02	   5.9237831e-02	   6.0229160e-02	
   5.1882891e-02	   5.2713401e-02	   5.4544455e-02	
   5.7963294e-02	   5.8335640e-02	   5.9605487e-02	
   5.1897887e-02	   5.2962786e-02	   5.5048007e-02	
   5.4877051e-02	   5.5428614e-02	   5.6961092e-02	
   4.9987923e-02	   5.1438417e-02	   5.3904444e-02	
   5.4857362e-02	   5.5641719e-02	   5.7334916e-02	
   4.9687648e-02	   5.1169468e-02	   5.3850164e-02	
   5.2936420e-02	   5.3953506e-02	   5.5952848e-02	
   4.5162160e-02	   4.6899443e-02	   4.9827230e-02	
   5.0107890e-02	   5.1314448e-02	   5.3452077e-02	
   4.7459431e-02	   4.9430548e-02	   5.2469616e-02	
   5.0672801e-02	   5.2071427e-02	   5.4572517e-02	
   4.3892484e-02	   4.6073547e-02	   4.9434734e-02	
   4.9587848e-02	   5.1254822e-02	   5.4004155e-02	
   4.5764381e-02	   4.8199268e-02	   5.1487101e-02	
   4.7678720e-02	   4.9647855e-02	   5.2587294e-02	
   4.4554649e-02	   4.7176096e-02	   5.0722735e-02	
   4.7336799e-02	   4.9482517e-02	   5.2386351e-02	
   4.3175388e-02	   4.5940427e-02	   4.9778269e-02	
   4.5975477e-02	   4.8215890e-02	   5.1488729e-02	
   4.1357428e-02	   4.4423996e-02	   4.8528427e-02	
   4.4997325e-02	   4.7495659e-02	   5.0884760e-02	
   4.1703646e-02	   4.4871076e-02	   4.8899808e-02	
   4.3954894e-02	   4.6550837e-02	   5.0258047e-02	
   4.0876765e-02	   4.4147763e-02	   4.8369713e-02	
   4.3689782e-02	   4.6542199e-02	   5.0214949e-02	
   3.9180881e-02	   4.2751659e-02	   4.7110806e-02	
   4.2547670e-02	   4.5605922e-02	   4.9431423e-02	
   3.9491060e-02	   4.3158817e-02	   4.7652245e-02	
   4.2255191e-02	   4.5368444e-02	   4.9390441e-02	
   3.9490861e-02	   4.3225401e-02	   4.7754780e-02	
   4.1573257e-02	   4.4842827e-02	   4.9073829e-02	
   3.8871656e-02	   4.2766227e-02	   4.7370100e-02	
   4.0972230e-02	   4.4363669e-02	   4.8663692e-02	
   3.8874519e-02	   4.2872312e-02	   4.7538421e-02	
   4.0413843e-02	   4.4028885e-02	   4.8374110e-02	
   3.8317485e-02	   4.2368968e-02	   4.7191085e-02	
   3.9808161e-02	   4.3460824e-02	   4.7959197e-02	
   3.7057992e-02	   4.1292380e-02	   4.6225994e-02	
   3.8406625e-02	   4.2276984e-02	   4.6977170e-02	
   3.7155684e-02	   4.1419290e-02	   4.6403597e-02	
   3.8907654e-02	   4.2831270e-02	   4.7511932e-02	
   3.7279827e-02	   4.1650371e-02	   4.6689053e-02	
   3.8368479e-02	   4.2425839e-02	   4.7165574e-02	
   3.6261899e-02	   4.0736973e-02	   4.5844734e-02	
   3.7998515e-02	   4.2102027e-02	   4.6977332e-02	
   3.6675896e-02	   4.1164956e-02	   4.6323806e-02	
   3.6850238e-02	   4.1261983e-02	   4.6186967e-02	
   3.6089864e-02	   4.0734171e-02	   4.5931147e-02	
   3.7122311e-02	   4.1441702e-02	   4.6498803e-02	
   3.6236998e-02	   4.0808506e-02	   4.6012946e-02	
   3.6865711e-02	   4.1316847e-02	   4.6317021e-02	
   3.5917352e-02	   4.0540538e-02	   4.5812220e-02	
   3.6299687e-02	   4.0790343e-02	   4.5924308e-02	
   3.5721173e-02	   4.0411293e-02	   4.5632500e-02	
   3.6176657e-02	   4.0690888e-02	   4.5959589e-02	
   3.4238412e-02	   3.9175998e-02	   4.4590820e-02	
   3.6041416e-02	   4.0620942e-02	   4.5800767e-02	
   3.5354311e-02	   4.0171668e-02	   4.5573607e-02	
   3.5258369e-02	   3.9979481e-02	   4.5262205e-02	
   3.4593341e-02	   3.9448168e-02	   4.4967358e-02	
   3.5564253e-02	   4.0200243e-02	   4.5548801e-02	
   3.4276359e-02	   3.9178472e-02	   4.4734281e-02	
   3.5288520e-02	   3.9956555e-02	   4.5320881e-02	
   3.3787303e-02	   3.8774956e-02	   4.4360077e-02	
   3.5276468e-02	   3.9991295e-02	   4.5312142e-02	
   3.4663030e-02	   3.9642128e-02	   4.5066798e-02	
   3.4822097e-02	   3.9678128e-02	   4.4991675e-02	
   3.4554598e-02	   3.9476977e-02	   4.5022777e-02	
   3.4819512e-02	   3.9641008e-02	   4.4998786e-02	
   3.4535903e-02	   3.9515358e-02	   4.5008828e-02	
   3.4797237e-02	   3.9660525e-02	   4.5148109e-02	
   3.4223138e-02	   3.9239266e-02	   4.4739872e-02	
   3.4588647e-02	   3.9521195e-02	   4.4858039e-02	
   3.4307703e-02	   3.9327655e-02	   4.4820749e-02	
   3.4464742e-02	   3.9410627e-02	   4.4899183e-02	
   3.4143584e-02	   3.9186970e-02	   4.4630878e-02	
   3.4368761e-02	   3.9324106e-02	   4.4882030e-02	
   3.4135510e-02	   3.9228667e-02	   4.4730156e-02	
   3.4059655e-02	   3.9061928e-02	   4.4649388e-02	
   3.3712324e-02	   3.8805633e-02	   4.4449802e-02	
   3.4076719e-02	   3.9131780e-02	   4.4610198e-02	
   3.3923619e-02	   3.8930302e-02	   4.4517651e-02	
   3.3693549e-02	   3.8746660e-02	   4.4344499e-02	
   3.3972663e-02	   3.8968590e-02	   4.4627350e-02	
   3.3984875e-02	   3.8961166e-02	   4.4562649e-02	
   3.3720359e-02	   3.8815859e-02	   4.4477973e-02	
   3.3811965e-02	   3.8856761e-02	   4.4496156e-02	
   3.3777200e-02	   3.8868108e-02	   4.4481718e-02	
   3.3800907e-02	   3.8848263e-02	   4.4476344e-02	
   3.3686111e-02	   3.8788544e-02	   4.4502290e-02	
   3.3611132e-02	   3.8669618e-02	   4.4232249e-02	
   3.3412168e-02	   3.8579968e-02	   4.4214228e-02	
   3.3420680e-02	   3.8498817e-02	   4.4060400e-02	
   3.3637464e-02	   3.8802785e-02	   4.4375004e-02	
   3.3129832e-02	   3.8262927e-02	   4.3845018e-02	
   3.3614354e-02	   3.8665135e-02	   4.4375059e-02	
   3.3552023e-02	   3.8627828e-02	   4.4267205e-02	
   3.3457355e-02	   3.8618023e-02	   4.4308675e-02	
   3.3577719e-02	   3.8648093e-02	   4.4318825e-02	
   3.3287030e-02	   3.8465899e-02	   4.4105994e-02	
