   1.2980173e+03	   1.3039696e+03	   1.3190115e+03	   1.3278800e+03	
   1.3017020e+03	   1.3068121e+03	   1.3246753e+03	   1.3301639e+03	
   1.2984564e+03	   1.3041727e+03	   1.3212741e+03	   1.3277325e+03	
   1.3000145e+03	   1.3083653e+03	   1.3261302e+03	   1.3319268e+03	
   1.2963724e+03	   1.3026736e+03	   1.3214559e+03	   1.3276408e+03	
   1.3024328e+03	   1.3077329e+03	   1.3253274e+03	   1.3331867e+03	
   1.2987153e+03	   1.3047625e+03	   1.3229976e+03	   1.3283912e+03	
   1.3025900e+03	   1.3074970e+03	   1.3256371e+03	   1.3333047e+03	
   1.2996492e+03	   1.3056145e+03	   1.3248834e+03	   1.3290482e+03	
   1.2995672e+03	   1.3087110e+03	   1.3253897e+03	   1.3316466e+03	
   1.2980681e+03	   1.3028505e+03	   1.3203910e+03	   1.3279799e+03	
   1.3008026e+03	   1.3050214e+03	   1.3225979e+03	   1.3294709e+03	
   1.2979387e+03	   1.3029603e+03	   1.3202697e+03	   1.3258419e+03	
   1.3036058e+03	   1.3100446e+03	   1.3285747e+03	   1.3348841e+03	
   1.2985531e+03	   1.3043923e+03	   1.3203271e+03	   1.3268593e+03	
   1.3029177e+03	   1.3097252e+03	   1.3266627e+03	   1.3330048e+03	
   1.2986645e+03	   1.3043202e+03	   1.3215329e+03	   1.3283928e+03	
   1.3032945e+03	   1.3081441e+03	   1.3283371e+03	   1.3331375e+03	
   1.2974455e+03	   1.3042071e+03	   1.3197684e+03	   1.3265742e+03	
   1.3044676e+03	   1.3095908e+03	   1.3283600e+03	   1.3349529e+03	
   1.2975553e+03	   1.3042841e+03	   1.3207744e+03	   1.3267544e+03	
   1.3008747e+03	   1.3070038e+03	   1.3243165e+03	   1.3305620e+03	
   1.2984908e+03	   1.3031602e+03	   1.3210906e+03	   1.3278784e+03	
   1.3008190e+03	   1.3080360e+03	   1.3256420e+03	   1.3300279e+03	
   1.2994214e+03	   1.3043316e+03	   1.3242182e+03	   1.3305506e+03	
   1.3005978e+03	   1.3072742e+03	   1.3241609e+03	   1.3278816e+03	
   1.2959825e+03	   1.3052524e+03	   1.3204025e+03	   1.3279586e+03	
   1.3019675e+03	   1.3065172e+03	   1.3242346e+03	   1.3311223e+03	
   1.2988677e+03	   1.3034486e+03	   1.3227896e+03	   1.3272263e+03	
   1.3035878e+03	   1.3089453e+03	   1.3262465e+03	   1.3322315e+03	
   1.2999719e+03	   1.3025933e+03	   1.3200846e+03	   1.3267610e+03	
   1.3055522e+03	   1.3104493e+03	   1.3274344e+03	   1.3341222e+03	
   1.2996934e+03	   1.3036075e+03	   1.3190623e+03	   1.3282159e+03	
   1.3033634e+03	   1.3108819e+03	   1.3278816e+03	   1.3343352e+03	
   1.2964707e+03	   1.3040138e+03	   1.3208989e+03	   1.3281176e+03	
   1.3017414e+03	   1.3077018e+03	   1.3251865e+03	   1.3321873e+03	
   1.2966722e+03	   1.3048805e+03	   1.3227191e+03	   1.3277080e+03	
   1.3016922e+03	   1.3093893e+03	   1.3251111e+03	   1.3323970e+03	
   1.2978863e+03	   1.3016054e+03	   1.3204893e+03	   1.3256305e+03	
   1.3019167e+03	   1.3065467e+03	   1.3257567e+03	   1.3304719e+03	
   1.2983368e+03	   1.3034830e+03	   1.3205352e+03	   1.3266873e+03	
   1.3043333e+03	   1.3108016e+03	   1.3246311e+03	   1.3337093e+03	
   1.3000768e+03	   1.3050443e+03	   1.3193457e+03	   1.3298182e+03	
   1.3025474e+03	   1.3077264e+03	   1.3248736e+03	   1.3326018e+03	
   1.2997278e+03	   1.3044791e+03	   1.3217017e+03	   1.3296478e+03	
   1.3051557e+03	   1.3085275e+03	   1.3280471e+03	   1.3339272e+03	
   1.2975668e+03	   1.3045004e+03	   1.3212085e+03	   1.3297166e+03	
   1.3040597e+03	   1.3100397e+03	   1.3288729e+03	   1.3350561e+03	
   1.2995345e+03	   1.3029030e+03	   1.3205139e+03	   1.3271198e+03	
   1.3012253e+03	   1.3100496e+03	   1.3230091e+03	   1.3315008e+03	
   1.2980649e+03	   1.3045200e+03	   1.3197963e+03	   1.3267381e+03	
   1.3015120e+03	   1.3084849e+03	   1.3266119e+03	   1.3324691e+03	
   1.3012187e+03	   1.3072512e+03	   1.3231091e+03	   1.3309618e+03	
   1.3033208e+03	   1.3079246e+03	   1.3271526e+03	   1.3331703e+03	
   1.2968836e+03	   1.3041481e+03	   1.3199142e+03	   1.3266299e+03	
   1.3011958e+03	   1.3070907e+03	   1.3264874e+03	   1.3326673e+03	
   1.2990741e+03	   1.3053900e+03	   1.3211758e+03	   1.3279095e+03	
   1.3039777e+03	   1.3100086e+03	   1.3262334e+03	   1.3331736e+03	
   1.2986170e+03	   1.3031405e+03	   1.3199273e+03	   1.3281077e+03	
   1.3030783e+03	   1.3088486e+03	   1.3241625e+03	   1.3321201e+03	
   1.3012466e+03	   1.3067089e+03	   1.3235842e+03	   1.3308061e+03	
   1.3050394e+03	   1.3114274e+03	   1.3278440e+03	   1.3353215e+03	
   1.2987022e+03	   1.3056767e+03	   1.3226978e+03	   1.3298936e+03	
   1.3012351e+03	   1.3079279e+03	   1.3245852e+03	   1.3303408e+03	
   1.3014088e+03	   1.3061863e+03	   1.3223931e+03	   1.3294561e+03	
   1.3037107e+03	   1.3069203e+03	   1.3235907e+03	   1.3330720e+03	
   1.2998671e+03	   1.3053638e+03	   1.3209808e+03	   1.3265513e+03	
   1.3030111e+03	   1.3094532e+03	   1.3266053e+03	   1.3322741e+03	
   1.3010221e+03	   1.3077067e+03	   1.3242756e+03	   1.3285861e+03	
   1.3058717e+03	   1.3103133e+03	   1.3297199e+03	   1.3347792e+03	
   1.3026670e+03	   1.3090616e+03	   1.3245066e+03	   1.3296249e+03	
   1.3032995e+03	   1.3093844e+03	   1.3249735e+03	   1.3319825e+03	
   1.3032126e+03	   1.3069661e+03	   1.3227601e+03	   1.3300803e+03	
   1.3049821e+03	   1.3113848e+03	   1.3280602e+03	   1.3329246e+03	
   1.2996901e+03	   1.3059356e+03	   1.3203074e+03	   1.3293791e+03	
   1.3067925e+03	   1.3128741e+03	   1.3284190e+03	   1.3352216e+03	
   1.3022788e+03	   1.3067269e+03	   1.3230779e+03	   1.3292480e+03	
   1.3069465e+03	   1.3109408e+03	   1.3272885e+03	   1.3339469e+03	
   1.3003242e+03	   1.3067106e+03	   1.3216542e+03	   1.3276457e+03	
   1.3071267e+03	   1.3128692e+03	   1.3275736e+03	   1.3333669e+03	
   1.3012138e+03	   1.3092861e+03	   1.3233827e+03	   1.3285337e+03	
   1.3085062e+03	   1.3124809e+03	   1.3271722e+03	   1.3360342e+03	
   1.3039253e+03	   1.3090059e+03	   1.3234711e+03	   1.3300656e+03	
   1.3063354e+03	   1.3114012e+03	   1.3250063e+03	   1.3322168e+03	
   1.3034846e+03	   1.3089551e+03	   1.3246049e+03	   1.3294332e+03	
   1.3045282e+03	   1.3092550e+03	   1.3248785e+03	   1.3309864e+03	
   1.3050443e+03	   1.3104035e+03	   1.3236923e+03	   1.3301016e+03	
   1.3107508e+03	   1.3136245e+03	   1.3287795e+03	   1.3327935e+03	
   1.3056997e+03	   1.3111637e+03	   1.3247376e+03	   1.3303883e+03	
   1.3089256e+03	   1.3133591e+03	   1.3283568e+03	   1.3322987e+03	
   1.3055276e+03	   1.3099693e+03	   1.3249621e+03	   1.3277637e+03	
   1.3072447e+03	   1.3109933e+03	   1.3278898e+03	   1.3327607e+03	
   1.3081490e+03	   1.3139538e+03	   1.3247540e+03	   1.3298264e+03	
   1.3098186e+03	   1.3153251e+03	   1.3290318e+03	   1.3337945e+03	
   1.3057357e+03	   1.3086307e+03	   1.3205761e+03	   1.3271165e+03	
   1.3090551e+03	   1.3151302e+03	   1.3283732e+03	   1.3329524e+03	
   1.3132641e+03	   1.3170143e+03	   1.3279275e+03	   1.3308225e+03	
   1.3123875e+03	   1.3171716e+03	   1.3283600e+03	   1.3332129e+03	
   1.3149057e+03	   1.3184725e+03	   1.3262236e+03	   1.3320759e+03	
   1.3162803e+03	   1.3216312e+03	   1.3303130e+03	   1.3344515e+03	
   1.3154939e+03	   1.3183840e+03	   1.3292382e+03	   1.3312583e+03	
   1.3114684e+03	   1.3180416e+03	   1.3285255e+03	   1.3325854e+03	
   1.3140800e+03	   1.3175451e+03	   1.3244279e+03	   1.3293545e+03	
   1.3152678e+03	   1.3176189e+03	   1.3286369e+03	   1.3343729e+03	
   1.3213232e+03	   1.3211545e+03	   1.3278489e+03	   1.3308111e+03	
   1.3200502e+03	   1.3227404e+03	   1.3321971e+03	   1.3324576e+03	
   1.3187248e+03	   1.3225110e+03	   1.3234957e+03	   1.3282454e+03	
   1.3242133e+03	   1.3261646e+03	   1.3314074e+03	   1.3343909e+03	
   1.3305145e+03	   1.3311797e+03	   1.3264399e+03	   1.3286631e+03	
   1.3328197e+03	   1.3351413e+03	   1.3332899e+03	   1.3365224e+03	
   1.3359261e+03	   1.3364798e+03	   1.3275228e+03	   1.3299657e+03	
   1.3299427e+03	   1.3267135e+03	   1.3309372e+03	   1.3314435e+03	
   1.3496425e+03	   1.3446684e+03	   1.3316778e+03	   1.3308782e+03	
   1.3478452e+03	   1.3457121e+03	   1.3350577e+03	   1.3341910e+03	
   1.3605623e+03	   1.3543365e+03	   1.3334161e+03	   1.3284616e+03	
   1.3417505e+03	   1.3399368e+03	   1.3324969e+03	   1.3321709e+03	
   1.3740347e+03	   1.3634770e+03	   1.3360637e+03	   1.3311043e+03	
   1.3777292e+03	   1.3682348e+03	   1.3402415e+03	   1.3356230e+03	
   1.3347677e+03	   1.3321693e+03	   1.3229452e+03	   1.3269347e+03	
   1.3686608e+03	   1.3603837e+03	   1.3337896e+03	   1.3323282e+03	
   1.4273851e+03	   1.4055685e+03	   1.3414064e+03	   1.3286533e+03	
   1.3922337e+03	   1.3776588e+03	   1.3402317e+03	   1.3333981e+03	
   1.4588402e+03	   1.4273031e+03	   1.3456039e+03	   1.3302081e+03	
   1.4464312e+03	   1.4181921e+03	   1.3466181e+03	   1.3343975e+03	
   1.4998029e+03	   1.4587010e+03	   1.3490232e+03	   1.3312075e+03	
   1.4873987e+03	   1.4514004e+03	   1.3506043e+03	   1.3346236e+03	
   1.5465687e+03	   1.4910064e+03	   1.3501013e+03	   1.3296527e+03	
   1.5299326e+03	   1.4817709e+03	   1.3579540e+03	   1.3366797e+03	
   1.6142303e+03	   1.5422384e+03	   1.3580507e+03	   1.3306161e+03	
   1.5656475e+03	   1.5045722e+03	   1.3562550e+03	   1.3356901e+03	
   1.6884470e+03	   1.5941520e+03	   1.3639472e+03	   1.3299181e+03	
   1.6569247e+03	   1.5720863e+03	   1.3704925e+03	   1.3346858e+03	
   1.8398443e+03	   1.7145283e+03	   1.3847349e+03	   1.3321660e+03	
   1.7458753e+03	   1.6393482e+03	   1.3786565e+03	   1.3344679e+03	
   1.9010311e+03	   1.7512492e+03	   1.3918192e+03	   1.3327279e+03	
   1.8414925e+03	   1.7057335e+03	   1.3889963e+03	   1.3370221e+03	
   2.0931519e+03	   1.9022435e+03	   1.4156887e+03	   1.3343549e+03	
   1.9675884e+03	   1.8025205e+03	   1.4028406e+03	   1.3357704e+03	
   2.0517616e+03	   1.8455950e+03	   1.3745770e+03	   1.3281208e+03	
   2.1044190e+03	   1.9029660e+03	   1.4214083e+03	   1.3420225e+03	
   2.4170586e+03	   2.1626435e+03	   1.4596643e+03	   1.3371352e+03	
   2.2174603e+03	   1.9911745e+03	   1.4329424e+03	   1.3401006e+03	
   2.5505976e+03	   2.2661184e+03	   1.4672844e+03	   1.3345793e+03	
   2.2146472e+03	   1.9563492e+03	   1.3843286e+03	   1.3313157e+03	
   2.7823048e+03	   2.4540089e+03	   1.5236314e+03	   1.3403005e+03	
   2.5896532e+03	   2.2853742e+03	   1.4886079e+03	   1.3421634e+03	
   2.8765409e+03	   2.5187542e+03	   1.4978450e+03	   1.3345760e+03	
   2.8098639e+03	   2.4622401e+03	   1.5243474e+03	   1.3434609e+03	
   3.1989780e+03	   2.8072753e+03	   1.6131784e+03	   1.3417751e+03	
   3.0026761e+03	   2.6177464e+03	   1.5567348e+03	   1.3423124e+03	
   3.3660890e+03	   2.9441025e+03	   1.6390303e+03	   1.3412180e+03	
   3.1862806e+03	   2.7715849e+03	   1.6049947e+03	   1.3480664e+03	
   3.6134885e+03	   3.1589132e+03	   1.7200480e+03	   1.3429612e+03	
   3.4513041e+03	   2.9946693e+03	   1.6664584e+03	   1.3479566e+03	
   3.8129869e+03	   3.3305100e+03	   1.7878243e+03	   1.3474881e+03	
   3.4971262e+03	   3.0147804e+03	   1.6344839e+03	   1.3443784e+03	
   4.0504775e+03	   3.5357099e+03	   1.8572570e+03	   1.3458087e+03	
   3.9097870e+03	   3.3922702e+03	   1.8119920e+03	   1.3560224e+03	
   4.2949984e+03	   3.7506778e+03	   1.9707079e+03	   1.3505486e+03	
   3.8120251e+03	   3.2725459e+03	   1.6578569e+03	   1.3387490e+03	
   4.5398847e+03	   3.9736770e+03	   2.0909876e+03	   1.3584537e+03	
   4.2475052e+03	   3.6710594e+03	   1.8841231e+03	   1.3517904e+03	
   4.7522279e+03	   4.1579844e+03	   2.1762470e+03	   1.3623924e+03	
   4.5916836e+03	   3.9834205e+03	   2.0741565e+03	   1.3665260e+03	
   5.0708149e+03	   4.4364082e+03	   2.3556589e+03	   1.3769280e+03	
   4.8842924e+03	   4.2406404e+03	   2.2075776e+03	   1.3749358e+03	
   5.2698676e+03	   4.6189297e+03	   2.4648598e+03	   1.3812435e+03	
   5.0053601e+03	   4.3350927e+03	   2.2364851e+03	   1.3670257e+03	
   5.5386201e+03	   4.8542659e+03	   2.6145696e+03	   1.3915899e+03	
   5.2272993e+03	   4.5312439e+03	   2.3461481e+03	   1.3659427e+03	
   5.6959024e+03	   4.9830717e+03	   2.6874626e+03	   1.3884950e+03	
   5.5542715e+03	   4.8251684e+03	   2.5418421e+03	   1.3845907e+03	
   6.0632654e+03	   5.3154341e+03	   2.9394283e+03	   1.4162376e+03	
   5.8849644e+03	   5.1232216e+03	   2.7674038e+03	   1.4110570e+03	
   6.3582434e+03	   5.5845093e+03	   3.1472299e+03	   1.4458299e+03	
   6.1452350e+03	   5.3569210e+03	   2.9391563e+03	   1.4285287e+03	
   6.6500593e+03	   5.8375285e+03	   3.3412807e+03	   1.4670976e+03	
   6.2943762e+03	   5.4792896e+03	   3.0055187e+03	   1.4195258e+03	
   6.8877514e+03	   6.0576524e+03	   3.5082917e+03	   1.4902004e+03	
   6.6675997e+03	   5.8141177e+03	   3.2652814e+03	   1.4621973e+03	
   7.0346547e+03	   6.1768409e+03	   3.5985416e+03	   1.4869351e+03	
   6.8983960e+03	   6.0112470e+03	   3.4120044e+03	   1.4686688e+03	
   7.4012018e+03	   6.5071422e+03	   3.8733397e+03	   1.5472781e+03	
   7.1804553e+03	   6.2607617e+03	   3.6168521e+03	   1.5116991e+03	
   7.6933388e+03	   6.7641590e+03	   4.0839987e+03	   1.5965948e+03	
   7.5280349e+03	   6.5835953e+03	   3.8836614e+03	   1.5636798e+03	
   7.9467512e+03	   6.9936527e+03	   4.2675819e+03	   1.6373133e+03	
   7.6905191e+03	   6.7119767e+03	   3.9722730e+03	   1.5479498e+03	
   8.2954989e+03	   7.2956855e+03	   4.5266663e+03	   1.7144136e+03	
   8.0255521e+03	   7.0120025e+03	   4.2341312e+03	   1.6080585e+03	
   8.5944844e+03	   7.5672855e+03	   4.7585111e+03	   1.7774468e+03	
   8.2322659e+03	   7.1906968e+03	   4.3759636e+03	   1.6273651e+03	
   8.8315326e+03	   7.7739255e+03	   4.9463557e+03	   1.8535772e+03	
   8.7678752e+03	   7.6816064e+03	   4.8089878e+03	   1.7934390e+03	
   9.2000392e+03	   8.1018365e+03	   5.2160060e+03	   1.9462060e+03	
   8.9893606e+03	   7.8805936e+03	   4.9861666e+03	   1.8502071e+03	
   9.4794166e+03	   8.3548720e+03	   5.4325222e+03	   2.0342556e+03	
   9.3736988e+03	   8.2313402e+03	   5.2857533e+03	   1.9668987e+03	
   9.8261852e+03	   8.6622246e+03	   5.7106953e+03	   2.1761093e+03	
   9.6561038e+03	   8.4679477e+03	   5.4943545e+03	   2.0466941e+03	
   1.0123934e+04	   8.9331987e+03	   5.9452631e+03	   2.3069844e+03	
   1.0065001e+04	   8.8377011e+03	   5.8120960e+03	   2.1983044e+03	
   1.0439909e+04	   9.2062061e+03	   6.1937604e+03	   2.4457465e+03	
   1.0326022e+04	   9.0642949e+03	   6.0245752e+03	   2.3067009e+03	
   1.0887511e+04	   9.5997700e+03	   6.5302842e+03	   2.6333077e+03	
   1.0646331e+04	   9.3487562e+03	   6.2658947e+03	   2.4323545e+03	
   1.1209988e+04	   9.8909420e+03	   6.7889804e+03	   2.8044130e+03	
   1.0784146e+04	   9.4400759e+03	   6.3324242e+03	   2.4230436e+03	
   1.1652233e+04	   1.0287214e+04	   7.1448469e+03	   3.0562133e+03	
   1.1388038e+04	   1.0013478e+04	   6.8830198e+03	   2.8337596e+03	
   1.2030781e+04	   1.0611555e+04	   7.4316330e+03	   3.2345487e+03	
   1.1803206e+04	   1.0375147e+04	   7.1885358e+03	   3.0117805e+03	
   1.2471233e+04	   1.1013281e+04	   7.7918117e+03	   3.5071580e+03	
   1.2249396e+04	   1.0771672e+04	   7.5491257e+03	   3.2677701e+03	
   1.2796222e+04	   1.1286084e+04	   8.0164968e+03	   3.6569398e+03	
   1.2620793e+04	   1.1105782e+04	   7.8396932e+03	   3.4731076e+03	
   1.3278168e+04	   1.1725324e+04	   8.4279091e+03	   3.9728857e+03	
   1.3092554e+04	   1.1516983e+04	   8.2211659e+03	   3.7611814e+03	
   1.3735805e+04	   1.2147763e+04	   8.7996286e+03	   4.2650112e+03	
   1.3519174e+04	   1.1905319e+04	   8.5502466e+03	   3.9959409e+03	
   1.4262631e+04	   1.2613074e+04	   9.2226619e+03	   4.5838767e+03	
   1.4046765e+04	   1.2385730e+04	   8.9962303e+03	   4.3583183e+03	
   1.4540483e+04	   1.2843264e+04	   9.4160737e+03	   4.7195030e+03	
   1.4572944e+04	   1.2854381e+04	   9.4073182e+03	   4.6764596e+03	
   1.5170315e+04	   1.3421627e+04	   9.9570766e+03	   5.1641662e+03	
   1.5009199e+04	   1.3244920e+04	   9.7543277e+03	   4.9387586e+03	
   1.5565100e+04	   1.3770599e+04	   1.0265592e+04	   5.4112741e+03	
   1.5486317e+04	   1.3658764e+04	   1.0117472e+04	   5.1935980e+03	
   1.6051476e+04	   1.4219050e+04	   1.0689384e+04	   5.7556802e+03	
   1.6286321e+04	   1.4385132e+04	   1.0773811e+04	   5.7207468e+03	
   1.6812103e+04	   1.4887573e+04	   1.1254778e+04	   6.1730333e+03	
   1.6663321e+04	   1.4711649e+04	   1.1080481e+04	   5.9871514e+03	
   1.7306625e+04	   1.5334723e+04	   1.1671672e+04	   6.5230000e+03	
   1.7275839e+04	   1.5277188e+04	   1.1583475e+04	   6.3774648e+03	
   1.7871355e+04	   1.5838776e+04	   1.2132309e+04	   6.8801608e+03	
   1.7645648e+04	   1.5603405e+04	   1.1890190e+04	   6.6225018e+03	
   1.8383362e+04	   1.6295424e+04	   1.2536325e+04	   7.1922041e+03	
   1.8460666e+04	   1.6336424e+04	   1.2538531e+04	   7.1307356e+03	
   1.9107106e+04	   1.6952695e+04	   1.3135411e+04	   7.6744827e+03	
   1.8982196e+04	   1.6794022e+04	   1.2946172e+04	   7.4316592e+03	
   1.9721436e+04	   1.7507511e+04	   1.3642452e+04	   8.0752702e+03	
   1.9702092e+04	   1.7448124e+04	   1.3546524e+04	   7.9138886e+03	
   2.0229395e+04	   1.7952356e+04	   1.4045342e+04	   8.3794984e+03	
   2.0229835e+04	   1.7928200e+04	   1.4001523e+04	   8.2893157e+03	
   2.0967338e+04	   1.8620533e+04	   1.4658425e+04	   8.8778249e+03	
   2.1181189e+04	   1.8789922e+04	   1.4753976e+04	   8.8827204e+03	
   2.1553567e+04	   1.9146439e+04	   1.5125419e+04	   9.2404825e+03	
   2.1783857e+04	   1.9330759e+04	   1.5242389e+04	   9.2547757e+03	
   2.2512252e+04	   2.0029272e+04	   1.5887127e+04	   9.8431276e+03	
   2.2455768e+04	   1.9946660e+04	   1.5796404e+04	   9.7233116e+03	
   2.2995216e+04	   2.0452995e+04	   1.6304390e+04	   1.0178285e+04	
   2.3151014e+04	   2.0577634e+04	   1.6391952e+04	   1.0201683e+04	
   2.3871832e+04	   2.1253738e+04	   1.7019204e+04	   1.0749228e+04	
   2.3916967e+04	   2.1272879e+04	   1.7015906e+04	   1.0693869e+04	
   2.4503015e+04	   2.1815794e+04	   1.7507991e+04	   1.1104622e+04	
   2.4690179e+04	   2.1967897e+04	   1.7647581e+04	   1.1188225e+04	
   2.5376197e+04	   2.2622567e+04	   1.8260849e+04	   1.1728545e+04	
   2.5387771e+04	   2.2606146e+04	   1.8226792e+04	   1.1642660e+04	
   2.6164169e+04	   2.3347799e+04	   1.8919635e+04	   1.2263627e+04	
   2.6356296e+04	   2.3498020e+04	   1.9012508e+04	   1.2268632e+04	
   2.6906254e+04	   2.4020843e+04	   1.9532366e+04	   1.2751476e+04	
   2.7264569e+04	   2.4314250e+04	   1.9760408e+04	   1.2864116e+04	
   2.7788647e+04	   2.4840324e+04	   2.0280885e+04	   1.3343521e+04	
   2.7785914e+04	   2.4800600e+04	   2.0210539e+04	   1.3225482e+04	
   2.8681462e+04	   2.5645215e+04	   2.0997850e+04	   1.3919293e+04	
   2.8776025e+04	   2.5710644e+04	   2.1038830e+04	   1.3881078e+04	
   2.9386418e+04	   2.6276668e+04	   2.1571940e+04	   1.4342551e+04	
   2.9265609e+04	   2.6146207e+04	   2.1441825e+04	   1.4194311e+04	
   3.0382026e+04	   2.7199379e+04	   2.2428440e+04	   1.5057071e+04	
   3.0486133e+04	   2.7285540e+04	   2.2491435e+04	   1.5052705e+04	
   3.0939681e+04	   2.7731740e+04	   2.2936139e+04	   1.5473194e+04	
   3.1236714e+04	   2.7965190e+04	   2.3126135e+04	   1.5560447e+04	
   3.1933487e+04	   2.8641962e+04	   2.3769520e+04	   1.6157125e+04	
   3.2102164e+04	   2.8774996e+04	   2.3861708e+04	   1.6152498e+04	
   3.2893244e+04	   2.9527517e+04	   2.4584300e+04	   1.6800349e+04	
   3.2592227e+04	   2.9226714e+04	   2.4282587e+04	   1.6484651e+04	
   3.3514242e+04	   3.0104262e+04	   2.5150565e+04	   1.7283260e+04	
   3.4001572e+04	   3.0538800e+04	   2.5484558e+04	   1.7476220e+04	
   3.4405547e+04	   3.0939385e+04	   2.5903204e+04	   1.7888796e+04	
   3.4434016e+04	   3.0942848e+04	   2.5874440e+04	   1.7835380e+04	
   3.5395216e+04	   3.1856901e+04	   2.6745685e+04	   1.8534194e+04	
   3.5526515e+04	   3.1988056e+04	   2.6860781e+04	   1.8598825e+04	
   3.6445072e+04	   3.2866790e+04	   2.7670337e+04	   1.9302635e+04	
   3.5950971e+04	   3.2383755e+04	   2.7234344e+04	   1.8910498e+04	
   3.7154475e+04	   3.3522989e+04	   2.8310332e+04	   1.9845738e+04	
   3.7013727e+04	   3.3401191e+04	   2.8188411e+04	   1.9709587e+04	
   3.8077693e+04	   3.4395950e+04	   2.9128011e+04	   2.0494131e+04	
   3.7731299e+04	   3.4062088e+04	   2.8818125e+04	   2.0211390e+04	
   3.8785043e+04	   3.5095673e+04	   2.9771766e+04	   2.1055021e+04	
   3.8244833e+04	   3.4562160e+04	   2.9285280e+04	   2.0619454e+04	
   3.9407008e+04	   3.5688705e+04	   3.0360611e+04	   2.1531490e+04	
   3.9288631e+04	   3.5548520e+04	   3.0217104e+04	   2.1348849e+04	
   4.0376046e+04	   3.6608505e+04	   3.1232241e+04	   2.2263431e+04	
   4.0277102e+04	   3.6525795e+04	   3.1155493e+04	   2.2184757e+04	
   4.0758961e+04	   3.6996441e+04	   3.1630330e+04	   2.2616525e+04	
   4.0753279e+04	   3.6970481e+04	   3.1586060e+04	   2.2540898e+04	
   4.1752312e+04	   3.7947857e+04	   3.2542160e+04	   2.3384851e+04	
   4.1842420e+04	   3.8051910e+04	   3.2605419e+04	   2.3400453e+04	
   4.1945908e+04	   3.8141979e+04	   3.2736761e+04	   2.3559447e+04	
   4.2400694e+04	   3.8590527e+04	   3.3170594e+04	   2.3892052e+04	
   4.3155302e+04	   3.9324457e+04	   3.3865162e+04	   2.4500433e+04	
   4.2887983e+04	   3.9081289e+04	   3.3656623e+04	   2.4316896e+04	
   4.3536427e+04	   3.9723411e+04	   3.4290701e+04	   2.4895279e+04	
   4.3558786e+04	   3.9748750e+04	   3.4323630e+04	   2.4878213e+04	
   4.4323442e+04	   4.0488110e+04	   3.5016283e+04	   2.5484795e+04	
   4.4044003e+04	   4.0243888e+04	   3.4812695e+04	   2.5316482e+04	
   4.4881714e+04	   4.1055346e+04	   3.5585518e+04	   2.5989344e+04	
   4.4797842e+04	   4.1007299e+04	   3.5566164e+04	   2.5967380e+04	
   4.5399612e+04	   4.1587939e+04	   3.6141278e+04	   2.6505716e+04	
   4.5173428e+04	   4.1395066e+04	   3.5962941e+04	   2.6338266e+04	
   4.5631323e+04	   4.1861294e+04	   3.6435843e+04	   2.6784685e+04	
   4.5668935e+04	   4.1905694e+04	   3.6468504e+04	   2.6770658e+04	
   4.6432001e+04	   4.2671207e+04	   3.7238652e+04	   2.7499784e+04	
   4.6222343e+04	   4.2494868e+04	   3.7087877e+04	   2.7346882e+04	
   4.6843391e+04	   4.3095511e+04	   3.7668964e+04	   2.7857934e+04	
   4.6970652e+04	   4.3254581e+04	   3.7823127e+04	   2.8006400e+04	
   4.7234245e+04	   4.3524453e+04	   3.8137082e+04	   2.8331570e+04	
   4.7006298e+04	   4.3336431e+04	   3.7981239e+04	   2.8181942e+04	
   4.7774016e+04	   4.4081577e+04	   3.8701067e+04	   2.8790774e+04	
   4.7368585e+04	   4.3735331e+04	   3.8411351e+04	   2.8577469e+04	
   4.8151088e+04	   4.4506136e+04	   3.9160457e+04	   2.9257852e+04	
   4.7787080e+04	   4.4166619e+04	   3.8866120e+04	   2.8984882e+04	
   4.8191852e+04	   4.4575211e+04	   3.9284289e+04	   2.9354092e+04	
   4.8031711e+04	   4.4483321e+04	   3.9222599e+04	   2.9365067e+04	
   4.8535896e+04	   4.4985067e+04	   3.9727124e+04	   2.9854818e+04	
   4.8226151e+04	   4.4715668e+04	   3.9495811e+04	   2.9651027e+04	
   4.8819787e+04	   4.5304459e+04	   4.0078529e+04	   3.0155835e+04	
   4.8593757e+04	   4.5107621e+04	   3.9918569e+04	   3.0028114e+04	
   4.8724093e+04	   4.5290577e+04	   4.0154731e+04	   3.0326524e+04	
   4.8759452e+04	   4.5345197e+04	   4.0215992e+04	   3.0349642e+04	
   4.9211313e+04	   4.5825650e+04	   4.0695187e+04	   3.0832079e+04	
   4.8624567e+04	   4.5270990e+04	   4.0219919e+04	   3.0424865e+04	
   4.9273832e+04	   4.5936472e+04	   4.0881773e+04	   3.1033211e+04	
   4.8740621e+04	   4.5457355e+04	   4.0454023e+04	   3.0669284e+04	
   4.9514486e+04	   4.6220346e+04	   4.1192770e+04	   3.1309794e+04	
   4.8816014e+04	   4.5591895e+04	   4.0644438e+04	   3.0891644e+04	
   4.9096668e+04	   4.5898807e+04	   4.0965917e+04	   3.1219568e+04	
   4.9098832e+04	   4.5924657e+04	   4.1027071e+04	   3.1265436e+04	
   4.9196304e+04	   4.6067127e+04	   4.1192046e+04	   3.1476434e+04	
   4.8952943e+04	   4.5843386e+04	   4.1003411e+04	   3.1321719e+04	
   4.9368826e+04	   4.6292640e+04	   4.1468364e+04	   3.1764035e+04	
   4.8960671e+04	   4.5932172e+04	   4.1155839e+04	   3.1500928e+04	
   4.8645690e+04	   4.5659005e+04	   4.0942955e+04	   3.1373130e+04	
   4.8863527e+04	   4.5900709e+04	   4.1195470e+04	   3.1579382e+04	
   4.9088251e+04	   4.6169329e+04	   4.1495908e+04	   3.1924869e+04	
   4.8658579e+04	   4.5764673e+04	   4.1135587e+04	   3.1626772e+04	
   4.8533284e+04	   4.5680082e+04	   4.1100048e+04	   3.1606284e+04	
   4.8491244e+04	   4.5674810e+04	   4.1106265e+04	   3.1636695e+04	
   4.8569714e+04	   4.5784186e+04	   4.1279382e+04	   3.1883644e+04	
   4.8331240e+04	   4.5598193e+04	   4.1087950e+04	   3.1692583e+04	
   4.8260549e+04	   4.5567129e+04	   4.1142819e+04	   3.1826996e+04	
   4.8245119e+04	   4.5578829e+04	   4.1143365e+04	   3.1810946e+04	
   4.7924201e+04	   4.5308951e+04	   4.0959334e+04	   3.1729354e+04	
   4.7974700e+04	   4.5389528e+04	   4.1025574e+04	   3.1790553e+04	
   4.7671135e+04	   4.5144622e+04	   4.0864043e+04	   3.1726473e+04	
   4.7512782e+04	   4.5007806e+04	   4.0748542e+04	   3.1621860e+04	
   4.7723051e+04	   4.5242317e+04	   4.1012375e+04	   3.1916194e+04	
   4.6890201e+04	   4.4452332e+04	   4.0293611e+04	   3.1312135e+04	
   4.7362279e+04	   4.4955259e+04	   4.0796445e+04	   3.1787739e+04	
   4.6768923e+04	   4.4412911e+04	   4.0292632e+04	   3.1358332e+04	
   4.6780090e+04	   4.4467667e+04	   4.0419073e+04	   3.1547954e+04	
   4.6457447e+04	   4.4159134e+04	   4.0140551e+04	   3.1297955e+04	
   4.6408848e+04	   4.4164595e+04	   4.0167303e+04	   3.1394358e+04	
   4.6014353e+04	   4.3805196e+04	   3.9878808e+04	   3.1156743e+04	
   4.6041654e+04	   4.3876728e+04	   3.9975975e+04	   3.1309517e+04	
   4.5584245e+04	   4.3451430e+04	   3.9588447e+04	   3.0988703e+04	
   4.5708003e+04	   4.3611201e+04	   3.9795023e+04	   3.1202234e+04	
   4.5067320e+04	   4.3013496e+04	   3.9241545e+04	   3.0746276e+04	
   4.5111099e+04	   4.3106477e+04	   3.9370074e+04	   3.0927539e+04	
   4.4687784e+04	   4.2707773e+04	   3.9014660e+04	   3.0593584e+04	
   4.4577946e+04	   4.2620804e+04	   3.8973563e+04	   3.0623137e+04	
   4.4278580e+04	   4.2360230e+04	   3.8742564e+04	   3.0445438e+04	
   4.4428883e+04	   4.2515474e+04	   3.8936736e+04	   3.0680913e+04	
   4.3551317e+04	   4.1725197e+04	   3.8185280e+04	   3.0035008e+04	
   4.3672196e+04	   4.1878638e+04	   3.8386178e+04	   3.0281022e+04	
   4.3250107e+04	   4.1474967e+04	   3.7997521e+04	   2.9907549e+04	
   4.3575629e+04	   4.1839503e+04	   3.8375312e+04	   3.0316153e+04	
   4.2517430e+04	   4.0821573e+04	   3.7445002e+04	   2.9535527e+04	
   4.2966112e+04	   4.1285000e+04	   3.7915538e+04	   2.9978856e+04	
   4.1927563e+04	   4.0307464e+04	   3.6998859e+04	   2.9217695e+04	
   4.2031705e+04	   4.0430635e+04	   3.7161152e+04	   2.9413047e+04	
   4.1508422e+04	   3.9964067e+04	   3.6725657e+04	   2.9035534e+04	
   4.1603356e+04	   4.0074166e+04	   3.6876553e+04	   2.9228746e+04	
   4.1105189e+04	   3.9607172e+04	   3.6434067e+04	   2.8838326e+04	
   4.1294770e+04	   3.9804655e+04	   3.6662324e+04	   2.9082541e+04	
   4.0213962e+04	   3.8790930e+04	   3.5722222e+04	   2.8321393e+04	
   4.0722969e+04	   3.9300959e+04	   3.6244874e+04	   2.8790902e+04	
   3.9952277e+04	   3.8559587e+04	   3.5549911e+04	   2.8202581e+04	
   3.9950890e+04	   3.8598229e+04	   3.5618007e+04	   2.8332445e+04	
   3.9353912e+04	   3.8032215e+04	   3.5085933e+04	   2.7874745e+04	
   3.8885150e+04	   3.7602980e+04	   3.4701430e+04	   2.7584057e+04	
   3.8905031e+04	   3.7651755e+04	   3.4762644e+04	   2.7640866e+04	
   3.8704191e+04	   3.7461438e+04	   3.4618092e+04	   2.7600013e+04	
   3.8299100e+04	   3.7086676e+04	   3.4263599e+04	   2.7252805e+04	
   3.8437804e+04	   3.7248480e+04	   3.4449341e+04	   2.7485707e+04	
   3.7245751e+04	   3.6099997e+04	   3.3380156e+04	   2.6589879e+04	
   3.7713988e+04	   3.6576812e+04	   3.3866044e+04	   2.7048259e+04	
   3.7005449e+04	   3.5887646e+04	   3.3223504e+04	   2.6485911e+04	
   3.7008822e+04	   3.5925496e+04	   3.3269875e+04	   2.6583082e+04	
   3.6375515e+04	   3.5324030e+04	   3.2714438e+04	   2.6089118e+04	
   3.6392936e+04	   3.5355125e+04	   3.2774661e+04	   2.6203280e+04	
   3.5852100e+04	   3.4836696e+04	   3.2281160e+04	   2.5777352e+04	
   3.5918883e+04	   3.4922206e+04	   3.2385919e+04	   2.5906695e+04	
   3.5208572e+04	   3.4246337e+04	   3.1749984e+04	   2.5381455e+04	
   3.5414341e+04	   3.4474592e+04	   3.1994298e+04	   2.5636124e+04	
   3.4601528e+04	   3.3675392e+04	   3.1246393e+04	   2.4977079e+04	
   3.4536336e+04	   3.3633312e+04	   3.1224962e+04	   2.5005218e+04	
   3.3824878e+04	   3.2934329e+04	   3.0551049e+04	   2.4363359e+04	
   3.4059750e+04	   3.3187088e+04	   3.0848501e+04	   2.4720647e+04	
   3.3679732e+04	   3.2839695e+04	   3.0509121e+04	   2.4433679e+04	
   3.3368880e+04	   3.2564174e+04	   3.0273126e+04	   2.4280813e+04	
   3.2811748e+04	   3.2006214e+04	   2.9740696e+04	   2.3813207e+04	
   3.3185766e+04	   3.2390495e+04	   3.0148402e+04	   2.4203452e+04	
   3.2346441e+04	   3.1606390e+04	   2.9377525e+04	   2.3532518e+04	
   3.2467962e+04	   3.1711790e+04	   2.9523378e+04	   2.3714244e+04	
   3.1777389e+04	   3.1050714e+04	   2.8888859e+04	   2.3127731e+04	
   3.1696581e+04	   3.0991600e+04	   2.8852849e+04	   2.3183136e+04	
   3.1097473e+04	   3.0400209e+04	   2.8300120e+04	   2.2687665e+04	
   3.1404981e+04	   3.0714472e+04	   2.8624440e+04	   2.3002826e+04	
   3.0313173e+04	   2.9654863e+04	   2.7606001e+04	   2.2136298e+04	
   3.0642703e+04	   2.9990775e+04	   2.7950117e+04	   2.2491735e+04	
   3.0030187e+04	   2.9383887e+04	   2.7371283e+04	   2.1967565e+04	
   3.0278913e+04	   2.9634447e+04	   2.7620453e+04	   2.2242310e+04	
   2.9543560e+04	   2.8936724e+04	   2.6956022e+04	   2.1662660e+04	
   2.9429278e+04	   2.8824854e+04	   2.6877044e+04	   2.1651381e+04	
   2.8874582e+04	   2.8280246e+04	   2.6356052e+04	   2.1176619e+04	
   2.8797370e+04	   2.8224955e+04	   2.6331530e+04	   2.1187385e+04	
   2.8141835e+04	   2.7585751e+04	   2.5697825e+04	   2.0627438e+04	
   2.8216424e+04	   2.7667316e+04	   2.5799419e+04	   2.0781475e+04	
   2.7912938e+04	   2.7384512e+04	   2.5536596e+04	   2.0536741e+04	
   2.7748541e+04	   2.7209973e+04	   2.5388357e+04	   2.0450438e+04	
   2.7258241e+04	   2.6732672e+04	   2.4929712e+04	   2.0027108e+04	
   2.7379137e+04	   2.6875374e+04	   2.5089131e+04	   2.0213617e+04	
   2.6811825e+04	   2.6308300e+04	   2.4555791e+04	   1.9737982e+04	
   2.6818187e+04	   2.6317221e+04	   2.4566195e+04	   1.9772026e+04	
   2.6285528e+04	   2.5808030e+04	   2.4068725e+04	   1.9343542e+04	
   2.6470630e+04	   2.5983436e+04	   2.4262959e+04	   1.9553486e+04	
   2.5876567e+04	   2.5402334e+04	   2.3714184e+04	   1.9069994e+04	
   2.5801524e+04	   2.5351225e+04	   2.3674602e+04	   1.9067566e+04	
   2.5270108e+04	   2.4820634e+04	   2.3153535e+04	   1.8621066e+04	
   2.5476092e+04	   2.5019466e+04	   2.3373113e+04	   1.8847522e+04	
   2.4863132e+04	   2.4430452e+04	   2.2791789e+04	   1.8323263e+04	
   2.4922980e+04	   2.4481813e+04	   2.2864087e+04	   1.8436950e+04	
   2.4412369e+04	   2.3988993e+04	   2.2372790e+04	   1.7984349e+04	
   2.4548145e+04	   2.4137504e+04	   2.2540092e+04	   1.8179167e+04	
   2.3890914e+04	   2.3482929e+04	   2.1918099e+04	   1.7621149e+04	
   2.4036885e+04	   2.3631115e+04	   2.2071718e+04	   1.7799524e+04	
   2.3232751e+04	   2.2814865e+04	   2.1273542e+04	   1.7050474e+04	
   2.3528174e+04	   2.3126761e+04	   2.1591345e+04	   1.7397190e+04	
   2.3045773e+04	   2.2638771e+04	   2.1133379e+04	   1.6972779e+04	
   2.3241026e+04	   2.2852363e+04	   2.1328874e+04	   1.7191264e+04	
   2.2472356e+04	   2.2084384e+04	   2.0582328e+04	   1.6502916e+04	
   2.2885220e+04	   2.2495215e+04	   2.0994006e+04	   1.6912519e+04	
   2.2058126e+04	   2.1677587e+04	   2.0221545e+04	   1.6244893e+04	
   2.2080545e+04	   2.1702169e+04	   2.0263995e+04	   1.6326992e+04	
   2.1818967e+04	   2.1437165e+04	   1.9991327e+04	   1.6035654e+04	
   2.1833424e+04	   2.1448247e+04	   2.0019286e+04	   1.6100218e+04	
   2.1336479e+04	   2.0959314e+04	   1.9547185e+04	   1.5677753e+04	
   2.1584329e+04	   2.1204431e+04	   1.9796606e+04	   1.5912304e+04	
   2.0641026e+04	   2.0280394e+04	   1.8887341e+04	   1.5087887e+04	
   2.1310037e+04	   2.0944096e+04	   1.9529374e+04	   1.5707947e+04	
   2.0471727e+04	   2.0098388e+04	   1.8723199e+04	   1.4992942e+04	
   2.0648738e+04	   2.0288994e+04	   1.8922791e+04	   1.5218184e+04	
   1.9947063e+04	   1.9570604e+04	   1.8222198e+04	   1.4556826e+04	
   2.0235969e+04	   1.9866558e+04	   1.8523646e+04	   1.4886301e+04	
   1.9898269e+04	   1.9532169e+04	   1.8189118e+04	   1.4570709e+04	
   1.9876241e+04	   1.9508875e+04	   1.8189841e+04	   1.4617728e+04	
   1.9370955e+04	   1.9001287e+04	   1.7670599e+04	   1.4101864e+04	
   1.9661085e+04	   1.9303813e+04	   1.7977612e+04	   1.4454780e+04	
   1.9147363e+04	   1.8781287e+04	   1.7476494e+04	   1.3984435e+04	
   1.9229445e+04	   1.8861483e+04	   1.7554857e+04	   1.4077152e+04	
   1.8779477e+04	   1.8413688e+04	   1.7119793e+04	   1.3683916e+04	
   1.8888270e+04	   1.8514933e+04	   1.7248725e+04	   1.3836596e+04	
   1.8474482e+04	   1.8103143e+04	   1.6839148e+04	   1.3448106e+04	
   1.8697853e+04	   1.8322049e+04	   1.7056554e+04	   1.3666603e+04	
   1.8298847e+04	   1.7922481e+04	   1.6661931e+04	   1.3314127e+04	
   1.8305749e+04	   1.7941450e+04	   1.6684058e+04	   1.3369004e+04	
   1.7818396e+04	   1.7460213e+04	   1.6206925e+04	   1.2932593e+04	
   1.8046055e+04	   1.7672338e+04	   1.6426675e+04	   1.3153289e+04	
   1.7459885e+04	   1.7084009e+04	   1.5854571e+04	   1.2624764e+04	
   1.7703386e+04	   1.7339596e+04	   1.6117365e+04	   1.2912984e+04	
   1.7285349e+04	   1.6903947e+04	   1.5696063e+04	   1.2505317e+04	
   1.7288213e+04	   1.6923006e+04	   1.5710368e+04	   1.2556296e+04	
   1.6988712e+04	   1.6609489e+04	   1.5406182e+04	   1.2254073e+04	
   1.7099558e+04	   1.6724925e+04	   1.5516765e+04	   1.2395775e+04	
   1.6839828e+04	   1.6457547e+04	   1.5255014e+04	   1.2147640e+04	
   1.6685604e+04	   1.6297363e+04	   1.5112301e+04	   1.2037429e+04	
   1.6361611e+04	   1.5981775e+04	   1.4799441e+04	   1.1758436e+04	
   1.6529254e+04	   1.6140184e+04	   1.4960114e+04	   1.1931440e+04	
   1.6015116e+04	   1.5622984e+04	   1.4455450e+04	   1.1455987e+04	
   1.6288233e+04	   1.5903570e+04	   1.4733264e+04	   1.1750165e+04	
   1.5720954e+04	   1.5333113e+04	   1.4178060e+04	   1.1211538e+04	
   1.6070142e+04	   1.5670446e+04	   1.4525834e+04	   1.1581770e+04	
   1.5630925e+04	   1.5230940e+04	   1.4083383e+04	   1.1159367e+04	
   1.5814382e+04	   1.5415021e+04	   1.4274470e+04	   1.1368881e+04	
   1.5294593e+04	   1.4896173e+04	   1.3761667e+04	   1.0900004e+04	
   1.5495341e+04	   1.5091519e+04	   1.3968272e+04	   1.1117949e+04	
   1.5177763e+04	   1.4769369e+04	   1.3642491e+04	   1.0798598e+04	
   1.5181543e+04	   1.4776491e+04	   1.3650130e+04	   1.0825168e+04	
   1.4720047e+04	   1.4330081e+04	   1.3209955e+04	   1.0419487e+04	
   1.5032279e+04	   1.4626085e+04	   1.3515819e+04	   1.0742525e+04	
   1.4566827e+04	   1.4159235e+04	   1.3048441e+04	   1.0283882e+04	
   1.4768026e+04	   1.4350092e+04	   1.3247163e+04	   1.0505180e+04	
   1.4215677e+04	   1.3797295e+04	   1.2709006e+04	   1.0004041e+04	
   1.4744769e+04	   1.4330484e+04	   1.3224309e+04	   1.0499448e+04	
   1.4217210e+04	   1.3784237e+04	   1.2698856e+04	   1.0019102e+04	
   1.4388196e+04	   1.3962473e+04	   1.2879248e+04	   1.0206562e+04	
   1.4073774e+04	   1.3651468e+04	   1.2557977e+04	   9.9005035e+03	
   1.4249247e+04	   1.3824192e+04	   1.2740450e+04	   1.0103557e+04	
   1.3765176e+04	   1.3334490e+04	   1.2267493e+04	   9.6444091e+03	
   1.3925521e+04	   1.3488681e+04	   1.2425205e+04	   9.8102930e+03	
   1.3530535e+04	   1.3101085e+04	   1.2031646e+04	   9.4347135e+03	
   1.3837660e+04	   1.3409459e+04	   1.2343267e+04	   9.7655932e+03	
   1.3413481e+04	   1.2983083e+04	   1.1928320e+04	   9.3675991e+03	
   1.3558184e+04	   1.3121901e+04	   1.2080021e+04	   9.5416797e+03	
   1.3200582e+04	   1.2767724e+04	   1.1715094e+04	   9.1822104e+03	
   1.3409403e+04	   1.2968829e+04	   1.1934241e+04	   9.4157280e+03	
   1.3104356e+04	   1.2652513e+04	   1.1616610e+04	   9.1108592e+03	
   1.3262352e+04	   1.2813185e+04	   1.1773446e+04	   9.2837209e+03	
   1.2975009e+04	   1.2526640e+04	   1.1487579e+04	   9.0054625e+03	
   1.3039193e+04	   1.2580148e+04	   1.1560559e+04	   9.0984354e+03	
   1.2689996e+04	   1.2242362e+04	   1.1212573e+04	   8.7820488e+03	
   1.2990952e+04	   1.2539509e+04	   1.1516179e+04	   9.0776166e+03	
   1.2534863e+04	   1.2073567e+04	   1.1058987e+04	   8.6466355e+03	
   1.2828799e+04	   1.2369764e+04	   1.1355695e+04	   8.9420427e+03	
   1.2387907e+04	   1.1928869e+04	   1.0920703e+04	   8.5347640e+03	
   1.2568270e+04	   1.2113901e+04	   1.1100625e+04	   8.7304334e+03	
   1.2147571e+04	   1.1690895e+04	   1.0684531e+04	   8.3314138e+03	
   1.2431981e+04	   1.1966236e+04	   1.0974765e+04	   8.6281464e+03	
   1.2109683e+04	   1.1644061e+04	   1.0649541e+04	   8.3187344e+03	
   1.2270809e+04	   1.1811481e+04	   1.0820792e+04	   8.5101113e+03	
   1.1818798e+04	   1.1356598e+04	   1.0372903e+04	   8.0711972e+03	
   1.2121406e+04	   1.1649887e+04	   1.0665882e+04	   8.3811401e+03	
   1.1694408e+04	   1.1228171e+04	   1.0249738e+04	   7.9721230e+03	
   1.1929362e+04	   1.1459879e+04	   1.0476427e+04	   8.2145812e+03	
   1.1532728e+04	   1.1064340e+04	   1.0098445e+04	   7.8547892e+03	
   1.1845009e+04	   1.1387001e+04	   1.0414785e+04	   8.1775884e+03	
   1.1478323e+04	   1.1019166e+04	   1.0048023e+04	   7.8195510e+03	
   1.1607364e+04	   1.1147564e+04	   1.0195352e+04	   7.9915755e+03	
   1.1207452e+04	   1.0738321e+04	   9.7824504e+03	   7.5894855e+03	
   1.1545055e+04	   1.1074912e+04	   1.0121681e+04	   7.9379203e+03	
   1.1167323e+04	   1.0694483e+04	   9.7502809e+03	   7.5735162e+03	
   1.1302210e+04	   1.0824418e+04	   9.8893953e+03	   7.7283754e+03	
   1.0906423e+04	   1.0443187e+04	   9.5052685e+03	   7.3563513e+03	
   1.1250323e+04	   1.0777565e+04	   9.8427131e+03	   7.7110021e+03	
   1.0844153e+04	   1.0371780e+04	   9.4401152e+03	   7.3216996e+03	
   1.1116967e+04	   1.0648304e+04	   9.7233411e+03	   7.6106156e+03	
   1.0548910e+04	   1.0081583e+04	   9.1621928e+03	   7.0689016e+03	
   1.0887562e+04	   1.0415731e+04	   9.4924990e+03	   7.4189143e+03	
   1.0662374e+04	   1.0196034e+04	   9.2733434e+03	   7.1953989e+03	
   1.0719583e+04	   1.0256685e+04	   9.3497605e+03	   7.2925972e+03	
   1.0382730e+04	   9.9259737e+03	   9.0111280e+03	   6.9668030e+03	
   1.0716634e+04	   1.0249379e+04	   9.3485202e+03	   7.3130801e+03	
   1.0280284e+04	   9.8119657e+03	   8.9224592e+03	   6.9082803e+03	
   1.0516996e+04	   1.0056098e+04	   9.1518956e+03	   7.1443357e+03	
   1.0032761e+04	   9.5717750e+03	   8.6900327e+03	   6.7005409e+03	
   1.0437645e+04	   9.9747924e+03	   9.0875304e+03	   7.0947700e+03	
   1.0005224e+04	   9.5504319e+03	   8.6698349e+03	   6.7127926e+03	
   1.0189118e+04	   9.7243291e+03	   8.8501692e+03	   6.8856789e+03	
   9.9103829e+03	   9.4460937e+03	   8.5773650e+03	   6.6317308e+03	
   1.0128665e+04	   9.6670007e+03	   8.8010818e+03	   6.8656809e+03	
   9.7800911e+03	   9.3315401e+03	   8.4689832e+03	   6.5487438e+03	
   1.0047145e+04	   9.5922760e+03	   8.7427131e+03	   6.8240399e+03	
   9.6743242e+03	   9.2228634e+03	   8.3734971e+03	   6.4653505e+03	
   9.8585709e+03	   9.4124726e+03	   8.5560137e+03	   6.6714155e+03	
   9.5351557e+03	   9.0858347e+03	   8.2549999e+03	   6.3727741e+03	
   9.6191798e+03	   9.1691280e+03	   8.3394058e+03	   6.4768634e+03	
   9.3836650e+03	   8.9386758e+03	   8.1051296e+03	   6.2510347e+03	
   9.6598869e+03	   9.2078985e+03	   8.3836173e+03	   6.5301630e+03	
   9.2533585e+03	   8.8197331e+03	   7.9930090e+03	   6.1642532e+03	
   9.4108670e+03	   8.9680945e+03	   8.1509713e+03	   6.3310349e+03	
   8.9615868e+03	   8.5290640e+03	   7.7226362e+03	   5.9256927e+03	
   9.4174925e+03	   8.9784015e+03	   8.1679908e+03	   6.3720877e+03	
   9.0411496e+03	   8.6062594e+03	   7.8003394e+03	   6.0114666e+03	
   9.2719311e+03	   8.8348618e+03	   8.0392997e+03	   6.2594871e+03	
   8.7807152e+03	   8.3595217e+03	   7.5718975e+03	   5.8199831e+03	
   9.1624139e+03	   8.7398197e+03	   7.9509208e+03	   6.1961802e+03	
   8.7590755e+03	   8.3329653e+03	   7.5484950e+03	   5.8152810e+03	
   8.7869000e+03	   8.3642517e+03	   7.5881764e+03	   5.8595827e+03	
   8.6602487e+03	   8.2387604e+03	   7.4689109e+03	   5.7547955e+03	
   8.9410171e+03	   8.5210491e+03	   7.7518878e+03	   6.0395270e+03	
   8.4753401e+03	   8.0587177e+03	   7.3023308e+03	   5.6132595e+03	
   8.6874048e+03	   8.2747031e+03	   7.5182669e+03	   5.8378168e+03	
   8.2742869e+03	   7.8632301e+03	   7.1059666e+03	   5.4396655e+03	
   8.6650393e+03	   8.2522557e+03	   7.5093411e+03	   5.8488857e+03	
   8.2913981e+03	   7.8834312e+03	   7.1435001e+03	   5.4944069e+03	
   8.5029942e+03	   8.1065779e+03	   7.3768768e+03	   5.7461219e+03	
   8.1177860e+03	   7.7211092e+03	   6.9913262e+03	   5.3599586e+03	
   8.4007908e+03	   8.0019660e+03	   7.2833502e+03	   5.6652452e+03	
   8.0484271e+03	   7.6567506e+03	   6.9402204e+03	   5.3307840e+03	
   8.2942276e+03	   7.9032900e+03	   7.1908017e+03	   5.6021726e+03	
   7.8350664e+03	   7.4524452e+03	   6.7435466e+03	   5.1580649e+03	
   8.1697963e+03	   7.7911907e+03	   7.0912753e+03	   5.5268631e+03	
   7.7970168e+03	   7.4170612e+03	   6.7223116e+03	   5.1754022e+03	
   7.9900288e+03	   7.6079401e+03	   6.9233664e+03	   5.3754232e+03	
   7.5769126e+03	   7.2030272e+03	   6.5181046e+03	   4.9889453e+03	
   7.9572073e+03	   7.5838118e+03	   6.9013631e+03	   5.3728690e+03	
   7.5378799e+03	   7.1704154e+03	   6.4987668e+03	   4.9907180e+03	
   7.8335149e+03	   7.4656800e+03	   6.7977342e+03	   5.2896035e+03	
   7.4071458e+03	   7.0402956e+03	   6.3758166e+03	   4.8869679e+03	
   7.5892725e+03	   7.2350198e+03	   6.5798189e+03	   5.0986705e+03	
   7.2184230e+03	   6.8647618e+03	   6.2162634e+03	   4.7664965e+03	
   7.4487802e+03	   7.0993033e+03	   6.4499907e+03	   4.9938424e+03	
   7.2338598e+03	   6.8791254e+03	   6.2337842e+03	   4.7892257e+03	
   7.4421382e+03	   7.0990330e+03	   6.4566819e+03	   5.0223419e+03	
   6.8873173e+03	   6.5470055e+03	   5.9212429e+03	   4.5066519e+03	
   7.2744194e+03	   6.9342289e+03	   6.3126998e+03	   4.9068938e+03	
   6.9582212e+03	   6.6221299e+03	   5.9996752e+03	   4.5991382e+03	
   7.1318152e+03	   6.7973820e+03	   6.1845429e+03	   4.8039432e+03	
   6.8218838e+03	   6.4935207e+03	   5.8793251e+03	   4.5029737e+03	
   7.0118960e+03	   6.6844422e+03	   6.0822591e+03	   4.7176386e+03	
   6.4088364e+03	   6.0873545e+03	   5.4913988e+03	   4.1531414e+03	
   6.8247526e+03	   6.5029955e+03	   5.9087061e+03	   4.5648863e+03	
   6.5739977e+03	   6.2579404e+03	   5.6712269e+03	   4.3458175e+03	
   6.8094633e+03	   6.4985096e+03	   5.9163753e+03	   4.6001605e+03	
   6.3860859e+03	   6.0804979e+03	   5.5022514e+03	   4.1982327e+03	
   6.6593505e+03	   6.3650869e+03	   5.7933300e+03	   4.4907351e+03	
   6.2436259e+03	   5.9470522e+03	   5.3862070e+03	   4.1126866e+03	
   6.4429818e+03	   6.1457445e+03	   5.5897701e+03	   4.3216122e+03	
   6.0928021e+03	   5.8007306e+03	   5.2425248e+03	   3.9851768e+03	
   6.3289312e+03	   6.0430299e+03	   5.4941611e+03	   4.2408190e+03	
   6.1220700e+03	   5.8337062e+03	   5.2822209e+03	   4.0460211e+03	
   6.3948070e+03	   6.1176595e+03	   5.5761880e+03	   4.3377043e+03	
   5.7638180e+03	   5.4867901e+03	   4.9569855e+03	   3.7474601e+03	
   6.2237557e+03	   5.9521803e+03	   5.4208586e+03	   4.2147394e+03	
   5.8245935e+03	   5.5570829e+03	   5.0272603e+03	   3.8386094e+03	
   6.0353098e+03	   5.7691247e+03	   5.2513343e+03	   4.0592903e+03	
   5.6121028e+03	   5.3506067e+03	   4.8340713e+03	   3.6717573e+03	
   5.9785762e+03	   5.7194164e+03	   5.2108320e+03	   4.0415041e+03	
   5.6191085e+03	   5.3540964e+03	   4.8555914e+03	   3.7090467e+03	
   5.9154988e+03	   5.6540010e+03	   5.1552944e+03	   4.0026566e+03	
   5.4519222e+03	   5.2044260e+03	   4.7146829e+03	   3.5893847e+03	
   5.7714332e+03	   5.5245350e+03	   5.0330634e+03	   3.9118448e+03	
   5.4292913e+03	   5.1867135e+03	   4.7037517e+03	   3.5998064e+03	
   5.6924586e+03	   5.4494482e+03	   4.9703595e+03	   3.8640353e+03	
   5.2566377e+03	   5.0217586e+03	   4.5489973e+03	   3.4707221e+03	
   5.4675900e+03	   5.2307121e+03	   4.7696668e+03	   3.6899859e+03	
   5.1556532e+03	   4.9225763e+03	   4.4631383e+03	   3.4128547e+03	
   5.3981704e+03	   5.1762771e+03	   4.7211758e+03	   3.6584586e+03	
   4.8889913e+03	   4.6666687e+03	   4.2191777e+03	   3.2007474e+03	
   5.2740487e+03	   5.0527796e+03	   4.6096369e+03	   3.5732566e+03	
   4.8358129e+03	   4.6266924e+03	   4.1842787e+03	   3.1816259e+03	
   5.1898952e+03	   4.9778125e+03	   4.5344437e+03	   3.5173044e+03	
   4.7695996e+03	   4.5631840e+03	   4.1305514e+03	   3.1536540e+03	
   5.1376442e+03	   4.9330505e+03	   4.4997363e+03	   3.4939903e+03	
   4.7384934e+03	   4.5361328e+03	   4.1127243e+03	   3.1495285e+03	
   4.9536596e+03	   4.7570038e+03	   4.3359512e+03	   3.3625238e+03	
   4.6108050e+03	   4.4185909e+03	   4.0027992e+03	   3.0617755e+03	
   4.7872466e+03	   4.5989989e+03	   4.1911304e+03	   3.2404551e+03	
   4.4190906e+03	   4.2325731e+03	   3.8301570e+03	   2.9163943e+03	
   4.6663312e+03	   4.4772676e+03	   4.0868937e+03	   3.1574452e+03	
   4.3339983e+03	   4.1518716e+03	   3.7608390e+03	   2.8734689e+03	
   4.6365652e+03	   4.4615163e+03	   4.0710850e+03	   3.1575566e+03	
   4.2747694e+03	   4.0997533e+03	   3.7200877e+03	   2.8513820e+03	
   4.5025887e+03	   4.3268452e+03	   3.9506759e+03	   3.0593589e+03	
   4.1001465e+03	   3.9315348e+03	   3.5654563e+03	   2.7261643e+03	
   4.3879942e+03	   4.2170282e+03	   3.8502206e+03	   2.9893954e+03	
   4.0519160e+03	   3.8881244e+03	   3.5285338e+03	   2.7093873e+03	
   4.2737274e+03	   4.1117167e+03	   3.7425662e+03	   2.9024583e+03	
   3.9129539e+03	   3.7587714e+03	   3.4064814e+03	   2.6187147e+03	
   4.1173429e+03	   3.9614499e+03	   3.6065631e+03	   2.7999665e+03	
   3.7920566e+03	   3.6389423e+03	   3.2972379e+03	   2.5354640e+03	
   4.0217568e+03	   3.8674645e+03	   3.5293956e+03	   2.7411963e+03	
   3.7561942e+03	   3.6123318e+03	   3.2778395e+03	   2.5327246e+03	
   4.0684079e+03	   3.9256956e+03	   3.5846007e+03	   2.7926790e+03	
   3.6219409e+03	   3.4837276e+03	   3.1634416e+03	   2.4532798e+03	
   3.8623314e+03	   3.7172976e+03	   3.4001377e+03	   2.6516723e+03	
   3.4852152e+03	   3.3541993e+03	   3.0407650e+03	   2.3556326e+03	
   3.8118318e+03	   3.6803604e+03	   3.3606233e+03	   2.6282124e+03	
   3.4638426e+03	   3.3339309e+03	   3.0374883e+03	   2.3637410e+03	
   3.6494541e+03	   3.5224997e+03	   3.2163513e+03	   2.5142257e+03	
   3.1633089e+03	   3.0419086e+03	   2.7610059e+03	   2.1441283e+03	
   3.5504848e+03	   3.4287011e+03	   3.1323223e+03	   2.4520166e+03	
   3.2858102e+03	   3.1709536e+03	   2.8869019e+03	   2.2671915e+03	
   3.3389149e+03	   3.2180077e+03	   2.9393250e+03	   2.2965692e+03	
   3.1787686e+03	   3.0712666e+03	   2.7987967e+03	   2.2074596e+03	
   3.4007045e+03	   3.2857070e+03	   3.0065132e+03	   2.3710071e+03	
   3.0396034e+03	   2.9324553e+03	   2.6769819e+03	   2.1209223e+03	
   3.3175439e+03	   3.2119293e+03	   2.9428688e+03	   2.3235975e+03	
   2.9590265e+03	   2.8587170e+03	   2.6141698e+03	   2.0829005e+03	
   3.2326892e+03	   3.1228771e+03	   2.8692059e+03	   2.2727505e+03	
   2.9023764e+03	   2.8040919e+03	   2.5671174e+03	   2.0566489e+03	
   3.0900506e+03	   2.9823881e+03	   2.7357995e+03	   2.1678929e+03	
   2.7813398e+03	   2.6873364e+03	   2.4609851e+03	   1.9798582e+03	
   3.0716582e+03	   2.9756806e+03	   2.7342103e+03	   2.1823663e+03	
   2.7550504e+03	   2.6710723e+03	   2.4496524e+03	   1.9818701e+03	
   2.9841575e+03	   2.8903868e+03	   2.6612354e+03	   2.1307591e+03	
   2.6549048e+03	   2.5686673e+03	   2.3621943e+03	   1.9206752e+03	
   2.8855388e+03	   2.7971321e+03	   2.5784762e+03	   2.0781034e+03	
   2.6063106e+03	   2.5307127e+03	   2.3308358e+03	   1.9071013e+03	
   2.6910014e+03	   2.6127969e+03	   2.4048855e+03	   1.9436518e+03	
   2.3972490e+03	   2.3248394e+03	   2.1461680e+03	   1.7678803e+03	
   2.7347329e+03	   2.6602328e+03	   2.4560732e+03	   1.9995007e+03	
   2.4745049e+03	   2.4049789e+03	   2.2262207e+03	   1.8457261e+03	
   2.5554194e+03	   2.4801639e+03	   2.2865637e+03	   1.8678524e+03	
   2.2677371e+03	   2.2058868e+03	   2.0438319e+03	   1.7089627e+03	
   2.5706595e+03	   2.5024491e+03	   2.3148240e+03	   1.9088920e+03	
   2.3042614e+03	   2.2455388e+03	   2.0856710e+03	   1.7570343e+03	
   2.5070037e+03	   2.4394634e+03	   2.2624697e+03	   1.8727740e+03	
   2.1931534e+03	   2.1373093e+03	   1.9906518e+03	   1.6937078e+03	
   2.4559192e+03	   2.3956893e+03	   2.2208042e+03	   1.8524123e+03	
   2.1813980e+03	   2.1306199e+03	   1.9960126e+03	   1.7064724e+03	
   2.3157939e+03	   2.2624796e+03	   2.1023218e+03	   1.7685914e+03	
   2.1003476e+03	   2.0511406e+03	   1.9273827e+03	   1.6695484e+03	
   2.3134248e+03	   2.2563012e+03	   2.1071993e+03	   1.7783774e+03	
   2.0805937e+03	   2.0313802e+03	   1.9152407e+03	   1.6635421e+03	
   2.2253736e+03	   2.1733929e+03	   2.0306986e+03	   1.7351751e+03	
   1.8797863e+03	   1.8448266e+03	   1.7404310e+03	   1.5363599e+03	
   2.1012176e+03	   2.0566145e+03	   1.9267732e+03	   1.6555157e+03	
   1.9719793e+03	   1.9357794e+03	   1.8325159e+03	   1.6173235e+03	
   2.1182616e+03	   2.0760161e+03	   1.9512850e+03	   1.6873460e+03	
   1.8189813e+03	   1.7871657e+03	   1.6990031e+03	   1.5218144e+03	
   2.0724444e+03	   2.0331054e+03	   1.9156339e+03	   1.6679116e+03	
   1.8983081e+03	   1.8642414e+03	   1.7761541e+03	   1.5865434e+03	
   1.9821798e+03	   1.9472906e+03	   1.8411894e+03	   1.6228301e+03	
   1.8394478e+03	   1.8111826e+03	   1.7316592e+03	   1.5616646e+03	
   1.9620376e+03	   1.9307791e+03	   1.8305285e+03	   1.6185294e+03	
   1.7761853e+03	   1.7493569e+03	   1.6784578e+03	   1.5283434e+03	
   1.9051762e+03	   1.8724431e+03	   1.7843067e+03	   1.5857553e+03	
   1.6966045e+03	   1.6770275e+03	   1.6145317e+03	   1.4881884e+03	
   1.8591591e+03	   1.8290130e+03	   1.7436521e+03	   1.5664618e+03	
   1.7041607e+03	   1.6860894e+03	   1.6248846e+03	   1.5014609e+03	
   1.8109713e+03	   1.7830910e+03	   1.7065462e+03	   1.5457380e+03	
   1.6715734e+03	   1.6510446e+03	   1.5995504e+03	   1.4844464e+03	
   1.7957196e+03	   1.7728381e+03	   1.6996240e+03	   1.5450843e+03	
   1.5946648e+03	   1.5802356e+03	   1.5365631e+03	   1.4444717e+03	
   1.7436308e+03	   1.7244290e+03	   1.6591234e+03	   1.5202482e+03	
   1.6053798e+03	   1.5943273e+03	   1.5535006e+03	   1.4584061e+03	
   1.7294080e+03	   1.7096378e+03	   1.6487443e+03	   1.5154969e+03	
   1.6062235e+03	   1.5903559e+03	   1.5537005e+03	   1.4629345e+03	
   1.7009364e+03	   1.6799455e+03	   1.6290117e+03	   1.5057256e+03	
   1.5749191e+03	   1.5643647e+03	   1.5330455e+03	   1.4511333e+03	
   1.6687062e+03	   1.6537430e+03	   1.6044688e+03	   1.4917601e+03	
   1.5801029e+03	   1.5643942e+03	   1.5337222e+03	   1.4555913e+03	
   1.6459836e+03	   1.6302421e+03	   1.5861715e+03	   1.4837648e+03	
   1.5481480e+03	   1.5392664e+03	   1.5143943e+03	   1.4441194e+03	
   1.6159358e+03	   1.6029910e+03	   1.5654968e+03	   1.4697928e+03	
   1.4935607e+03	   1.4856014e+03	   1.4679234e+03	   1.4119401e+03	
   1.5546803e+03	   1.5462148e+03	   1.5115861e+03	   1.4381557e+03	
   1.4948746e+03	   1.4902413e+03	   1.4720881e+03	   1.4186280e+03	
   1.5775520e+03	   1.5667518e+03	   1.5352377e+03	   1.4548328e+03	
   1.5034319e+03	   1.4977729e+03	   1.4808141e+03	   1.4268313e+03	
   1.5501960e+03	   1.5413226e+03	   1.5148579e+03	   1.4452876e+03	
   1.4567677e+03	   1.4517493e+03	   1.4405904e+03	   1.3999603e+03	
   1.5353392e+03	   1.5276782e+03	   1.5022719e+03	   1.4363748e+03	
   1.4745522e+03	   1.4710281e+03	   1.4585388e+03	   1.4127642e+03	
   1.4813875e+03	   1.4805864e+03	   1.4630164e+03	   1.4124120e+03	
   1.4510317e+03	   1.4473323e+03	   1.4392698e+03	   1.4017166e+03	
   1.4931281e+03	   1.4888667e+03	   1.4735889e+03	   1.4208627e+03	
   1.4533074e+03	   1.4498505e+03	   1.4420387e+03	   1.4052932e+03	
   1.4826835e+03	   1.4768116e+03	   1.4646221e+03	   1.4162490e+03	
   1.4423025e+03	   1.4401398e+03	   1.4345038e+03	   1.3982548e+03	
   1.4585928e+03	   1.4530863e+03	   1.4435050e+03	   1.4033681e+03	
   1.4317284e+03	   1.4322543e+03	   1.4259531e+03	   1.3942817e+03	
   1.4528258e+03	   1.4510661e+03	   1.4418126e+03	   1.4023933e+03	
   1.3681185e+03	   1.3681332e+03	   1.3733924e+03	   1.3598971e+03	
   1.4457168e+03	   1.4414980e+03	   1.4368237e+03	   1.3983121e+03	
   1.4139717e+03	   1.4143158e+03	   1.4134671e+03	   1.3884917e+03	
   1.4119778e+03	   1.4110701e+03	   1.4085995e+03	   1.3821594e+03	
   1.3825133e+03	   1.3836011e+03	   1.3850888e+03	   1.3692588e+03	
   1.4256582e+03	   1.4235201e+03	   1.4200140e+03	   1.3898188e+03	
   1.3681300e+03	   1.3675434e+03	   1.3749784e+03	   1.3634688e+03	
   1.4107490e+03	   1.4121236e+03	   1.4078130e+03	   1.3819628e+03	
   1.3436969e+03	   1.3472931e+03	   1.3558405e+03	   1.3507075e+03	
   1.4081833e+03	   1.4096546e+03	   1.4089714e+03	   1.3832391e+03	
   1.3848758e+03	   1.3834635e+03	   1.3893584e+03	   1.3751193e+03	
   1.3905839e+03	   1.3935444e+03	   1.3942096e+03	   1.3721292e+03	
   1.3783649e+03	   1.3806635e+03	   1.3828278e+03	   1.3715902e+03	
   1.3896566e+03	   1.3898057e+03	   1.3946012e+03	   1.3736005e+03	
   1.3774638e+03	   1.3791005e+03	   1.3841860e+03	   1.3723946e+03	
   1.3894125e+03	   1.3904676e+03	   1.3928154e+03	   1.3764726e+03	
   1.3639161e+03	   1.3661049e+03	   1.3736955e+03	   1.3652677e+03	
   1.3825821e+03	   1.3838125e+03	   1.3850855e+03	   1.3695816e+03	
   1.3666915e+03	   1.3710315e+03	   1.3772229e+03	   1.3662622e+03	
   1.3773966e+03	   1.3777718e+03	   1.3825395e+03	   1.3681365e+03	
   1.3607540e+03	   1.3632722e+03	   1.3708218e+03	   1.3636539e+03	
   1.3710889e+03	   1.3758729e+03	   1.3800360e+03	   1.3666145e+03	
   1.3602477e+03	   1.3633410e+03	   1.3704384e+03	   1.3648008e+03	
   1.3581015e+03	   1.3623907e+03	   1.3683348e+03	   1.3596399e+03	
   1.3410509e+03	   1.3446865e+03	   1.3565237e+03	   1.3539924e+03	
   1.3597808e+03	   1.3605115e+03	   1.3682070e+03	   1.3590370e+03	
   1.3490986e+03	   1.3507058e+03	   1.3624284e+03	   1.3567187e+03	
   1.3432643e+03	   1.3456613e+03	   1.3542726e+03	   1.3512449e+03	
   1.3503061e+03	   1.3529570e+03	   1.3638866e+03	   1.3595416e+03	
   1.3539777e+03	   1.3549771e+03	   1.3657150e+03	   1.3574707e+03	
   1.3433856e+03	   1.3449011e+03	   1.3589207e+03	   1.3536369e+03	
   1.3458972e+03	   1.3513006e+03	   1.3586814e+03	   1.3556193e+03	
   1.3442949e+03	   1.3450813e+03	   1.3592172e+03	   1.3540711e+03	
   1.3446062e+03	   1.3479714e+03	   1.3570922e+03	   1.3545855e+03	
   1.3392536e+03	   1.3448634e+03	   1.3556439e+03	   1.3517872e+03	
   1.3379527e+03	   1.3398025e+03	   1.3523262e+03	   1.3482696e+03	
   1.3294053e+03	   1.3330589e+03	   1.3458612e+03	   1.3464149e+03	
   1.3286222e+03	   1.3330900e+03	   1.3449961e+03	   1.3432004e+03	
   1.3379167e+03	   1.3410869e+03	   1.3530160e+03	   1.3542120e+03	
   1.3165588e+03	   1.3205581e+03	   1.3341845e+03	   1.3371122e+03	
   1.3351036e+03	   1.3390177e+03	   1.3512645e+03	   1.3508500e+03	
   1.3338617e+03	   1.3382247e+03	   1.3499800e+03	   1.3472030e+03	
   1.3308225e+03	   1.3347874e+03	   1.3490904e+03	   1.3492690e+03	
   1.3359785e+03	   1.3378380e+03	   1.3499702e+03	   1.3491445e+03	
   1.3223554e+03	   1.3279423e+03	   1.3430088e+03	   1.3435232e+03	
