   2.9376968e+02	   3.0269506e+02	   3.1150047e+02	   3.2187362e+02	
   2.6443680e-02	   2.8375819e-02	   3.2007214e-02	   4.1808028e-02	
   2.6518746e-02	   2.8437676e-02	   3.2144654e-02	   4.1879937e-02	
   2.6452625e-02	   2.8380240e-02	   3.2062119e-02	   4.1803386e-02	
   2.6484367e-02	   2.8471475e-02	   3.2179958e-02	   4.1935441e-02	
   2.6410169e-02	   2.8347617e-02	   3.2066532e-02	   4.1800497e-02	
   2.6533633e-02	   2.8457713e-02	   3.2160477e-02	   4.1975109e-02	
   2.6457899e-02	   2.8393075e-02	   3.2103943e-02	   4.1824123e-02	
   2.6536837e-02	   2.8452579e-02	   3.2167991e-02	   4.1978823e-02	
   2.6476924e-02	   2.8411614e-02	   3.2149703e-02	   4.1844808e-02	
   2.6475255e-02	   2.8478998e-02	   3.2161988e-02	   4.1926620e-02	
   2.6444715e-02	   2.8351468e-02	   3.2040690e-02	   4.1811175e-02	
   2.6500422e-02	   2.8398708e-02	   3.2094242e-02	   4.1858117e-02	
   2.6442078e-02	   2.8353857e-02	   3.2037748e-02	   4.1743858e-02	
   2.6557531e-02	   2.8508020e-02	   3.2239275e-02	   4.2028550e-02	
   2.6454594e-02	   2.8385017e-02	   3.2039139e-02	   4.1775892e-02	
   2.6543512e-02	   2.8501067e-02	   3.2192879e-02	   4.1969383e-02	
   2.6456864e-02	   2.8383448e-02	   3.2068400e-02	   4.1824174e-02	
   2.6551189e-02	   2.8466662e-02	   3.2233511e-02	   4.1973561e-02	
   2.6432031e-02	   2.8380988e-02	   3.2025582e-02	   4.1766916e-02	
   2.6575087e-02	   2.8498144e-02	   3.2234067e-02	   4.2030716e-02	
   2.6434267e-02	   2.8382664e-02	   3.2049993e-02	   4.1772590e-02	
   2.6501890e-02	   2.8441848e-02	   3.2135947e-02	   4.1892471e-02	
   2.6453326e-02	   2.8358206e-02	   3.2057666e-02	   4.1807977e-02	
   2.6500756e-02	   2.8464309e-02	   3.2168111e-02	   4.1875655e-02	
   2.6472285e-02	   2.8383698e-02	   3.2133562e-02	   4.1892110e-02	
   2.6496250e-02	   2.8447731e-02	   3.2132170e-02	   4.1808080e-02	
   2.6402225e-02	   2.8403735e-02	   3.2040968e-02	   4.1810505e-02	
   2.6524153e-02	   2.8431259e-02	   3.2133959e-02	   4.1910113e-02	
   2.6461003e-02	   2.8364481e-02	   3.2098894e-02	   4.1787447e-02	
   2.6557164e-02	   2.8484097e-02	   3.2182781e-02	   4.1945035e-02	
   2.6483499e-02	   2.8345870e-02	   3.2033255e-02	   4.1772797e-02	
   2.6597183e-02	   2.8516826e-02	   3.2211605e-02	   4.2004563e-02	
   2.6477825e-02	   2.8367940e-02	   3.2008447e-02	   4.1818603e-02	
   2.6552591e-02	   2.8526238e-02	   3.2222458e-02	   4.2011269e-02	
   2.6412172e-02	   2.8376781e-02	   3.2053014e-02	   4.1815508e-02	
   2.6519547e-02	   2.8457036e-02	   3.2157058e-02	   4.1943643e-02	
   2.6416277e-02	   2.8395642e-02	   3.2097184e-02	   4.1802612e-02	
   2.6518546e-02	   2.8493758e-02	   3.2155229e-02	   4.1950245e-02	
   2.6441010e-02	   2.8324372e-02	   3.2043075e-02	   4.1737204e-02	
   2.6523119e-02	   2.8431901e-02	   3.2170893e-02	   4.1889634e-02	
   2.6450189e-02	   2.8365230e-02	   3.2044188e-02	   4.1770476e-02	
   2.6572350e-02	   2.8524491e-02	   3.2143581e-02	   4.1991564e-02	
   2.6485636e-02	   2.8399207e-02	   3.2015325e-02	   4.1869052e-02	
   2.6535969e-02	   2.8457571e-02	   3.2149465e-02	   4.1956693e-02	
   2.6478526e-02	   2.8386907e-02	   3.2072495e-02	   4.1863688e-02	
   2.6589106e-02	   2.8475005e-02	   3.2226474e-02	   4.1998425e-02	
   2.6434501e-02	   2.8387370e-02	   3.2060528e-02	   4.1865854e-02	
   2.6566776e-02	   2.8507913e-02	   3.2246511e-02	   4.2033966e-02	
   2.6474588e-02	   2.8352609e-02	   3.2043671e-02	   4.1784094e-02	
   2.6509033e-02	   2.8508126e-02	   3.2104221e-02	   4.1922029e-02	
   2.6444648e-02	   2.8387798e-02	   3.2026258e-02	   4.1772075e-02	
   2.6514874e-02	   2.8474078e-02	   3.2191647e-02	   4.1952515e-02	
   2.6508900e-02	   2.8447231e-02	   3.2106646e-02	   4.1905058e-02	
   2.6551723e-02	   2.8461885e-02	   3.2204767e-02	   4.1974593e-02	
   2.6420583e-02	   2.8379705e-02	   3.2029120e-02	   4.1768670e-02	
   2.6508432e-02	   2.8443738e-02	   3.2188625e-02	   4.1958757e-02	
   2.6465209e-02	   2.8406730e-02	   3.2059733e-02	   4.1808957e-02	
   2.6565107e-02	   2.8507235e-02	   3.2182463e-02	   4.1974696e-02	
   2.6455896e-02	   2.8357778e-02	   3.2029438e-02	   4.1815199e-02	
   2.6546783e-02	   2.8481993e-02	   3.2132210e-02	   4.1941528e-02	
   2.6509467e-02	   2.8435430e-02	   3.2118176e-02	   4.1900157e-02	
   2.6586736e-02	   2.8538111e-02	   3.2221544e-02	   4.2042323e-02	
   2.6457632e-02	   2.8412969e-02	   3.2096667e-02	   4.1871425e-02	
   2.6509233e-02	   2.8461956e-02	   3.2142467e-02	   4.1885508e-02	
   2.6512772e-02	   2.8424057e-02	   3.2089273e-02	   4.1857652e-02	
   2.6559667e-02	   2.8440030e-02	   3.2118335e-02	   4.1971498e-02	
   2.6481363e-02	   2.8406159e-02	   3.2055002e-02	   4.1766194e-02	
   2.6545415e-02	   2.8495149e-02	   3.2191488e-02	   4.1946377e-02	
   2.6504894e-02	   2.8457143e-02	   3.2134953e-02	   4.1830261e-02	
   2.6603692e-02	   2.8513867e-02	   3.2267066e-02	   4.2025248e-02	
   2.6538405e-02	   2.8486628e-02	   3.2140559e-02	   4.1862965e-02	
   2.6551289e-02	   2.8493651e-02	   3.2151890e-02	   4.1937195e-02	
   2.6549520e-02	   2.8441028e-02	   3.2098178e-02	   4.1877306e-02	
   2.6585568e-02	   2.8537184e-02	   3.2226792e-02	   4.1966855e-02	
   2.6477758e-02	   2.8418602e-02	   3.2038662e-02	   4.1855228e-02	
   2.6622450e-02	   2.8569592e-02	   3.2235498e-02	   4.2039176e-02	
   2.6530495e-02	   2.8435823e-02	   3.2105891e-02	   4.1851101e-02	
   2.6625588e-02	   2.8527522e-02	   3.2208066e-02	   4.1999044e-02	
   2.6490676e-02	   2.8435466e-02	   3.2071342e-02	   4.1800652e-02	
   2.6629259e-02	   2.8569485e-02	   3.2214984e-02	   4.1980783e-02	
   2.6508800e-02	   2.8491512e-02	   3.2113286e-02	   4.1828611e-02	
   2.6657363e-02	   2.8561035e-02	   3.2205243e-02	   4.2064762e-02	
   2.6564039e-02	   2.8485416e-02	   3.2115433e-02	   4.1876842e-02	
   2.6613138e-02	   2.8537540e-02	   3.2152685e-02	   4.1944571e-02	
   2.6555061e-02	   2.8484310e-02	   3.2142944e-02	   4.1856930e-02	
   2.6576322e-02	   2.8490835e-02	   3.2149584e-02	   4.1905832e-02	
   2.6586836e-02	   2.8515828e-02	   3.2120800e-02	   4.1877976e-02	
   2.6703090e-02	   2.8585921e-02	   3.2244245e-02	   4.1962729e-02	
   2.6600187e-02	   2.8532370e-02	   3.2146165e-02	   4.1887003e-02	
   2.6665908e-02	   2.8580145e-02	   3.2233988e-02	   4.1947150e-02	
   2.6596683e-02	   2.8506380e-02	   3.2151611e-02	   4.1804366e-02	
   2.6631662e-02	   2.8528663e-02	   3.2222657e-02	   4.1961697e-02	
   2.6650087e-02	   2.8593087e-02	   3.2146562e-02	   4.1869310e-02	
   2.6684099e-02	   2.8622929e-02	   3.2250368e-02	   4.1994246e-02	
   2.6600922e-02	   2.8477251e-02	   3.2045182e-02	   4.1783990e-02	
   2.6668545e-02	   2.8618686e-02	   3.2234385e-02	   4.1967732e-02	
   2.6754292e-02	   2.8659687e-02	   3.2223571e-02	   4.1900673e-02	
   2.6736435e-02	   2.8663109e-02	   3.2234067e-02	   4.1975934e-02	
   2.6787736e-02	   2.8691418e-02	   3.2182224e-02	   4.1940135e-02	
   2.6815740e-02	   2.8760157e-02	   3.2281458e-02	   4.2014932e-02	
   2.6799718e-02	   2.8689493e-02	   3.2255377e-02	   4.1914395e-02	
   2.6717710e-02	   2.8682041e-02	   3.2238083e-02	   4.1956177e-02	
   2.6770914e-02	   2.8671238e-02	   3.2138651e-02	   4.1854454e-02	
   2.6795112e-02	   2.8672843e-02	   3.2240786e-02	   4.2012456e-02	
   2.6918476e-02	   2.8749782e-02	   3.2221663e-02	   4.1900312e-02	
   2.6892542e-02	   2.8784293e-02	   3.2327178e-02	   4.1952154e-02	
   2.6865539e-02	   2.8779302e-02	   3.2116029e-02	   4.1819532e-02	
   2.6977354e-02	   2.8858808e-02	   3.2308015e-02	   4.2013023e-02	
   2.7105724e-02	   2.8967941e-02	   3.2187472e-02	   4.1832686e-02	
   2.7152686e-02	   2.9054150e-02	   3.2353696e-02	   4.2080134e-02	
   2.7215970e-02	   2.9083278e-02	   3.2213751e-02	   4.1873695e-02	
   2.7094075e-02	   2.8870752e-02	   3.2296605e-02	   4.1920224e-02	
   2.7495407e-02	   2.9261471e-02	   3.2314575e-02	   4.1902427e-02	
   2.7458792e-02	   2.9284182e-02	   3.2396593e-02	   4.2006730e-02	
   2.7717869e-02	   2.9471859e-02	   3.2356757e-02	   4.1826341e-02	
   2.7334627e-02	   2.9158506e-02	   3.2334454e-02	   4.1943127e-02	
   2.7992332e-02	   2.9670766e-02	   3.2421004e-02	   4.1909546e-02	
   2.8067599e-02	   2.9774302e-02	   3.2522384e-02	   4.2051814e-02	
   2.7192372e-02	   2.8989476e-02	   3.2102671e-02	   4.1778265e-02	
   2.7882854e-02	   2.9603453e-02	   3.2365822e-02	   4.1948079e-02	
   2.9079206e-02	   3.0586723e-02	   3.2550652e-02	   4.1832376e-02	
   2.8363090e-02	   2.9979377e-02	   3.2522146e-02	   4.1981763e-02	
   2.9720022e-02	   3.1059694e-02	   3.2652509e-02	   4.1881329e-02	
   2.9467220e-02	   3.0861429e-02	   3.2677118e-02	   4.2013229e-02	
   3.0554528e-02	   3.1742945e-02	   3.2735481e-02	   4.1912796e-02	
   3.0301827e-02	   3.1584076e-02	   3.2773847e-02	   4.2020348e-02	
   3.1507258e-02	   3.2445948e-02	   3.2761641e-02	   4.1863842e-02	
   3.1168342e-02	   3.2244973e-02	   3.2952196e-02	   4.2085086e-02	
   3.2885684e-02	   3.3560813e-02	   3.2954542e-02	   4.1894174e-02	
   3.1895939e-02	   3.2741154e-02	   3.2910968e-02	   4.2053929e-02	
   3.4397655e-02	   3.4690509e-02	   3.3097627e-02	   4.1872199e-02	
   3.3755470e-02	   3.4210336e-02	   3.3256456e-02	   4.2022308e-02	
   3.7481976e-02	   3.7310031e-02	   3.3602063e-02	   4.1942972e-02	
   3.5567605e-02	   3.5674029e-02	   3.3454565e-02	   4.2015448e-02	
   3.8728495e-02	   3.8109118e-02	   3.3773972e-02	   4.1960665e-02	
   3.7515554e-02	   3.7118647e-02	   3.3705471e-02	   4.2095867e-02	
   4.2642449e-02	   4.1394921e-02	   3.4353190e-02	   4.2011888e-02	
   4.0084425e-02	   3.9224839e-02	   3.4041416e-02	   4.2056457e-02	
   4.1799231e-02	   4.0162188e-02	   3.3355570e-02	   4.1815611e-02	
   4.2871986e-02	   4.1410644e-02	   3.4491981e-02	   4.2253301e-02	
   4.9241194e-02	   4.7061514e-02	   3.5420305e-02	   4.2099426e-02	
   4.5174905e-02	   4.3330157e-02	   3.4771870e-02	   4.2192793e-02	
   5.1961700e-02	   4.9313241e-02	   3.5605214e-02	   4.2018955e-02	
   4.5117596e-02	   4.2572320e-02	   3.3592203e-02	   4.1916200e-02	
   5.6682122e-02	   5.3401945e-02	   3.6972534e-02	   4.2199086e-02	
   5.2757354e-02	   4.9732269e-02	   3.6122651e-02	   4.2257737e-02	
   5.8601933e-02	   5.4810874e-02	   3.6346800e-02	   4.2018852e-02	
   5.7243567e-02	   5.3581065e-02	   3.6989908e-02	   4.2298591e-02	
   6.5170739e-02	   6.1089413e-02	   3.9145488e-02	   4.2245512e-02	
   6.1171606e-02	   5.6965055e-02	   3.7775823e-02	   4.2262431e-02	
   6.8575185e-02	   6.4066925e-02	   3.9772812e-02	   4.2227973e-02	
   6.4912063e-02	   6.0312751e-02	   3.8946902e-02	   4.2443594e-02	
   7.3615298e-02	   6.8741442e-02	   4.1738791e-02	   4.2282858e-02	
   7.0311219e-02	   6.5167315e-02	   4.0438383e-02	   4.2440138e-02	
   7.7679551e-02	   7.2475579e-02	   4.3383455e-02	   4.2425385e-02	
   7.1244723e-02	   6.5604953e-02	   3.9662487e-02	   4.2327478e-02	
   8.2517797e-02	   7.6940956e-02	   4.5068313e-02	   4.2372511e-02	
   7.9651598e-02	   7.3819548e-02	   4.3969909e-02	   4.2694085e-02	
   8.7499265e-02	   8.1618895e-02	   4.7821320e-02	   4.2521743e-02	
   7.7659958e-02	   7.1214216e-02	   4.0229659e-02	   4.2150236e-02	
   9.2488177e-02	   8.6471604e-02	   5.0740034e-02	   4.2770636e-02	
   8.6531716e-02	   7.9886309e-02	   4.5720247e-02	   4.2560844e-02	
   9.6814111e-02	   9.0482336e-02	   5.2808944e-02	   4.2894643e-02	
   9.3543442e-02	   8.6683632e-02	   5.0331611e-02	   4.3024790e-02	
   1.0330448e-01	   9.6541146e-02	   5.7162564e-02	   4.3352296e-02	
   9.9504576e-02	   9.2281022e-02	   5.3569215e-02	   4.3289570e-02	
   1.0735965e-01	   1.0051302e-01	   5.9812441e-02	   4.3488168e-02	
   1.0197101e-01	   9.4336409e-02	   5.4270686e-02	   4.3040523e-02	
   1.1283478e-01	   1.0563419e-01	   6.3445308e-02	   4.3813920e-02	
   1.0649244e-01	   9.8604876e-02	   5.6931775e-02	   4.3006426e-02	
   1.1603899e-01	   1.0843715e-01	   6.5214133e-02	   4.3716478e-02	
   1.1315363e-01	   1.0500100e-01	   6.1680499e-02	   4.3593554e-02	
   1.2352304e-01	   1.1566972e-01	   7.1328348e-02	   4.4589948e-02	
   1.1989063e-01	   1.1148696e-01	   6.7153992e-02	   4.4426840e-02	
   1.2953244e-01	   1.2152510e-01	   7.6370876e-02	   4.5521657e-02	
   1.2519296e-01	   1.1657252e-01	   7.1321749e-02	   4.4976931e-02	
   1.3547742e-01	   1.2703107e-01	   8.1079724e-02	   4.6191267e-02	
   1.2823132e-01	   1.1923540e-01	   7.2932102e-02	   4.4693477e-02	
   1.4031977e-01	   1.3182121e-01	   8.5132424e-02	   4.6918652e-02	
   1.3583476e-01	   1.2652163e-01	   7.9235520e-02	   4.6036980e-02	
   1.4331254e-01	   1.3441488e-01	   8.7322434e-02	   4.6815845e-02	
   1.4053662e-01	   1.3081138e-01	   8.2795911e-02	   4.6240736e-02	
   1.5077997e-01	   1.4160261e-01	   9.3990701e-02	   4.8715732e-02	
   1.4628284e-01	   1.3624109e-01	   8.7766757e-02	   4.7595536e-02	
   1.5673149e-01	   1.4719558e-01	   9.9102565e-02	   5.0268459e-02	
   1.5336386e-01	   1.4326631e-01	   9.4241170e-02	   4.9232138e-02	
   1.6189410e-01	   1.5218961e-01	   1.0355741e-01	   5.1550473e-02	
   1.5667404e-01	   1.4606003e-01	   9.6391422e-02	   4.8736881e-02	
   1.6899891e-01	   1.5876218e-01	   1.0984436e-01	   5.3977960e-02	
   1.6349946e-01	   1.5258892e-01	   1.0274569e-01	   5.0629391e-02	
   1.7508995e-01	   1.6467250e-01	   1.1547033e-01	   5.5962547e-02	
   1.6771071e-01	   1.5647751e-01	   1.0618741e-01	   5.1237256e-02	
   1.7991919e-01	   1.6916921e-01	   1.2002857e-01	   5.8359497e-02	
   1.7862233e-01	   1.6716025e-01	   1.1669520e-01	   5.6466058e-02	
   1.8742654e-01	   1.7630492e-01	   1.2657193e-01	   6.1275895e-02	
   1.8313451e-01	   1.7149043e-01	   1.2099463e-01	   5.8253388e-02	
   1.9311811e-01	   1.8181125e-01	   1.3182592e-01	   6.4048117e-02	
   1.9096439e-01	   1.7912306e-01	   1.2826442e-01	   6.1927400e-02	
   2.0018261e-01	   1.8849958e-01	   1.3857609e-01	   6.8514355e-02	
   1.9671765e-01	   1.8427190e-01	   1.3332635e-01	   6.4439742e-02	
   2.0624845e-01	   1.9439628e-01	   1.4426812e-01	   7.2634928e-02	
   2.0504786e-01	   1.9231814e-01	   1.4103668e-01	   6.9213162e-02	
   2.1268561e-01	   2.0033722e-01	   1.5029817e-01	   7.7003827e-02	
   2.1036547e-01	   1.9724908e-01	   1.4619272e-01	   7.2626004e-02	
   2.2180433e-01	   2.0890160e-01	   1.5846428e-01	   8.2909151e-02	
   2.1689092e-01	   2.0343927e-01	   1.5204859e-01	   7.6582180e-02	
   2.2837394e-01	   2.1523783e-01	   1.6474182e-01	   8.8296367e-02	
   2.1969854e-01	   2.0542649e-01	   1.5366300e-01	   7.6289028e-02	
   2.3738351e-01	   2.2386115e-01	   1.7337730e-01	   9.6224245e-02	
   2.3200124e-01	   2.1790434e-01	   1.6702379e-01	   8.9220338e-02	
   2.4509543e-01	   2.3091917e-01	   1.8033647e-01	   1.0183910e-01	
   2.4045919e-01	   2.2577467e-01	   1.7443746e-01	   9.4825290e-02	
   2.5406849e-01	   2.3966117e-01	   1.8907659e-01	   1.1042215e-01	
   2.4954913e-01	   2.3440348e-01	   1.8318755e-01	   1.0288507e-01	
   2.6068927e-01	   2.4559766e-01	   1.9452881e-01	   1.1513800e-01	
   2.5711536e-01	   2.4167410e-01	   1.9023848e-01	   1.0935008e-01	
   2.7050765e-01	   2.5515601e-01	   2.0451217e-01	   1.2508549e-01	
   2.6672627e-01	   2.5062229e-01	   1.9949532e-01	   1.1842002e-01	
   2.7983080e-01	   2.6434874e-01	   2.1353233e-01	   1.3428300e-01	
   2.7541752e-01	   2.5907290e-01	   2.0748081e-01	   1.2581138e-01	
   2.9056349e-01	   2.7447443e-01	   2.2379769e-01	   1.4432241e-01	
   2.8616580e-01	   2.6952717e-01	   2.1830308e-01	   1.3722076e-01	
   2.9622399e-01	   2.7948362e-01	   2.2849103e-01	   1.4859258e-01	
   2.9688530e-01	   2.7972553e-01	   2.2827857e-01	   1.4723737e-01	
   3.0905517e-01	   2.9206944e-01	   2.4161904e-01	   1.6259271e-01	
   3.0577285e-01	   2.8822410e-01	   2.3669912e-01	   1.5549580e-01	
   3.1709786e-01	   2.9966346e-01	   2.4910550e-01	   1.7037285e-01	
   3.1549287e-01	   2.9722980e-01	   2.4551120e-01	   1.6351936e-01	
   3.2700649e-01	   3.0942225e-01	   2.5938926e-01	   1.8121641e-01	
   3.3179083e-01	   3.1303638e-01	   2.6143798e-01	   1.8011653e-01	
   3.4250226e-01	   3.2397004e-01	   2.7310913e-01	   1.9435668e-01	
   3.3947121e-01	   3.2014174e-01	   2.6887964e-01	   1.8850423e-01	
   3.5257685e-01	   3.3370052e-01	   2.8322552e-01	   2.0537531e-01	
   3.5194965e-01	   3.3244850e-01	   2.8108533e-01	   2.0079317e-01	
   3.6408173e-01	   3.4466926e-01	   2.9440337e-01	   2.1662045e-01	
   3.5948353e-01	   3.3954734e-01	   2.8852810e-01	   2.0850811e-01	
   3.7451252e-01	   3.5460643e-01	   3.0420723e-01	   2.2644507e-01	
   3.7608737e-01	   3.5549864e-01	   3.0426078e-01	   2.2450974e-01	
   3.8925689e-01	   3.6890939e-01	   3.1874470e-01	   2.4162951e-01	
   3.8671219e-01	   3.6545648e-01	   3.1415262e-01	   2.3398426e-01	
   4.0177225e-01	   3.8098280e-01	   3.3104859e-01	   2.5424822e-01	
   4.0137816e-01	   3.7969045e-01	   3.2872078e-01	   2.4916716e-01	
   4.1212056e-01	   3.9066312e-01	   3.4082513e-01	   2.6382678e-01	
   4.1212954e-01	   3.9013745e-01	   3.3976183e-01	   2.6098740e-01	
   4.2715422e-01	   4.0520338e-01	   3.5570225e-01	   2.7951649e-01	
   4.3151086e-01	   4.0888946e-01	   3.5802091e-01	   2.7967062e-01	
   4.3909708e-01	   4.1664766e-01	   3.6703436e-01	   2.9093469e-01	
   4.4378863e-01	   4.2065868e-01	   3.6987276e-01	   2.9138471e-01	
   4.5862777e-01	   4.3585910e-01	   3.8551802e-01	   3.0990885e-01	
   4.5747704e-01	   4.3406137e-01	   3.8331652e-01	   3.0613647e-01	
   4.6846687e-01	   4.4507978e-01	   3.9564335e-01	   3.2046121e-01	
   4.7164085e-01	   4.4779207e-01	   3.9776812e-01	   3.2119788e-01	
   4.8632561e-01	   4.6250482e-01	   4.1298905e-01	   3.3843722e-01	
   4.8724513e-01	   4.6292136e-01	   4.1290902e-01	   3.3669425e-01	
   4.9918432e-01	   4.7473578e-01	   4.2485001e-01	   3.4962675e-01	
   5.0299727e-01	   4.7804572e-01	   4.2823730e-01	   3.5225897e-01	
   5.1697309e-01	   4.9229207e-01	   4.4311890e-01	   3.6927083e-01	
   5.1720887e-01	   4.9193472e-01	   4.4229248e-01	   3.6656675e-01	
   5.3302593e-01	   5.0807391e-01	   4.5910504e-01	   3.8611777e-01	
   5.3694002e-01	   5.1134288e-01	   4.6135870e-01	   3.8627536e-01	
   5.4814397e-01	   5.2272010e-01	   4.7397360e-01	   4.0147759e-01	
   5.5544368e-01	   5.2910496e-01	   4.7950729e-01	   4.0502404e-01	
   5.6612040e-01	   5.4055291e-01	   4.9213722e-01	   4.2011800e-01	
   5.6606472e-01	   5.3968847e-01	   4.9043018e-01	   4.1640159e-01	
   5.8430914e-01	   5.5806823e-01	   5.0953513e-01	   4.3824608e-01	
   5.8623562e-01	   5.5949202e-01	   5.1052957e-01	   4.3704289e-01	
   5.9867077e-01	   5.7180933e-01	   5.2346603e-01	   4.5157227e-01	
   5.9620961e-01	   5.6897037e-01	   5.2030865e-01	   4.4690496e-01	
   6.1895365e-01	   5.9188856e-01	   5.4424991e-01	   4.7406878e-01	
   6.2107456e-01	   5.9376350e-01	   5.4577856e-01	   4.7393131e-01	
   6.3031441e-01	   6.0347331e-01	   5.5656978e-01	   4.8717032e-01	
   6.3636566e-01	   6.0855345e-01	   5.6118023e-01	   4.8991747e-01	
   6.5056057e-01	   6.2328075e-01	   5.7679264e-01	   5.0870376e-01	
   6.5399693e-01	   6.2617573e-01	   5.7902969e-01	   5.0855808e-01	
   6.7011309e-01	   6.4255140e-01	   5.9656415e-01	   5.2895554e-01	
   6.6398066e-01	   6.3600561e-01	   5.8924276e-01	   5.1901584e-01	
   6.8276429e-01	   6.5510202e-01	   6.1030518e-01	   5.4415990e-01	
   6.9269235e-01	   6.6455805e-01	   6.1840986e-01	   5.5023519e-01	
   7.0092229e-01	   6.7327521e-01	   6.2856874e-01	   5.6322505e-01	
   7.0150225e-01	   6.7335058e-01	   6.2787077e-01	   5.6154326e-01	
   7.2108417e-01	   6.9324138e-01	   6.4901246e-01	   5.8354529e-01	
   7.2375905e-01	   6.9609546e-01	   6.5180539e-01	   5.8558017e-01	
   7.4247222e-01	   7.1521769e-01	   6.7145011e-01	   6.0773948e-01	
   7.3240621e-01	   7.0470630e-01	   6.6087028e-01	   5.9539313e-01	
   7.5692444e-01	   7.2949729e-01	   6.8698027e-01	   6.2483898e-01	
   7.5405707e-01	   7.2684683e-01	   6.8402172e-01	   6.2055230e-01	
   7.7573257e-01	   7.4849388e-01	   7.0682211e-01	   6.4525351e-01	
   7.6867572e-01	   7.4122869e-01	   6.9930241e-01	   6.3635147e-01	
   7.9014297e-01	   7.6372064e-01	   7.2244351e-01	   6.6291300e-01	
   7.7913761e-01	   7.5211079e-01	   7.1063842e-01	   6.4919927e-01	
   8.0281386e-01	   7.7662566e-01	   7.3673247e-01	   6.7791453e-01	
   8.0040223e-01	   7.7357509e-01	   7.3325012e-01	   6.7216411e-01	
   8.2255546e-01	   7.9664152e-01	   7.5788350e-01	   7.0095953e-01	
   8.2053972e-01	   7.9484166e-01	   7.5602113e-01	   6.9848252e-01	
   8.3035633e-01	   8.0508344e-01	   7.6754355e-01	   7.1207663e-01	
   8.3024058e-01	   8.0451852e-01	   7.6646928e-01	   7.0969552e-01	
   8.5059325e-01	   8.2578730e-01	   7.8967006e-01	   7.3626721e-01	
   8.5242895e-01	   8.2805161e-01	   7.9120512e-01	   7.3675845e-01	
   8.5453724e-01	   8.3001163e-01	   7.9439227e-01	   7.4176436e-01	
   8.6380232e-01	   8.3977253e-01	   8.0491970e-01	   7.5223635e-01	
   8.7917546e-01	   8.5574365e-01	   8.2177412e-01	   7.7139110e-01	
   8.7372955e-01	   8.5045205e-01	   8.1671371e-01	   7.6561247e-01	
   8.8693989e-01	   8.6442533e-01	   8.3210027e-01	   7.8382272e-01	
   8.8739539e-01	   8.6497674e-01	   8.3289934e-01	   7.8328542e-01	
   9.0297324e-01	   8.8106601e-01	   8.4970729e-01	   8.0238354e-01	
   8.9728039e-01	   8.7575149e-01	   8.4476702e-01	   7.9708422e-01	
   9.1434654e-01	   8.9340971e-01	   8.6352039e-01	   8.1826916e-01	
   9.1263788e-01	   8.9236415e-01	   8.6305074e-01	   8.1757763e-01	
   9.2489736e-01	   9.0499952e-01	   8.7700649e-01	   8.3452701e-01	
   9.2028945e-01	   9.0080240e-01	   8.7267895e-01	   8.2925488e-01	
   9.2961785e-01	   9.1094802e-01	   8.8415442e-01	   8.4331031e-01	
   9.3038410e-01	   9.1191421e-01	   8.8494698e-01	   8.4286864e-01	
   9.4592957e-01	   9.2857262e-01	   9.0363543e-01	   8.6582503e-01	
   9.4165834e-01	   9.2473530e-01	   8.9997672e-01	   8.6101096e-01	
   9.5431054e-01	   9.3780596e-01	   9.1407742e-01	   8.7710132e-01	
   9.5690315e-01	   9.4126749e-01	   9.1781835e-01	   8.8177575e-01	
   9.6227316e-01	   9.4714019e-01	   9.2543681e-01	   8.9201366e-01	
   9.5762934e-01	   9.4304864e-01	   9.2165509e-01	   8.8730265e-01	
   9.7326957e-01	   9.5926384e-01	   9.3912249e-01	   9.0647159e-01	
   9.6500999e-01	   9.5172914e-01	   9.3209223e-01	   8.9975573e-01	
   9.8095142e-01	   9.6850270e-01	   9.5027009e-01	   9.2117744e-01	
   9.7353572e-01	   9.6111444e-01	   9.4312768e-01	   9.1258305e-01	
   9.8178188e-01	   9.7000586e-01	   9.5327499e-01	   9.2420753e-01	
   9.7851943e-01	   9.6800624e-01	   9.5177803e-01	   9.2455309e-01	
   9.8879087e-01	   9.7892478e-01	   9.6402085e-01	   9.3997281e-01	
   9.8248064e-01	   9.7306235e-01	   9.5840781e-01	   9.3355649e-01	
   9.9457441e-01	   9.8587509e-01	   9.7254807e-01	   9.4945027e-01	
   9.8996964e-01	   9.8159169e-01	   9.6866648e-01	   9.4542899e-01	
   9.9262489e-01	   9.8557300e-01	   9.7439720e-01	   9.5482438e-01	
   9.9334524e-01	   9.8676160e-01	   9.7588375e-01	   9.5555223e-01	
   1.0025507e+00	   9.9721680e-01	   9.8751193e-01	   9.7074168e-01	
   9.9059730e-01	   9.8514677e-01	   9.7597905e-01	   9.5792060e-01	
   1.0038244e+00	   9.9962839e-01	   9.9203965e-01	   9.7707427e-01	
   9.9296160e-01	   9.8920229e-01	   9.8165984e-01	   9.6561609e-01	
   1.0087271e+00	   1.0058058e+00	   9.9958631e-01	   9.8578241e-01	
   9.9449754e-01	   9.9213003e-01	   9.8628046e-01	   9.7261706e-01	
   1.0002151e+00	   9.9880877e-01	   9.9408148e-01	   9.8294168e-01	
   1.0002592e+00	   9.9937130e-01	   9.9556545e-01	   9.8438582e-01	
   1.0022449e+00	   1.0024716e+00	   9.9956873e-01	   9.9102906e-01	
   9.9728710e-01	   9.9760274e-01	   9.9499132e-01	   9.8615789e-01	
   1.0057596e+00	   1.0073790e+00	   1.0062739e+00	   1.0000841e+00	
   9.9744454e-01	   9.9953484e-01	   9.9869014e-01	   9.9180024e-01	
   9.9102764e-01	   9.9359040e-01	   9.9352429e-01	   9.8777654e-01	
   9.9546549e-01	   9.9885016e-01	   9.9965182e-01	   9.9427033e-01	
   1.0000437e+00	   1.0046956e+00	   1.0069423e+00	   1.0051479e+00	
   9.9129022e-01	   9.9588987e-01	   9.9819871e-01	   9.9576239e-01	
   9.8873767e-01	   9.9404908e-01	   9.9733630e-01	   9.9511734e-01	
   9.8788120e-01	   9.9393435e-01	   9.9748718e-01	   9.9607484e-01	
   9.8947982e-01	   9.9631450e-01	   1.0016881e+00	   1.0038500e+00	
   9.8462155e-01	   9.9226708e-01	   9.9704274e-01	   9.9783447e-01	
   9.8318141e-01	   9.9159110e-01	   9.9837420e-01	   1.0020664e+00	
   9.8286706e-01	   9.9184570e-01	   9.9838744e-01	   1.0015611e+00	
   9.7632919e-01	   9.8597285e-01	   9.9392174e-01	   9.9899217e-01	
   9.7735799e-01	   9.8772629e-01	   9.9552911e-01	   1.0009190e+00	
   9.7117366e-01	   9.8239687e-01	   9.9160940e-01	   9.9890148e-01	
   9.6794762e-01	   9.7941961e-01	   9.8880666e-01	   9.9560775e-01	
   9.7223129e-01	   9.8452281e-01	   9.9520883e-01	   1.0048748e+00	
   9.5526417e-01	   9.6733187e-01	   9.7776728e-01	   9.8585612e-01	
   9.6488152e-01	   9.7827611e-01	   9.8996907e-01	   1.0008304e+00	
   9.5279347e-01	   9.6647402e-01	   9.7774350e-01	   9.8731063e-01	
   9.5302097e-01	   9.6766558e-01	   9.8081174e-01	   9.9328085e-01	
   9.4644796e-01	   9.6095157e-01	   9.7405311e-01	   9.8540966e-01	
   9.4545788e-01	   9.6107040e-01	   9.7470226e-01	   9.8844491e-01	
   9.3742109e-01	   9.5324949e-01	   9.6770162e-01	   9.8096364e-01	
   9.3797726e-01	   9.5480609e-01	   9.7005948e-01	   9.8577369e-01	
   9.2865878e-01	   9.4555115e-01	   9.6065570e-01	   9.7567294e-01	
   9.3118002e-01	   9.4902794e-01	   9.6566849e-01	   9.8239592e-01	
   9.1812779e-01	   9.3602121e-01	   9.5223777e-01	   9.6804018e-01	
   9.1901967e-01	   9.3804458e-01	   9.5535666e-01	   9.7374721e-01	
   9.1039574e-01	   9.2936835e-01	   9.4673216e-01	   9.6323271e-01	
   9.0815808e-01	   9.2747579e-01	   9.4573490e-01	   9.6416318e-01	
   9.0205929e-01	   9.2180542e-01	   9.4012945e-01	   9.5856834e-01	
   9.0512132e-01	   9.2518371e-01	   9.4484124e-01	   9.6598224e-01	
   8.8724322e-01	   9.0798641e-01	   9.2660638e-01	   9.4564606e-01	
   8.8970582e-01	   9.1132544e-01	   9.3148137e-01	   9.5339174e-01	
   8.8110686e-01	   9.0254112e-01	   9.2205019e-01	   9.4163304e-01	
   8.8773851e-01	   9.1047384e-01	   9.3121770e-01	   9.5449785e-01	
   8.6618051e-01	   8.8832255e-01	   9.0864273e-01	   9.2991998e-01	
   8.7532122e-01	   8.9840724e-01	   9.2006080e-01	   9.4387812e-01	
   8.5416351e-01	   8.7713497e-01	   8.9781661e-01	   9.1991312e-01	
   8.5628513e-01	   8.7981531e-01	   9.0175481e-01	   9.2606373e-01	
   8.4562463e-01	   8.6966227e-01	   8.9118706e-01	   9.1417781e-01	
   8.4755866e-01	   8.7205814e-01	   8.9484872e-01	   9.2026105e-01	
   8.3740981e-01	   8.6189583e-01	   8.8411133e-01	   9.0796876e-01	
   8.4127203e-01	   8.6619328e-01	   8.8965022e-01	   9.1565781e-01	
   8.1925341e-01	   8.4413351e-01	   8.6683767e-01	   8.9169322e-01	
   8.2962309e-01	   8.5523231e-01	   8.7952036e-01	   9.0647562e-01	
   8.1392228e-01	   8.3909922e-01	   8.6265635e-01	   8.8795246e-01	
   8.1389401e-01	   8.3994013e-01	   8.6430877e-01	   8.9204120e-01	
   8.0173216e-01	   8.2762303e-01	   8.5139743e-01	   8.7763062e-01	
   7.9218237e-01	   8.1828241e-01	   8.4206704e-01	   8.6847835e-01	
   7.9258741e-01	   8.1934380e-01	   8.4355248e-01	   8.7026697e-01	
   7.8849582e-01	   8.1520229e-01	   8.4004477e-01	   8.6898072e-01	
   7.8024315e-01	   8.0704706e-01	   8.3144261e-01	   8.5804896e-01	
   7.8306889e-01	   8.1056810e-01	   8.3594985e-01	   8.6538182e-01	
   7.5878394e-01	   7.8557584e-01	   8.1000493e-01	   8.3717688e-01	
   7.6832305e-01	   7.9595186e-01	   8.2179551e-01	   8.5160887e-01	
   7.5388842e-01	   7.8095484e-01	   8.0620361e-01	   8.3390347e-01	
   7.5395714e-01	   7.8177849e-01	   8.0732885e-01	   8.3696286e-01	
   7.4105518e-01	   7.6868994e-01	   7.9385058e-01	   8.2141052e-01	
   7.4141008e-01	   7.6936659e-01	   7.9531197e-01	   8.2500488e-01	
   7.3039198e-01	   7.5808500e-01	   7.8333663e-01	   8.1159462e-01	
   7.3175251e-01	   7.5994579e-01	   7.8587872e-01	   8.1566696e-01	
   7.1728180e-01	   7.4523814e-01	   7.7044708e-01	   7.9912988e-01	
   7.2147379e-01	   7.5020522e-01	   7.7637563e-01	   8.0714808e-01	
   7.0491488e-01	   7.3281376e-01	   7.5822692e-01	   7.8639820e-01	
   7.0358675e-01	   7.3189805e-01	   7.5770686e-01	   7.8728416e-01	
   6.8909267e-01	   7.1668740e-01	   7.4135365e-01	   7.6707534e-01	
   6.9387758e-01	   7.2218771e-01	   7.4857164e-01	   7.7832450e-01	
   6.8613572e-01	   7.1462806e-01	   7.4033623e-01	   7.6928937e-01	
   6.7980293e-01	   7.0863243e-01	   7.3460957e-01	   7.6447639e-01	
   6.6845282e-01	   6.9649060e-01	   7.2168956e-01	   7.4975393e-01	
   6.7607245e-01	   7.0485297e-01	   7.3158299e-01	   7.6204070e-01	
   6.5897342e-01	   6.8778998e-01	   7.1287685e-01	   7.4091647e-01	
   6.6144910e-01	   6.9008360e-01	   7.1641613e-01	   7.4663811e-01	
   6.4738049e-01	   6.7569786e-01	   7.0101883e-01	   7.2817184e-01	
   6.4573424e-01	   6.7441147e-01	   7.0014502e-01	   7.2991626e-01	
   6.3352900e-01	   6.6154214e-01	   6.8673247e-01	   7.1431646e-01	
   6.3979367e-01	   6.6838086e-01	   6.9460243e-01	   7.2423924e-01	
   6.1755096e-01	   6.4532259e-01	   6.6988893e-01	   6.9695677e-01	
   6.2426426e-01	   6.5263242e-01	   6.7823928e-01	   7.0814764e-01	
   6.1178585e-01	   6.3942586e-01	   6.6419324e-01	   6.9164425e-01	
   6.1685300e-01	   6.4487832e-01	   6.7023963e-01	   7.0029456e-01	
   6.0187211e-01	   6.2969509e-01	   6.5411649e-01	   6.8204439e-01	
   5.9954393e-01	   6.2726068e-01	   6.5220001e-01	   6.8168928e-01	
   5.8824345e-01	   6.1540942e-01	   6.3955759e-01	   6.6674151e-01	
   5.8667046e-01	   6.1420621e-01	   6.3896255e-01	   6.6708046e-01	
   5.7331567e-01	   6.0029643e-01	   6.2358502e-01	   6.4945063e-01	
   5.7483521e-01	   6.0207137e-01	   6.2605030e-01	   6.5430045e-01	
   5.6865249e-01	   5.9591726e-01	   6.1967262e-01	   6.4659505e-01	
   5.6530335e-01	   5.9211909e-01	   6.1607545e-01	   6.4387782e-01	
   5.5531477e-01	   5.8173249e-01	   6.0494594e-01	   6.3054936e-01	
   5.5777771e-01	   5.8483785e-01	   6.0881441e-01	   6.3642157e-01	
   5.4622022e-01	   5.7249768e-01	   5.9587234e-01	   6.2144630e-01	
   5.4634983e-01	   5.7269181e-01	   5.9612480e-01	   6.2251816e-01	
   5.3549831e-01	   5.6161126e-01	   5.8405317e-01	   6.0902743e-01	
   5.3926928e-01	   5.6542829e-01	   5.8876647e-01	   6.1563749e-01	
   5.2716680e-01	   5.5278287e-01	   5.7544986e-01	   6.0041482e-01	
   5.2563801e-01	   5.5167068e-01	   5.7448937e-01	   6.0033838e-01	
   5.1481180e-01	   5.4012443e-01	   5.6184512e-01	   5.8628042e-01	
   5.1900819e-01	   5.4445123e-01	   5.6717342e-01	   5.9341035e-01	
   5.0652074e-01	   5.3163363e-01	   5.5306695e-01	   5.7690417e-01	
   5.0773999e-01	   5.3275132e-01	   5.5482135e-01	   5.8048358e-01	
   4.9733764e-01	   5.2202701e-01	   5.4289952e-01	   5.6623353e-01	
   5.0010370e-01	   5.2525876e-01	   5.4695926e-01	   5.7236732e-01	
   4.8671436e-01	   5.1101449e-01	   5.3186595e-01	   5.5479825e-01	
   4.8968813e-01	   5.1423918e-01	   5.3559367e-01	   5.6041435e-01	
   4.7330602e-01	   4.9647668e-01	   5.1622510e-01	   5.3683065e-01	
   4.7932450e-01	   5.0326388e-01	   5.2393691e-01	   5.4774694e-01	
   4.6949684e-01	   4.9264468e-01	   5.1282390e-01	   5.3438444e-01	
   4.7347461e-01	   4.9729267e-01	   5.1756777e-01	   5.4126341e-01	
   4.5781499e-01	   4.8058061e-01	   4.9945206e-01	   5.1959090e-01	
   4.6622600e-01	   4.8952074e-01	   5.0944186e-01	   5.3248718e-01	
   4.4937614e-01	   4.7172825e-01	   4.9069727e-01	   5.1146711e-01	
   4.4983288e-01	   4.7226319e-01	   4.9172737e-01	   5.1405198e-01	
   4.4450391e-01	   4.6649641e-01	   4.8511079e-01	   5.0487928e-01	
   4.4479844e-01	   4.6673757e-01	   4.8578924e-01	   5.0691204e-01	
   4.3467449e-01	   4.5609783e-01	   4.7433321e-01	   4.9361082e-01	
   4.3972378e-01	   4.6143185e-01	   4.8038568e-01	   5.0099563e-01	
   4.2050648e-01	   4.4132379e-01	   4.5832139e-01	   4.7503902e-01	
   4.3413581e-01	   4.5576669e-01	   4.7390101e-01	   4.9456146e-01	
   4.1705744e-01	   4.3736315e-01	   4.5433830e-01	   4.7204968e-01	
   4.2066358e-01	   4.4151093e-01	   4.5918161e-01	   4.7914139e-01	
   4.0636881e-01	   4.2587797e-01	   4.4218100e-01	   4.5831867e-01	
   4.1225451e-01	   4.3231827e-01	   4.4949595e-01	   4.6869214e-01	
   4.0537476e-01	   4.2504159e-01	   4.4137827e-01	   4.5875579e-01	
   4.0492599e-01	   4.2453468e-01	   4.4139580e-01	   4.6023614e-01	
   3.9463212e-01	   4.1348900e-01	   4.2879584e-01	   4.4399428e-01	
   4.0054275e-01	   4.2007230e-01	   4.3624585e-01	   4.5510576e-01	
   3.9007701e-01	   4.0870157e-01	   4.2408568e-01	   4.4029706e-01	
   3.9174923e-01	   4.1044671e-01	   4.2598725e-01	   4.4321624e-01	
   3.8258231e-01	   4.0070221e-01	   4.1542996e-01	   4.3083528e-01	
   3.8479868e-01	   4.0290542e-01	   4.1855863e-01	   4.3564239e-01	
   3.7636885e-01	   3.9394439e-01	   4.0861981e-01	   4.2341086e-01	
   3.8091944e-01	   3.9870804e-01	   4.1389539e-01	   4.3029019e-01	
   3.7279074e-01	   3.9001299e-01	   4.0431946e-01	   4.1919254e-01	
   3.7293136e-01	   3.9042578e-01	   4.0485638e-01	   4.2092034e-01	
   3.6300283e-01	   3.7995354e-01	   3.9327825e-01	   4.0718004e-01	
   3.6764078e-01	   3.8456962e-01	   3.9861072e-01	   4.1412860e-01	
   3.5569912e-01	   3.7176693e-01	   3.8472801e-01	   3.9748810e-01	
   3.6065979e-01	   3.7732877e-01	   3.9110498e-01	   4.0656263e-01	
   3.5214341e-01	   3.6784857e-01	   3.8088165e-01	   3.9372732e-01	
   3.5220175e-01	   3.6826332e-01	   3.8122877e-01	   3.9533240e-01	
   3.4610020e-01	   3.6144083e-01	   3.7384738e-01	   3.8581698e-01	
   3.4835839e-01	   3.6395286e-01	   3.7653077e-01	   3.9027842e-01	
   3.4306708e-01	   3.5813442e-01	   3.7017913e-01	   3.8246594e-01	
   3.3992518e-01	   3.5464864e-01	   3.6671602e-01	   3.7899599e-01	
   3.3332466e-01	   3.4778108e-01	   3.5912416e-01	   3.7021192e-01	
   3.3673996e-01	   3.5122825e-01	   3.6302304e-01	   3.7565892e-01	
   3.2626574e-01	   3.3997339e-01	   3.5077684e-01	   3.6068938e-01	
   3.3182978e-01	   3.4607926e-01	   3.5751830e-01	   3.6995153e-01	
   3.2027297e-01	   3.3366548e-01	   3.4404568e-01	   3.5299296e-01	
   3.2738676e-01	   3.4100622e-01	   3.5248480e-01	   3.6464963e-01	
   3.1843887e-01	   3.3144209e-01	   3.4174825e-01	   3.5135037e-01	
   3.2217632e-01	   3.3544790e-01	   3.4638517e-01	   3.5794687e-01	
   3.1158699e-01	   3.2415718e-01	   3.3394146e-01	   3.4318438e-01	
   3.1567671e-01	   3.2840814e-01	   3.3895497e-01	   3.5004633e-01	
   3.0920690e-01	   3.2139779e-01	   3.3104954e-01	   3.3999165e-01	
   3.0928390e-01	   3.2155278e-01	   3.3123489e-01	   3.4082819e-01	
   2.9988214e-01	   3.1183841e-01	   3.2055360e-01	   3.2805539e-01	
   3.0624304e-01	   3.1827977e-01	   3.2797570e-01	   3.3822619e-01	
   2.9676067e-01	   3.0812060e-01	   3.1663428e-01	   3.2378590e-01	
   3.0085957e-01	   3.1227387e-01	   3.2145648e-01	   3.3075344e-01	
   2.8960692e-01	   3.0024439e-01	   3.0839753e-01	   3.1497516e-01	
   3.0038578e-01	   3.1184718e-01	   3.2090191e-01	   3.3057295e-01	
   2.8963817e-01	   2.9996023e-01	   3.0815123e-01	   3.1544937e-01	
   2.9312155e-01	   3.0383884e-01	   3.1252863e-01	   3.2135150e-01	
   2.8671603e-01	   2.9707103e-01	   3.0473266e-01	   3.1171532e-01	
   2.9029083e-01	   3.0082970e-01	   3.0916054e-01	   3.1810842e-01	
   2.8042916e-01	   2.9017324e-01	   2.9768376e-01	   3.0365224e-01	
   2.8369576e-01	   2.9352860e-01	   3.0151080e-01	   3.0887505e-01	
   2.7564896e-01	   2.8509410e-01	   2.9196067e-01	   2.9705001e-01	
   2.8190582e-01	   2.9180464e-01	   2.9952247e-01	   3.0746769e-01	
   2.7326430e-01	   2.8252624e-01	   2.8945336e-01	   2.9493693e-01	
   2.7621224e-01	   2.8554707e-01	   2.9313453e-01	   3.0041782e-01	
   2.6892705e-01	   2.7783978e-01	   2.8427920e-01	   2.8910001e-01	
   2.7318122e-01	   2.8221606e-01	   2.8959704e-01	   2.9645226e-01	
   2.6696669e-01	   2.7533267e-01	   2.8188937e-01	   2.8685353e-01	
   2.7018545e-01	   2.7882907e-01	   2.8569518e-01	   2.9229604e-01	
   2.6433159e-01	   2.7259353e-01	   2.7875831e-01	   2.8353513e-01	
   2.6563916e-01	   2.7375792e-01	   2.8052925e-01	   2.8646237e-01	
   2.5852520e-01	   2.6640734e-01	   2.7208500e-01	   2.7650100e-01	
   2.6465639e-01	   2.7287359e-01	   2.7945231e-01	   2.8580689e-01	
   2.5536478e-01	   2.6273416e-01	   2.6835806e-01	   2.7223754e-01	
   2.6135295e-01	   2.6917974e-01	   2.7555800e-01	   2.8153837e-01	
   2.5237094e-01	   2.5958538e-01	   2.6500246e-01	   2.6871529e-01	
   2.5604534e-01	   2.6361187e-01	   2.6936845e-01	   2.7487590e-01	
   2.4747472e-01	   2.5440680e-01	   2.5927150e-01	   2.6231285e-01	
   2.5326883e-01	   2.6039851e-01	   2.6631432e-01	   2.7165541e-01	
   2.4670286e-01	   2.5338763e-01	   2.5842242e-01	   2.6191364e-01	
   2.4998538e-01	   2.5703089e-01	   2.6257801e-01	   2.6793910e-01	
   2.4077684e-01	   2.4713212e-01	   2.5170950e-01	   2.5411998e-01	
   2.4694168e-01	   2.5351441e-01	   2.5881895e-01	   2.6387847e-01	
   2.3824272e-01	   2.4433740e-01	   2.4872078e-01	   2.5100065e-01	
   2.4302929e-01	   2.4937964e-01	   2.5422162e-01	   2.5863440e-01	
   2.3494892e-01	   2.4077226e-01	   2.4504950e-01	   2.4730642e-01	
   2.4131082e-01	   2.4779373e-01	   2.5272581e-01	   2.5746969e-01	
   2.3384055e-01	   2.3978924e-01	   2.4382594e-01	   2.4619695e-01	
   2.3646943e-01	   2.4258332e-01	   2.4740105e-01	   2.5161311e-01	
   2.2832227e-01	   2.3367773e-01	   2.3738155e-01	   2.3895339e-01	
   2.3520005e-01	   2.4100233e-01	   2.4561334e-01	   2.4992379e-01	
   2.2750475e-01	   2.3272377e-01	   2.3660092e-01	   2.3845060e-01	
   2.3025273e-01	   2.3555129e-01	   2.3997668e-01	   2.4332631e-01	
   2.2218961e-01	   2.2725530e-01	   2.3065543e-01	   2.3161321e-01	
   2.2919566e-01	   2.3453173e-01	   2.3884389e-01	   2.4277931e-01	
   2.2092103e-01	   2.2570141e-01	   2.2907442e-01	   2.3052221e-01	
   2.2647889e-01	   2.3171886e-01	   2.3594720e-01	   2.3961867e-01	
   2.1490622e-01	   2.1938639e-01	   2.2233034e-01	   2.2256291e-01	
   2.2180537e-01	   2.2665783e-01	   2.3034557e-01	   2.3358299e-01	
   2.1721775e-01	   2.2187696e-01	   2.2502753e-01	   2.2654565e-01	
   2.1838323e-01	   2.2319679e-01	   2.2688187e-01	   2.2960592e-01	
   2.1152073e-01	   2.1600016e-01	   2.1866459e-01	   2.1934836e-01	
   2.1832315e-01	   2.2303782e-01	   2.2685177e-01	   2.3025082e-01	
   2.0943367e-01	   2.1351922e-01	   2.1651295e-01	   2.1750578e-01	
   2.1425606e-01	   2.1883181e-01	   2.2208047e-01	   2.2493794e-01	
   2.0439105e-01	   2.0829240e-01	   2.1087287e-01	   2.1096515e-01	
   2.1263948e-01	   2.1706251e-01	   2.2051858e-01	   2.2337737e-01	
   2.0383004e-01	   2.0782795e-01	   2.1038275e-01	   2.1135090e-01	
   2.0757641e-01	   2.1161215e-01	   2.1475875e-01	   2.1679418e-01	
   2.0189791e-01	   2.0555744e-01	   2.0813887e-01	   2.0879868e-01	
   2.0634484e-01	   2.1036462e-01	   2.1356760e-01	   2.1616455e-01	
   1.9924356e-01	   2.0306463e-01	   2.0550887e-01	   2.0618585e-01	
   2.0468407e-01	   2.0873853e-01	   2.1215122e-01	   2.1485349e-01	
   1.9708884e-01	   2.0069970e-01	   2.0319180e-01	   2.0356023e-01	
   2.0084238e-01	   2.0482581e-01	   2.0762076e-01	   2.1004814e-01	
   1.9425365e-01	   1.9771780e-01	   2.0031634e-01	   2.0064548e-01	
   1.9596542e-01	   1.9953036e-01	   2.0236454e-01	   2.0392271e-01	
   1.9116743e-01	   1.9451547e-01	   1.9667958e-01	   1.9681254e-01	
   1.9679472e-01	   2.0037405e-01	   2.0343738e-01	   2.0560084e-01	
   1.8851277e-01	   1.9192714e-01	   1.9395885e-01	   1.9408024e-01	
   1.9172159e-01	   1.9515565e-01	   1.9779198e-01	   1.9933133e-01	
   1.8256870e-01	   1.8560186e-01	   1.8739797e-01	   1.8656922e-01	
   1.9185657e-01	   1.9537994e-01	   1.9820497e-01	   2.0062387e-01	
   1.8418958e-01	   1.8728172e-01	   1.8928352e-01	   1.8926979e-01	
   1.8889114e-01	   1.9225636e-01	   1.9508215e-01	   1.9707866e-01	
   1.7888391e-01	   1.8191243e-01	   1.8374013e-01	   1.8324097e-01	
   1.8666002e-01	   1.9018814e-01	   1.9293754e-01	   1.9508546e-01	
   1.7844306e-01	   1.8133454e-01	   1.8317225e-01	   1.8309293e-01	
   1.7900991e-01	   1.8201536e-01	   1.8413516e-01	   1.8448775e-01	
   1.7642973e-01	   1.7928453e-01	   1.8124106e-01	   1.8118855e-01	
   1.8214964e-01	   1.8542745e-01	   1.8810779e-01	   1.9015327e-01	
   1.7266270e-01	   1.7536660e-01	   1.7719881e-01	   1.7673232e-01	
   1.7698296e-01	   1.8006668e-01	   1.8243873e-01	   1.8380246e-01	
   1.6856677e-01	   1.7111258e-01	   1.7243383e-01	   1.7126675e-01	
   1.7652732e-01	   1.7957820e-01	   1.8222214e-01	   1.8415096e-01	
   1.6891537e-01	   1.7155218e-01	   1.7334462e-01	   1.7299027e-01	
   1.7322608e-01	   1.7640810e-01	   1.7900775e-01	   1.8091547e-01	
   1.6537848e-01	   1.6801987e-01	   1.6965196e-01	   1.6875719e-01	
   1.7114396e-01	   1.7413163e-01	   1.7673823e-01	   1.7836908e-01	
   1.6396547e-01	   1.6661936e-01	   1.6841182e-01	   1.6783864e-01	
   1.6897301e-01	   1.7198433e-01	   1.7449244e-01	   1.7638325e-01	
   1.5961881e-01	   1.6217345e-01	   1.6363932e-01	   1.6240061e-01	
   1.6643805e-01	   1.6954492e-01	   1.7207733e-01	   1.7401215e-01	
   1.5884365e-01	   1.6140345e-01	   1.6312403e-01	   1.6294647e-01	
   1.6277576e-01	   1.6555719e-01	   1.6800284e-01	   1.6924409e-01	
   1.5435961e-01	   1.5674583e-01	   1.5816873e-01	   1.5707591e-01	
   1.6210711e-01	   1.6503213e-01	   1.6746890e-01	   1.6916367e-01	
   1.5356442e-01	   1.5603616e-01	   1.5769948e-01	   1.5713173e-01	
   1.5958721e-01	   1.6246145e-01	   1.6495424e-01	   1.6654208e-01	
   1.5090106e-01	   1.5320461e-01	   1.5471596e-01	   1.5386518e-01	
   1.5461141e-01	   1.5744203e-01	   1.5966629e-01	   1.6053059e-01	
   1.4705633e-01	   1.4938480e-01	   1.5084423e-01	   1.5007216e-01	
   1.5174925e-01	   1.5448869e-01	   1.5651588e-01	   1.5723010e-01	
   1.4737081e-01	   1.4969737e-01	   1.5126939e-01	   1.5078779e-01	
   1.5161394e-01	   1.5448280e-01	   1.5667824e-01	   1.5812740e-01	
   1.4031092e-01	   1.4247008e-01	   1.4368525e-01	   1.4189101e-01	
   1.4819711e-01	   1.5089648e-01	   1.5318437e-01	   1.5449254e-01	
   1.4175541e-01	   1.4410487e-01	   1.4558849e-01	   1.4480292e-01	
   1.4529193e-01	   1.4791854e-01	   1.5007450e-01	   1.5125116e-01	
   1.3897789e-01	   1.4130619e-01	   1.4266807e-01	   1.4177520e-01	
   1.4284889e-01	   1.4546085e-01	   1.4759248e-01	   1.4853388e-01	
   1.3056314e-01	   1.3246756e-01	   1.3325462e-01	   1.3076080e-01	
   1.3903634e-01	   1.4151237e-01	   1.4338103e-01	   1.4372451e-01	
   1.3392787e-01	   1.3617970e-01	   1.3761834e-01	   1.3682717e-01	
   1.3872486e-01	   1.4141475e-01	   1.4356713e-01	   1.4483511e-01	
   1.3009966e-01	   1.3231835e-01	   1.3351797e-01	   1.3218049e-01	
   1.3566670e-01	   1.3851133e-01	   1.4058131e-01	   1.4138987e-01	
   1.2719741e-01	   1.2941443e-01	   1.3070203e-01	   1.2948709e-01	
   1.3125876e-01	   1.3373819e-01	   1.3564171e-01	   1.3606507e-01	
   1.2412477e-01	   1.2623031e-01	   1.2721543e-01	   1.2547247e-01	
   1.2893528e-01	   1.3150301e-01	   1.3332165e-01	   1.3352131e-01	
   1.2472103e-01	   1.2694789e-01	   1.2817870e-01	   1.2738814e-01	
   1.3027733e-01	   1.3312703e-01	   1.3531212e-01	   1.3657173e-01	
   1.1742259e-01	   1.1939862e-01	   1.2028652e-01	   1.1798801e-01	
   1.2679261e-01	   1.2952602e-01	   1.3154289e-01	   1.3270020e-01	
   1.1866073e-01	   1.2092827e-01	   1.2199181e-01	   1.2085783e-01	
   1.2295352e-01	   1.2554253e-01	   1.2742920e-01	   1.2780592e-01	
   1.1433179e-01	   1.1643512e-01	   1.1730387e-01	   1.1560452e-01	
   1.2179772e-01	   1.2446082e-01	   1.2644637e-01	   1.2724593e-01	
   1.1447452e-01	   1.1651106e-01	   1.1782608e-01	   1.1677857e-01	
   1.2051269e-01	   1.2303731e-01	   1.2509869e-01	   1.2602282e-01	
   1.1106854e-01	   1.1325406e-01	   1.1440679e-01	   1.1301104e-01	
   1.1757773e-01	   1.2021999e-01	   1.2213263e-01	   1.2316363e-01	
   1.1060749e-01	   1.1286862e-01	   1.1414153e-01	   1.1333916e-01	
   1.1596883e-01	   1.1858602e-01	   1.2061105e-01	   1.2165836e-01	
   1.0709013e-01	   1.0927902e-01	   1.1038625e-01	   1.0927497e-01	
   1.1138773e-01	   1.1382608e-01	   1.1574103e-01	   1.1617845e-01	
   1.0503284e-01	   1.0712070e-01	   1.0830279e-01	   1.0745303e-01	
   1.0997348e-01	   1.1264151e-01	   1.1456435e-01	   1.1518582e-01	
   9.9600303e-02	   1.0155187e-01	   1.0238283e-01	   1.0077487e-01	
   1.0744483e-01	   1.0995407e-01	   1.1185773e-01	   1.1250325e-01	
   9.8516934e-02	   1.0068194e-01	   1.0153597e-01	   1.0017284e-01	
   1.0573043e-01	   1.0832270e-01	   1.1003309e-01	   1.1074161e-01	
   9.7168013e-02	   9.9299928e-02	   1.0023222e-01	   9.9292146e-02	
   1.0466595e-01	   1.0734863e-01	   1.0919088e-01	   1.1000757e-01	
   9.6534306e-02	   9.8711264e-02	   9.9799623e-02	   9.9162258e-02	
   1.0091775e-01	   1.0351766e-01	   1.0521646e-01	   1.0586837e-01	
   9.3932992e-02	   9.6153421e-02	   9.7132173e-02	   9.6399373e-02	
   9.7527523e-02	   1.0007930e-01	   1.0170223e-01	   1.0202506e-01	
   9.0027316e-02	   9.2105468e-02	   9.2942828e-02	   9.1822075e-02	
   9.5064191e-02	   9.7430292e-02	   9.9172815e-02	   9.9411511e-02	
   8.8293785e-02	   9.0349315e-02	   9.1260753e-02	   9.0470577e-02	
   9.4457788e-02	   9.7087526e-02	   9.8789201e-02	   9.9415019e-02	
   8.7087152e-02	   8.9215163e-02	   9.0271879e-02	   8.9775175e-02	
   9.1728370e-02	   9.4156933e-02	   9.5867346e-02	   9.6323287e-02	
   8.3529671e-02	   8.5554542e-02	   8.6519583e-02	   8.5832720e-02	
   8.9393810e-02	   9.1767194e-02	   9.3429691e-02	   9.4120499e-02	
   8.2547102e-02	   8.4609884e-02	   8.5623621e-02	   8.5304501e-02	
   8.7065924e-02	   8.9475500e-02	   9.0817344e-02	   9.1383303e-02	
   7.9716117e-02	   8.1795020e-02	   8.2661890e-02	   8.2449693e-02	
   8.3880002e-02	   8.6205527e-02	   8.7517083e-02	   8.8156369e-02	
   7.7253152e-02	   7.9187406e-02	   8.0010979e-02	   7.9828561e-02	
   8.1932688e-02	   8.4160301e-02	   8.5644533e-02	   8.6306003e-02	
   7.6522551e-02	   7.8608333e-02	   7.9540257e-02	   7.9742312e-02	
   8.2883081e-02	   8.5427475e-02	   8.6984142e-02	   8.7926924e-02	
   7.3787493e-02	   7.5809762e-02	   7.6764271e-02	   7.7241009e-02	
   7.8684817e-02	   8.0892504e-02	   8.2507951e-02	   8.3487355e-02	
   7.1002068e-02	   7.2991083e-02	   7.3787393e-02	   7.4166609e-02	
   7.7656020e-02	   8.0088710e-02	   8.1549094e-02	   8.2748725e-02	
   7.0566657e-02	   7.2550022e-02	   7.3707879e-02	   7.4421898e-02	
   7.4348002e-02	   7.6653487e-02	   7.8048180e-02	   7.9159879e-02	
   6.4444076e-02	   6.6195293e-02	   6.6998741e-02	   6.7507437e-02	
   7.2331763e-02	   7.4612325e-02	   7.6009128e-02	   7.7201238e-02	
   6.6939717e-02	   6.9003455e-02	   7.0053742e-02	   7.1382058e-02	
   6.8021584e-02	   7.0027404e-02	   7.1325843e-02	   7.2307009e-02	
   6.4759027e-02	   6.6834157e-02	   6.7915774e-02	   6.9501413e-02	
   6.9280386e-02	   7.1500616e-02	   7.2956235e-02	   7.4650672e-02	
   6.1923903e-02	   6.3813469e-02	   6.4959808e-02	   6.6776803e-02	
   6.7586207e-02	   6.9895132e-02	   7.1411838e-02	   7.3157989e-02	
   6.0282361e-02	   6.2208841e-02	   6.3435608e-02	   6.5579695e-02	
   6.5857516e-02	   6.7957257e-02	   6.9624327e-02	   7.1557082e-02	
   5.9128264e-02	   6.1020139e-02	   6.2293829e-02	   6.4753166e-02	
   6.2951632e-02	   6.4900061e-02	   6.6387081e-02	   6.8255661e-02	
   5.6662463e-02	   5.8479410e-02	   5.9718416e-02	   6.2335429e-02	
   6.2576935e-02	   6.4754098e-02	   6.6348517e-02	   6.8711354e-02	
   5.6126887e-02	   5.8125484e-02	   5.9443418e-02	   6.2398774e-02	
   6.0794339e-02	   6.2898011e-02	   6.4577704e-02	   6.7086512e-02	
   5.4086683e-02	   5.5897039e-02	   5.7321154e-02	   6.0472064e-02	
   5.8785243e-02	   6.0868686e-02	   6.2569464e-02	   6.5428657e-02	
   5.3096704e-02	   5.5071105e-02	   5.6560207e-02	   6.0044691e-02	
   5.4822057e-02	   5.6857348e-02	   5.8357100e-02	   6.1195476e-02	
   4.8837626e-02	   5.0591075e-02	   5.2079047e-02	   5.5661349e-02	
   5.5712971e-02	   5.7889605e-02	   5.9599225e-02	   6.2953868e-02	
   5.0411512e-02	   5.2334998e-02	   5.4021609e-02	   5.8112306e-02	
   5.2059930e-02	   5.3971107e-02	   5.5485896e-02	   5.8808947e-02	
   4.6199162e-02	   4.8002535e-02	   4.9595751e-02	   5.3806340e-02	
   5.2370408e-02	   5.4456057e-02	   5.6171663e-02	   6.0101072e-02	
   4.6943249e-02	   4.8865405e-02	   5.0611023e-02	   5.5319864e-02	
   5.1073589e-02	   5.3085419e-02	   5.4901231e-02	   5.8963905e-02	
   4.4679715e-02	   4.6510213e-02	   4.8305281e-02	   5.3326043e-02	
   5.0032877e-02	   5.2132846e-02	   5.3890173e-02	   5.8322820e-02	
   4.4440231e-02	   4.6364643e-02	   4.8435366e-02	   5.3727933e-02	
   4.7178193e-02	   4.9234056e-02	   5.1015072e-02	   5.5683736e-02	
   4.2789043e-02	   4.4635087e-02	   4.6769988e-02	   5.2565387e-02	
   4.7129929e-02	   4.9099609e-02	   5.1133428e-02	   5.5991847e-02	
   4.2386609e-02	   4.4205079e-02	   4.6475350e-02	   5.2376280e-02	
   4.5336119e-02	   4.7295432e-02	   4.9277059e-02	   5.4631631e-02	
   3.8295688e-02	   4.0145467e-02	   4.2233407e-02	   4.8371977e-02	
   4.2806766e-02	   4.4754204e-02	   4.6755199e-02	   5.2123570e-02	
   4.0173877e-02	   4.2124699e-02	   4.4467944e-02	   5.0921098e-02	
   4.3153993e-02	   4.5176405e-02	   4.7350002e-02	   5.3125743e-02	
   3.7056946e-02	   3.8890700e-02	   4.1228114e-02	   4.7914015e-02	
   4.2220589e-02	   4.4242621e-02	   4.6484892e-02	   5.2513854e-02	
   3.8673021e-02	   4.0567953e-02	   4.3100267e-02	   4.9951991e-02	
   4.0381686e-02	   4.2375196e-02	   4.4678417e-02	   5.1094472e-02	
   3.7473899e-02	   3.9413335e-02	   4.2020549e-02	   4.9168690e-02	
   3.9971342e-02	   4.2015886e-02	   4.4419719e-02	   5.0959064e-02	
   3.6185090e-02	   3.8067939e-02	   4.0729562e-02	   4.8119577e-02	
   3.8812940e-02	   4.0746431e-02	   4.3298097e-02	   4.9927180e-02	
   3.4563842e-02	   3.6493973e-02	   3.9178327e-02	   4.6855307e-02	
   3.7875464e-02	   3.9801345e-02	   4.2311569e-02	   4.9319728e-02	
   3.4717779e-02	   3.6691169e-02	   3.9429551e-02	   4.7273188e-02	
   3.6893763e-02	   3.8802032e-02	   4.1411155e-02	   4.8667243e-02	
   3.4053899e-02	   3.5928554e-02	   3.8814790e-02	   4.6737489e-02	
   3.6583051e-02	   3.8578916e-02	   4.1243182e-02	   4.8646661e-02	
   3.2487089e-02	   3.4387674e-02	   3.7286336e-02	   4.5478894e-02	
   3.5521878e-02	   3.7525481e-02	   4.0260391e-02	   4.7864700e-02	
   3.2705379e-02	   3.4694324e-02	   3.7697342e-02	   4.5917615e-02	
   3.5232128e-02	   3.7203607e-02	   4.0008531e-02	   4.7715107e-02	
   3.2722568e-02	   3.4607901e-02	   3.7702193e-02	   4.6060193e-02	
   3.4652092e-02	   3.6557471e-02	   3.9529699e-02	   4.7407461e-02	
   3.2084823e-02	   3.4042305e-02	   3.7200977e-02	   4.5688634e-02	
   3.3995489e-02	   3.5987275e-02	   3.8934140e-02	   4.6967760e-02	
   3.2190430e-02	   3.4042946e-02	   3.7217397e-02	   4.5828994e-02	
   3.3532575e-02	   3.5475870e-02	   3.8490135e-02	   4.6716030e-02	
   3.1539433e-02	   3.3496139e-02	   3.6748385e-02	   4.5467803e-02	
   3.2920430e-02	   3.4882856e-02	   3.7988443e-02	   4.6276123e-02	
   3.0427360e-02	   3.2328329e-02	   3.5620720e-02	   4.4454644e-02	
   3.1672510e-02	   3.3647342e-02	   3.6680241e-02	   4.5280038e-02	
   3.0454128e-02	   3.2429298e-02	   3.5721782e-02	   4.4665209e-02	
   3.2138461e-02	   3.4094251e-02	   3.7254172e-02	   4.5805110e-02	
   3.0628459e-02	   3.2593194e-02	   3.5933527e-02	   4.4923490e-02	
   3.1581155e-02	   3.3540883e-02	   3.6759636e-02	   4.5504582e-02	
   2.9677800e-02	   3.1591670e-02	   3.4957455e-02	   4.4077462e-02	
   3.1278488e-02	   3.3243966e-02	   3.6454223e-02	   4.5223966e-02	
   3.0040113e-02	   3.2011197e-02	   3.5392992e-02	   4.4480591e-02	
   3.0179364e-02	   3.2219196e-02	   3.5501648e-02	   4.4469500e-02	
   2.9560945e-02	   3.1495550e-02	   3.4925411e-02	   4.4132760e-02	
   3.0418548e-02	   3.2399386e-02	   3.5758199e-02	   4.4735570e-02	
   2.9607306e-02	   3.1550349e-02	   3.4992600e-02	   4.4245368e-02	
   3.0205766e-02	   3.2137052e-02	   3.5540610e-02	   4.4590309e-02	
   2.9383109e-02	   3.1339034e-02	   3.4809758e-02	   4.4023764e-02	
   2.9714982e-02	   3.1620763e-02	   3.5028183e-02	   4.4184757e-02	
   2.9167690e-02	   3.1167437e-02	   3.4602267e-02	   4.3898673e-02	
   2.9597493e-02	   3.1576803e-02	   3.4987114e-02	   4.4154064e-02	
   2.7871806e-02	   2.9772091e-02	   3.3326826e-02	   4.2816081e-02	
   2.9452668e-02	   3.1368590e-02	   3.4866054e-02	   4.4025569e-02	
   2.8805944e-02	   3.0777074e-02	   3.4299280e-02	   4.3716375e-02	
   2.8765324e-02	   3.0706446e-02	   3.4181162e-02	   4.3517003e-02	
   2.8165061e-02	   3.0108690e-02	   3.3610650e-02	   4.3110832e-02	
   2.9044026e-02	   3.0977372e-02	   3.4458148e-02	   4.3758158e-02	
   2.7872040e-02	   2.9759256e-02	   3.3365310e-02	   4.2928534e-02	
   2.8740290e-02	   3.0729370e-02	   3.4162079e-02	   4.3510813e-02	
   2.7374280e-02	   2.9318587e-02	   3.2900910e-02	   4.2526747e-02	
   2.8688021e-02	   3.0675642e-02	   3.4190187e-02	   4.3550997e-02	
   2.8213192e-02	   3.0105695e-02	   3.3714257e-02	   4.3295347e-02	
   2.8329479e-02	   3.0325067e-02	   3.3831977e-02	   4.3201207e-02	
   2.8080549e-02	   3.0044764e-02	   3.3555786e-02	   4.3184236e-02	
   2.8310588e-02	   3.0243707e-02	   3.3841479e-02	   4.3247529e-02	
   2.8062192e-02	   3.0010752e-02	   3.3588744e-02	   4.3209563e-02	
   2.8305614e-02	   3.0258111e-02	   3.3798144e-02	   4.3337956e-02	
   2.7786193e-02	   2.9727953e-02	   3.3334181e-02	   4.2985173e-02	
   2.8166463e-02	   3.0113289e-02	   3.3610571e-02	   4.3120994e-02	
   2.7842734e-02	   2.9835161e-02	   3.3419777e-02	   4.3016485e-02	
   2.8060823e-02	   2.9981837e-02	   3.3548788e-02	   4.3075497e-02	
   2.7721774e-02	   2.9666309e-02	   3.3264447e-02	   4.2934363e-02	
   2.7932320e-02	   2.9940515e-02	   3.3488040e-02	   4.3027575e-02	
   2.7711460e-02	   2.9667807e-02	   3.3255144e-02	   4.2970472e-02	
   2.7667736e-02	   2.9647128e-02	   3.3204096e-02	   4.2807982e-02	
   2.7320375e-02	   2.9261863e-02	   3.2917489e-02	   4.2630173e-02	
   2.7701948e-02	   2.9606234e-02	   3.3200995e-02	   4.2788999e-02	
   2.7484326e-02	   2.9392852e-02	   3.3060772e-02	   4.2716008e-02	
   2.7365468e-02	   2.9283077e-02	   3.2862863e-02	   4.2543667e-02	
   2.7508925e-02	   2.9441839e-02	   3.3096156e-02	   4.2804887e-02	
   2.7583724e-02	   2.9485799e-02	   3.3140525e-02	   4.2739685e-02	
   2.7367938e-02	   2.9266534e-02	   3.2975653e-02	   4.2618979e-02	
   2.7419106e-02	   2.9405794e-02	   3.2969848e-02	   4.2681396e-02	
   2.7386463e-02	   2.9270456e-02	   3.2982849e-02	   4.2632649e-02	
   2.7392805e-02	   2.9333347e-02	   3.2931284e-02	   4.2648846e-02	
   2.7283760e-02	   2.9265714e-02	   3.2896139e-02	   4.2560741e-02	
   2.7257258e-02	   2.9155582e-02	   3.2815631e-02	   4.2449990e-02	
   2.7083127e-02	   2.9008835e-02	   3.2658751e-02	   4.2391597e-02	
   2.7067173e-02	   2.9009513e-02	   3.2637759e-02	   4.2290390e-02	
   2.7256524e-02	   2.9183534e-02	   3.2832369e-02	   4.2637085e-02	
   2.6821414e-02	   2.8736804e-02	   3.2375403e-02	   4.2098704e-02	
   2.7199215e-02	   2.9138505e-02	   3.2789869e-02	   4.2531235e-02	
   2.7173914e-02	   2.9121249e-02	   3.2758699e-02	   4.2416409e-02	
   2.7111999e-02	   2.9046449e-02	   3.2737111e-02	   4.2481456e-02	
   2.7217038e-02	   2.9112834e-02	   3.2758461e-02	   4.2477536e-02	
   2.6939504e-02	   2.8897491e-02	   3.2589534e-02	   4.2300552e-02	
