   1.0000000e+00  -4.7220607e-01   1.4679158e-06  -1.4678659e-06   1.2097765e-08
   1.2589254e+00  -5.0893811e-01   9.6296145e-07  -9.6292346e-07   8.5535328e-09
   1.5848932e+00  -5.5413719e-01   6.2518256e-07  -6.2515332e-07   6.0463704e-09
   1.9952623e+00  -6.0879151e-01   4.0216868e-07  -4.0214598e-07   4.2731293e-09
   2.5118864e+00  -6.7388973e-01   2.5670576e-07  -2.5668801e-07   3.0191995e-09
   3.1622777e+00  -7.5015930e-01   1.6289405e-07  -1.6288009e-07   2.1326700e-09
   3.9810717e+00  -8.3810292e-01   1.0296089e-07  -1.0294988e-07   1.5060227e-09
   5.0118723e+00  -9.3817452e-01   6.4932387e-08  -6.4923683e-08   1.0631706e-09
   6.3095734e+00  -1.0510181e+00   4.0903425e-08  -4.0896543e-08   7.5027912e-10
   7.9432823e+00  -1.1776328e+00   2.5752337e-08  -2.5746898e-08   5.2926518e-10
   1.0000000e+01  -1.3193926e+00   1.6207676e-08  -1.6203379e-08   3.7319324e-10
   1.2589254e+01  -1.4779736e+00   1.0197296e-08  -1.0193903e-08   2.6301522e-10
   1.5848932e+01  -1.6552876e+00   6.4135420e-09  -6.4108657e-09   1.8526286e-10
   1.9952623e+01  -1.8534604e+00   4.0321969e-09  -4.0300873e-09   1.3041473e-10
   2.5118864e+01  -2.0748385e+00   2.5339370e-09  -2.5322757e-09   9.1740808e-11
   3.1622777e+01  -2.3220048e+00   1.5916117e-09  -1.5903048e-09   6.4485002e-11
