  2.8527360e+002	  2.8494047e+002	 -3.3313000e-001	
  2.8527230e+002	  2.8501791e+002	 -2.5439000e-001	
  2.8527160e+002	  2.8483246e+002	 -4.3914000e-001	
  2.8527050e+002	  2.8499890e+002	 -2.7160000e-001	
  2.8527010e+002	  2.8478978e+002	 -4.8032000e-001	
  2.8526940e+002	  2.8515824e+002	 -1.1116000e-001	
  2.8526880e+002	  2.8580056e+002	  5.3176000e-001	
  2.8526830e+002	  2.8509652e+002	 -1.7178000e-001	
  2.8526780e+002	  2.8525436e+002	 -1.3440000e-002	
  2.8526740e+002	  2.8495392e+002	 -3.1348000e-001	
  2.8526680e+002	  2.8505833e+002	 -2.0847000e-001	
  2.8526660e+002	  2.8506097e+002	 -2.0563000e-001	
  2.8526610e+002	  2.8553011e+002	  2.6401000e-001	
  2.8526580e+002	  2.8496757e+002	 -2.9823000e-001	
  2.8526510e+002	  2.8495267e+002	 -3.1243000e-001	
  2.8526490e+002	  2.8503669e+002	 -2.2821000e-001	
  2.8526440e+002	  2.8495777e+002	 -3.0663000e-001	
  2.8526410e+002	  2.8511020e+002	 -1.5390000e-001	
  2.8526370e+002	  2.8522744e+002	 -3.6260000e-002	
  2.8526330e+002	  2.8541768e+002	  1.5438000e-001	
  2.8526310e+002	  2.8505286e+002	 -2.1024000e-001	
  2.8526250e+002	  2.8525582e+002	 -6.6800000e-003	
  2.8526250e+002	  2.8527428e+002	  1.1780000e-002	
  2.8526200e+002	  2.8494927e+002	 -3.1273000e-001	
  2.8526170e+002	  2.8509970e+002	 -1.6200000e-001	
  2.8526130e+002	  2.8518584e+002	 -7.5460000e-002	
  2.8526100e+002	  2.8506560e+002	 -1.9540000e-001	
  2.8526060e+002	  2.8514711e+002	 -1.1349000e-001	
  2.8526040e+002	  2.8512677e+002	 -1.3363000e-001	
  2.8525990e+002	  2.8505891e+002	 -2.0099000e-001	
  2.8525960e+002	  2.8524828e+002	 -1.1320000e-002	
  2.8525940e+002	  2.8496955e+002	 -2.8985000e-001	
  2.8525880e+002	  2.8483083e+002	 -4.2797000e-001	
  2.8525880e+002	  2.8511549e+002	 -1.4331000e-001	
  2.8525830e+002	  2.8554271e+002	  2.8441000e-001	
  2.8525800e+002	  2.8569464e+002	  4.3664000e-001	
  2.8525750e+002	  2.8514207e+002	 -1.1543000e-001	
  2.8525730e+002	  2.8507480e+002	 -1.8250000e-001	
  2.8525680e+002	  2.8494428e+002	 -3.1252000e-001	
  2.8525680e+002	  2.8518719e+002	 -6.9610000e-002	
  2.8525620e+002	  2.8497217e+002	 -2.8403000e-001	
  2.8525610e+002	  2.8529739e+002	  4.1290000e-002	
  2.8525560e+002	  2.8468814e+002	 -5.6746000e-001	
  2.8525520e+002	  2.8488239e+002	 -3.7281000e-001	
  2.8525510e+002	  2.8486982e+002	 -3.8528000e-001	
  2.8525460e+002	  2.8498498e+002	 -2.6962000e-001	
  2.8525440e+002	  2.8545319e+002	  1.9879000e-001	
  2.8525390e+002	  2.8526450e+002	  1.0600000e-002	
  2.8525380e+002	  2.8524855e+002	 -5.2500000e-003	
  2.8525330e+002	  2.8526898e+002	  1.5680000e-002	
  2.8525320e+002	  2.8451518e+002	 -7.3802000e-001	
  2.8525270e+002	  2.8464028e+002	 -6.1242000e-001	
  2.8525250e+002	  2.8489028e+002	 -3.6222000e-001	
  2.8525210e+002	  2.8586267e+002	  6.1057000e-001	
  2.8525180e+002	  2.8489324e+002	 -3.5856000e-001	
  2.8525140e+002	  2.8463870e+002	 -6.1270000e-001	
  2.8525100e+002	  2.8491090e+002	 -3.4010000e-001	
  2.8525090e+002	  2.8517522e+002	 -7.5680000e-002	
  2.8525050e+002	  2.8538467e+002	  1.3417000e-001	
  2.8525020e+002	  2.8517742e+002	 -7.2780000e-002	
  2.8524980e+002	  2.8432195e+002	 -9.2785000e-001	
  2.8524980e+002	  2.8502843e+002	 -2.2137000e-001	
  2.8524910e+002	  2.8492457e+002	 -3.2453000e-001	
  2.8524920e+002	  2.8503439e+002	 -2.1481000e-001	
  2.8524850e+002	  2.8599802e+002	  7.4952000e-001	
  2.8524850e+002	  2.8536721e+002	  1.1871000e-001	
  2.8524800e+002	  2.8502136e+002	 -2.2664000e-001	
  2.8524800e+002	  2.8506769e+002	 -1.8031000e-001	
  2.8524760e+002	  2.8552741e+002	  2.7981000e-001	
  2.8524730e+002	  2.8511586e+002	 -1.3144000e-001	
  2.8524700e+002	  2.8462344e+002	 -6.2356000e-001	
  2.8524660e+002	  2.8538391e+002	  1.3731000e-001	
  2.8524640e+002	  2.8516250e+002	 -8.3900000e-002	
  2.8524610e+002	  2.8526656e+002	  2.0460000e-002	
  2.8524590e+002	  2.8446405e+002	 -7.8185000e-001	
  2.8524560e+002	  2.8553347e+002	  2.8787000e-001	
  2.8524530e+002	  2.8547778e+002	  2.3248000e-001	
  2.8524500e+002	  2.8521980e+002	 -2.5200000e-002	
  2.8524490e+002	  2.8532911e+002	  8.4210000e-002	
  2.8524460e+002	  2.8504664e+002	 -1.9796000e-001	
  2.8524400e+002	  2.8511269e+002	 -1.3131000e-001	
  2.8524400e+002	  2.8543629e+002	  1.9229000e-001	
  2.8524350e+002	  2.8558869e+002	  3.4519000e-001	
  2.8524360e+002	  2.8528729e+002	  4.3690000e-002	
  2.8524300e+002	  2.8549474e+002	  2.5174000e-001	
  2.8524290e+002	  2.8500633e+002	 -2.3657000e-001	
  2.8524240e+002	  2.8569592e+002	  4.5352000e-001	
  2.8524250e+002	  2.8517965e+002	 -6.2850000e-002	
  2.8524200e+002	  2.8538518e+002	  1.4318000e-001	
  2.8524190e+002	  2.8510584e+002	 -1.3606000e-001	
  2.8524150e+002	  2.8523207e+002	 -9.4300000e-003	
  2.8524120e+002	  2.8528596e+002	  4.4760000e-002	
  2.8524100e+002	  2.8492487e+002	 -3.1613000e-001	
  2.8524070e+002	  2.8521733e+002	 -2.3370000e-002	
  2.8524050e+002	  2.8510026e+002	 -1.4024000e-001	
  2.8524020e+002	  2.8553955e+002	  2.9935000e-001	
  2.8523990e+002	  2.8536550e+002	  1.2560000e-001	
  2.8523960e+002	  2.8554075e+002	  3.0115000e-001	
  2.8523950e+002	  2.8503392e+002	 -2.0558000e-001	
  2.8523920e+002	  2.8494509e+002	 -2.9411000e-001	
  2.8523900e+002	  2.8504367e+002	 -1.9533000e-001	
  2.8523850e+002	  2.8485966e+002	 -3.7884000e-001	
  2.8523850e+002	  2.8531181e+002	  7.3310000e-002	
  2.8523800e+002	  2.8537625e+002	  1.3825000e-001	
  2.8523770e+002	  2.8549239e+002	  2.5469000e-001	
  2.8523770e+002	  2.8687091e+002	  1.6332100e+000	
  2.8523700e+002	  2.8537671e+002	  1.3971000e-001	
  2.8523700e+002	  2.8564431e+002	  4.0731000e-001	
  2.8523670e+002	  2.8639919e+002	  1.1624900e+000	
  2.8523670e+002	  2.8601987e+002	  7.8317000e-001	
  2.8523620e+002	  2.8543683e+002	  2.0063000e-001	
  2.8523610e+002	  2.8526830e+002	  3.2200000e-002	
  2.8523570e+002	  2.8512173e+002	 -1.1397000e-001	
  2.8523560e+002	  2.8568812e+002	  4.5252000e-001	
  2.8523530e+002	  2.8768154e+002	  2.4462400e+000	
  2.8523510e+002	  2.8509570e+002	 -1.3940000e-001	
  2.8523480e+002	  2.8382604e+002	 -1.4087600e+000	
  2.8523450e+002	  2.8579776e+002	  5.6326000e-001	
  2.8523440e+002	  2.8495120e+002	 -2.8320000e-001	
  2.8523390e+002	  2.8478341e+002	 -4.5049000e-001	
  2.8523370e+002	  2.8509599e+002	 -1.3771000e-001	
  2.8523330e+002	  2.8461671e+002	 -6.1659000e-001	
  2.8523330e+002	  2.8527038e+002	  3.7080000e-002	
  2.8523270e+002	  2.8547376e+002	  2.4106000e-001	
  2.8523270e+002	  2.8554412e+002	  3.1142000e-001	
  2.8523240e+002	  2.8502241e+002	 -2.0999000e-001	
  2.8523220e+002	  2.8524754e+002	  1.5340000e-002	
  2.8523190e+002	  2.8549991e+002	  2.6801000e-001	
  2.8523170e+002	  2.8540655e+002	  1.7485000e-001	
  2.8523160e+002	  2.8566481e+002	  4.3321000e-001	
  2.8523120e+002	  2.8541404e+002	  1.8284000e-001	
  2.8523100e+002	  2.8538626e+002	  1.5526000e-001	
  2.8523060e+002	  2.8565489e+002	  4.2429000e-001	
  2.8523050e+002	  2.8569315e+002	  4.6265000e-001	
  2.8523000e+002	  2.8526039e+002	  3.0390000e-002	
  2.8523000e+002	  2.8536642e+002	  1.3642000e-001	
  2.8522960e+002	  2.8553285e+002	  3.0325000e-001	
  2.8522940e+002	  2.8550043e+002	  2.7103000e-001	
  2.8522900e+002	  2.8546969e+002	  2.4069000e-001	
  2.8522910e+002	  2.8535247e+002	  1.2337000e-001	
  2.8522870e+002	  2.8537148e+002	  1.4278000e-001	
  2.8522840e+002	  2.8510431e+002	 -1.2409000e-001	
  2.8522830e+002	  2.8526816e+002	  3.9860000e-002	
  2.8522780e+002	  2.8493375e+002	 -2.9405000e-001	
  2.8522780e+002	  2.8518307e+002	 -4.4730000e-002	
  2.8522740e+002	  2.8526166e+002	  3.4260000e-002	
  2.8522730e+002	  2.8505250e+002	 -1.7480000e-001	
  2.8522680e+002	  2.8518803e+002	 -3.8770000e-002	
  2.8522680e+002	  2.8527339e+002	  4.6590000e-002	
  2.8522650e+002	  2.8570464e+002	  4.7814000e-001	
  2.8522630e+002	  2.8510871e+002	 -1.1759000e-001	
  2.8522600e+002	  2.8432367e+002	 -9.0233000e-001	
  2.8522580e+002	  2.8402959e+002	 -1.1962100e+000	
  2.8522550e+002	  2.8537340e+002	  1.4790000e-001	
  2.8522530e+002	  2.8533215e+002	  1.0685000e-001	
  2.8522510e+002	  2.8543544e+002	  2.1034000e-001	
  2.8522470e+002	  2.8558388e+002	  3.5918000e-001	
  2.8522470e+002	  2.8512936e+002	 -9.5340000e-002	
  2.8522420e+002	  2.8480003e+002	 -4.2417000e-001	
  2.8522410e+002	  2.8499464e+002	 -2.2946000e-001	
  2.8522360e+002	  2.8542261e+002	  1.9901000e-001	
  2.8522350e+002	  2.8513120e+002	 -9.2300000e-002	
  2.8522310e+002	  2.8508173e+002	 -1.4137000e-001	
  2.8522300e+002	  2.8571208e+002	  4.8908000e-001	
  2.8522280e+002	  2.8584875e+002	  6.2595000e-001	
  2.8522250e+002	  2.8547133e+002	  2.4883000e-001	
  2.8522220e+002	  2.8549279e+002	  2.7059000e-001	
  2.8522190e+002	  2.8514908e+002	 -7.2820000e-002	
  2.8522180e+002	  2.8518601e+002	 -3.5790000e-002	
  2.8522130e+002	  2.8525097e+002	  2.9670000e-002	
  2.8522130e+002	  2.8511466e+002	 -1.0664000e-001	
  2.8522080e+002	  2.8528367e+002	  6.2870000e-002	
  2.8522070e+002	  2.8530724e+002	  8.6540000e-002	
  2.8522030e+002	  2.8522633e+002	  6.0300000e-003	
  2.8522020e+002	  2.8522714e+002	  6.9400000e-003	
  2.8521990e+002	  2.8552700e+002	  3.0710000e-001	
  2.8521980e+002	  2.8545335e+002	  2.3355000e-001	
  2.8521960e+002	  2.8550964e+002	  2.9004000e-001	
  2.8521910e+002	  2.8575879e+002	  5.3969000e-001	
  2.8521900e+002	  2.8543253e+002	  2.1353000e-001	
  2.8521870e+002	  2.8549682e+002	  2.7812000e-001	
  2.8521860e+002	  2.8509508e+002	 -1.2352000e-001	
  2.8521830e+002	  2.8724758e+002	  2.0292800e+000	
  2.8521810e+002	  2.8506884e+002	 -1.4926000e-001	
  2.8521780e+002	  2.8519573e+002	 -2.2070000e-002	
  2.8521770e+002	  2.8544707e+002	  2.2937000e-001	
  2.8521730e+002	  2.8508680e+002	 -1.3050000e-001	
  2.8521710e+002	  2.8489025e+002	 -3.2685000e-001	
  2.8521680e+002	  2.8584173e+002	  6.2493000e-001	
  2.8521670e+002	  2.8545240e+002	  2.3570000e-001	
  2.8521650e+002	  2.8547712e+002	  2.6062000e-001	
  2.8521590e+002	  2.8540160e+002	  1.8570000e-001	
  2.8521590e+002	  2.8559989e+002	  3.8399000e-001	
  2.8521540e+002	  2.8592830e+002	  7.1290000e-001	
  2.8521530e+002	  2.8572630e+002	  5.1100000e-001	
  2.8521510e+002	  2.8579495e+002	  5.7985000e-001	
  2.8521490e+002	  2.8550148e+002	  2.8658000e-001	
  2.8521440e+002	  2.8648868e+002	  1.2742800e+000	
  2.8521440e+002	  2.8533197e+002	  1.1757000e-001	
  2.8521410e+002	  2.8500503e+002	 -2.0907000e-001	
  2.8521400e+002	  2.8530178e+002	  8.7780000e-002	
  2.8521340e+002	  2.8507275e+002	 -1.4065000e-001	
  2.8521340e+002	  2.8525764e+002	  4.4240000e-002	
  2.8521310e+002	  2.8595237e+002	  7.3927000e-001	
  2.8521280e+002	  2.8516020e+002	 -5.2600000e-002	
  2.8521270e+002	  2.8524061e+002	  2.7910000e-002	
  2.8521230e+002	  2.8526939e+002	  5.7090000e-002	
  2.8521220e+002	  2.8524505e+002	  3.2850000e-002	
  2.8521170e+002	  2.8536619e+002	  1.5449000e-001	
  2.8521180e+002	  2.8530470e+002	  9.2900000e-002	
  2.8521130e+002	  2.8523455e+002	  2.3250000e-002	
  2.8521110e+002	  2.8538211e+002	  1.7101000e-001	
  2.9382480e+002	  2.9365310e+002	 -1.7170000e-001	
  2.9382380e+002	  2.9398201e+002	  1.5821000e-001	
  2.9382330e+002	  2.9387449e+002	  5.1190000e-002	
  2.9382280e+002	  2.9350676e+002	 -3.1604000e-001	
  2.9382260e+002	  2.9324389e+002	 -5.7871000e-001	
  2.9382240e+002	  2.9391919e+002	  9.6790000e-002	
  2.9382210e+002	  2.9364429e+002	 -1.7781000e-001	
  2.9382200e+002	  2.9335802e+002	 -4.6398000e-001	
  2.9382170e+002	  2.9356204e+002	 -2.5966000e-001	
  2.9382160e+002	  2.9414924e+002	  3.2764000e-001	
  2.9382160e+002	  2.9376873e+002	 -5.2870000e-002	
  2.9382130e+002	  2.9411695e+002	  2.9565000e-001	
  2.9382130e+002	  2.9373312e+002	 -8.8180000e-002	
  2.9382120e+002	  2.9370628e+002	 -1.1492000e-001	
  2.9382120e+002	  2.9402566e+002	  2.0446000e-001	
  2.9382100e+002	  2.9349988e+002	 -3.2112000e-001	
  2.9382090e+002	  2.9362658e+002	 -1.9432000e-001	
  2.9382090e+002	  2.9350037e+002	 -3.2053000e-001	
  2.9382100e+002	  2.9362750e+002	 -1.9350000e-001	
  2.9382090e+002	  2.9380361e+002	 -1.7290000e-002	
  2.9382100e+002	  2.9367831e+002	 -1.4269000e-001	
  2.9382090e+002	  2.9282177e+002	 -9.9913000e-001	
  2.9382080e+002	  2.9477618e+002	  9.5538000e-001	
  2.9382100e+002	  2.9390203e+002	  8.1030000e-002	
  2.9382080e+002	  2.9403566e+002	  2.1486000e-001	
  2.9382100e+002	  2.9356332e+002	 -2.5768000e-001	
  2.9382120e+002	  2.9382679e+002	  5.5900000e-003	
  2.9382110e+002	  2.9377001e+002	 -5.1090000e-002	
  2.9382120e+002	  2.9349954e+002	 -3.2166000e-001	
  2.9382140e+002	  2.9361675e+002	 -2.0465000e-001	
  2.9382120e+002	  2.9394336e+002	  1.2216000e-001	
  2.9382140e+002	  2.9399199e+002	  1.7059000e-001	
  2.9382140e+002	  2.9407511e+002	  2.5371000e-001	
  2.9382130e+002	  2.9381061e+002	 -1.0690000e-002	
  2.9382160e+002	  2.9354660e+002	 -2.7500000e-001	
  2.9382150e+002	  2.9380776e+002	 -1.3740000e-002	
  2.9382150e+002	  2.9364561e+002	 -1.7589000e-001	
  2.9382150e+002	  2.9345511e+002	 -3.6639000e-001	
  2.9382150e+002	  2.9398195e+002	  1.6045000e-001	
  2.9382160e+002	  2.9286567e+002	 -9.5593000e-001	
  2.9382160e+002	  2.9391895e+002	  9.7350000e-002	
  2.9382170e+002	  2.9422574e+002	  4.0404000e-001	
  2.9382170e+002	  2.9370743e+002	 -1.1427000e-001	
  2.9382170e+002	  2.9383410e+002	  1.2400000e-002	
  2.9382190e+002	  2.9357201e+002	 -2.4989000e-001	
  2.9382200e+002	  2.9424386e+002	  4.2186000e-001	
  2.9382190e+002	  2.9448662e+002	  6.6472000e-001	
  2.9382200e+002	  2.9302427e+002	 -7.9773000e-001	
  2.9382210e+002	  2.9511995e+002	  1.2978500e+000	
  2.9382230e+002	  2.9371131e+002	 -1.1099000e-001	
  2.9382240e+002	  2.9353699e+002	 -2.8541000e-001	
  2.9382250e+002	  2.9406434e+002	  2.4184000e-001	
  2.9382260e+002	  2.9395031e+002	  1.2771000e-001	
  2.9382260e+002	  2.9287328e+002	 -9.4932000e-001	
  2.9382280e+002	  2.9424623e+002	  4.2343000e-001	
  2.9382290e+002	  2.9387195e+002	  4.9050000e-002	
  2.9382290e+002	  2.9401546e+002	  1.9256000e-001	
  2.9382300e+002	  2.9347571e+002	 -3.4729000e-001	
  2.9382300e+002	  2.9398350e+002	  1.6050000e-001	
  2.9382320e+002	  2.9415785e+002	  3.3465000e-001	
  2.9382320e+002	  2.9466337e+002	  8.4017000e-001	
  2.9382320e+002	  2.9400006e+002	  1.7686000e-001	
  2.9382320e+002	  2.9563613e+002	  1.8129300e+000	
  2.9382330e+002	  2.9390998e+002	  8.6680000e-002	
  2.9382340e+002	  2.9423019e+002	  4.0679000e-001	
  2.9382360e+002	  2.9351190e+002	 -3.1170000e-001	
  2.9382350e+002	  2.9331237e+002	 -5.1113000e-001	
  2.9382370e+002	  2.9382419e+002	  4.9000000e-004	
  2.9382380e+002	  2.9336830e+002	 -4.5550000e-001	
  2.9382380e+002	  2.9368367e+002	 -1.4013000e-001	
  2.9382380e+002	  2.9395141e+002	  1.2761000e-001	
  2.9382410e+002	  2.9345213e+002	 -3.7197000e-001	
  2.9382420e+002	  2.9341800e+002	 -4.0620000e-001	
  2.9382430e+002	  2.9423301e+002	  4.0871000e-001	
  2.9382430e+002	  2.9325708e+002	 -5.6722000e-001	
  2.9382440e+002	  2.9388545e+002	  6.1050000e-002	
  2.9382460e+002	  2.9325660e+002	 -5.6800000e-001	
  2.9382450e+002	  2.9388847e+002	  6.3970000e-002	
  2.9382460e+002	  2.9357432e+002	 -2.5028000e-001	
  2.9382490e+002	  2.9356682e+002	 -2.5808000e-001	
  2.9382490e+002	  2.9362511e+002	 -1.9979000e-001	
  2.9382500e+002	  2.9351874e+002	 -3.0626000e-001	
  2.9382470e+002	  2.9336632e+002	 -4.5838000e-001	
  2.9382490e+002	  2.9306706e+002	 -7.5784000e-001	
  2.9382500e+002	  2.9364723e+002	 -1.7777000e-001	
  2.9382500e+002	  2.9355550e+002	 -2.6950000e-001	
  2.9382520e+002	  2.9356055e+002	 -2.6465000e-001	
  2.9382510e+002	  2.9402315e+002	  1.9805000e-001	
  2.9382530e+002	  2.9331007e+002	 -5.1523000e-001	
  2.9382540e+002	  2.9412817e+002	  3.0277000e-001	
  2.9382550e+002	  2.9364293e+002	 -1.8257000e-001	
  2.9382550e+002	  2.9368354e+002	 -1.4196000e-001	
  2.9382550e+002	  2.9398211e+002	  1.5661000e-001	
  2.9382570e+002	  2.9389050e+002	  6.4800000e-002	
  2.9382590e+002	  2.9353012e+002	 -2.9578000e-001	
  2.9382590e+002	  2.9348813e+002	 -3.3777000e-001	
  2.9382610e+002	  2.9414419e+002	  3.1809000e-001	
  2.9382600e+002	  2.9403761e+002	  2.1161000e-001	
  2.9382620e+002	  2.9359952e+002	 -2.2668000e-001	
  2.9382630e+002	  2.9396795e+002	  1.4165000e-001	
  2.9382650e+002	  2.9394256e+002	  1.1606000e-001	
  2.9382650e+002	  2.9392035e+002	  9.3850000e-002	
  2.9382650e+002	  2.9379895e+002	 -2.7550000e-002	
  2.9382660e+002	  2.9397814e+002	  1.5154000e-001	
  2.9382670e+002	  2.9405063e+002	  2.2393000e-001	
  2.9382660e+002	  2.9323147e+002	 -5.9513000e-001	
  2.9382680e+002	  2.9363684e+002	 -1.8996000e-001	
  2.9382680e+002	  2.9393023e+002	  1.0343000e-001	
  2.9382690e+002	  2.9333650e+002	 -4.9040000e-001	
  2.9382710e+002	  2.9392928e+002	  1.0218000e-001	
  2.9382720e+002	  2.9262054e+002	 -1.2066600e+000	
  2.9382730e+002	  2.9461852e+002	  7.9122000e-001	
  2.9382730e+002	  2.9446480e+002	  6.3750000e-001	
  2.9382730e+002	  2.9495377e+002	  1.1264700e+000	
  2.9382750e+002	  2.9270234e+002	 -1.1251600e+000	
  2.9382760e+002	  2.9385058e+002	  2.2980000e-002	
  2.9382780e+002	  2.9347129e+002	 -3.5651000e-001	
  2.9382790e+002	  2.9347662e+002	 -3.5128000e-001	
  2.9382800e+002	  2.9413697e+002	  3.0897000e-001	
  2.9382820e+002	  2.9360163e+002	 -2.2657000e-001	
  2.9382820e+002	  2.9334936e+002	 -4.7884000e-001	
  2.9382830e+002	  2.9383933e+002	  1.1030000e-002	
  2.9382870e+002	  2.9362906e+002	 -1.9964000e-001	
  2.9382870e+002	  2.9433650e+002	  5.0780000e-001	
  2.9382870e+002	  2.9352827e+002	 -3.0043000e-001	
  2.9382880e+002	  2.9415721e+002	  3.2841000e-001	
  2.9382890e+002	  2.9404306e+002	  2.1416000e-001	
  2.9382890e+002	  2.9370875e+002	 -1.2015000e-001	
  2.9382910e+002	  2.9382066e+002	 -8.4400000e-003	
  2.9382920e+002	  2.9407377e+002	  2.4457000e-001	
  2.9382920e+002	  2.9367331e+002	 -1.5589000e-001	
  2.9382920e+002	  2.9435280e+002	  5.2360000e-001	
  2.9382940e+002	  2.9423037e+002	  4.0097000e-001	
  2.9382940e+002	  2.9344315e+002	 -3.8625000e-001	
  2.9382960e+002	  2.9316485e+002	 -6.6475000e-001	
  2.9382970e+002	  2.9339609e+002	 -4.3361000e-001	
  2.9382990e+002	  2.9460339e+002	  7.7349000e-001	
  2.9383000e+002	  2.9361275e+002	 -2.1725000e-001	
  2.9383040e+002	  2.9375637e+002	 -7.4030000e-002	
  2.9383050e+002	  2.9416362e+002	  3.3312000e-001	
  2.9383060e+002	  2.9382587e+002	 -4.7300000e-003	
  2.9383070e+002	  2.9387220e+002	  4.1500000e-002	
  2.9383080e+002	  2.9308879e+002	 -7.4201000e-001	
  2.9383110e+002	  2.9345397e+002	 -3.7713000e-001	
  2.9383110e+002	  2.9304411e+002	 -7.8699000e-001	
  2.9383110e+002	  2.9380263e+002	 -2.8470000e-002	
  2.9383140e+002	  2.9384495e+002	  1.3550000e-002	
  2.9383160e+002	  2.9404531e+002	  2.1371000e-001	
  2.9383160e+002	  2.9376830e+002	 -6.3300000e-002	
  2.9383180e+002	  2.9460892e+002	  7.7712000e-001	
  2.9383170e+002	  2.9362879e+002	 -2.0291000e-001	
  2.9383180e+002	  2.9394436e+002	  1.1256000e-001	
  2.9383200e+002	  2.9358832e+002	 -2.4368000e-001	
  2.9383210e+002	  2.9392100e+002	  8.8900000e-002	
  2.9383230e+002	  2.9366610e+002	 -1.6620000e-001	
  2.9383250e+002	  2.9369764e+002	 -1.3486000e-001	
  2.9383250e+002	  2.9345626e+002	 -3.7624000e-001	
  2.9383270e+002	  2.9410660e+002	  2.7390000e-001	
  2.9383270e+002	  2.9356129e+002	 -2.7141000e-001	
  2.9383280e+002	  2.9362493e+002	 -2.0787000e-001	
  2.9383310e+002	  2.9395565e+002	  1.2255000e-001	
  2.9383330e+002	  2.9413186e+002	  2.9856000e-001	
  2.9383350e+002	  2.9383848e+002	  4.9800000e-003	
  2.9383350e+002	  2.9400634e+002	  1.7284000e-001	
  2.9383380e+002	  2.9357625e+002	 -2.5755000e-001	
  2.9383380e+002	  2.9401992e+002	  1.8612000e-001	
  2.9383410e+002	  2.9382158e+002	 -1.2520000e-002	
  2.9383400e+002	  2.9360165e+002	 -2.3235000e-001	
  2.9383420e+002	  2.9369525e+002	 -1.3895000e-001	
  2.9383440e+002	  2.9395905e+002	  1.2465000e-001	
  2.9383450e+002	  2.9371972e+002	 -1.1478000e-001	
  2.9383470e+002	  2.9383531e+002	  6.1000000e-004	
  2.9383470e+002	  2.9405362e+002	  2.1892000e-001	
  2.9383480e+002	  2.9380318e+002	 -3.1620000e-002	
  2.9383490e+002	  2.9334982e+002	 -4.8508000e-001	
  2.9383490e+002	  2.9379690e+002	 -3.8000000e-002	
  2.9383520e+002	  2.9405940e+002	  2.2420000e-001	
  2.9383540e+002	  2.9309520e+002	 -7.4020000e-001	
  2.9383550e+002	  2.9371234e+002	 -1.2316000e-001	
  2.9383570e+002	  2.9400747e+002	  1.7177000e-001	
  2.9383580e+002	  2.9384811e+002	  1.2310000e-002	
  2.9383590e+002	  2.9390704e+002	  7.1140000e-002	
  2.9383620e+002	  2.9401548e+002	  1.7928000e-001	
  2.9383620e+002	  2.9419167e+002	  3.5547000e-001	
  2.9383650e+002	  2.9392500e+002	  8.8500000e-002	
  2.9383660e+002	  2.9381993e+002	 -1.6670000e-002	
  2.9383670e+002	  2.9375405e+002	 -8.2650000e-002	
  2.9383690e+002	  2.9382356e+002	 -1.3340000e-002	
  2.9383710e+002	  2.9378634e+002	 -5.0760000e-002	
  2.9383710e+002	  2.9385379e+002	  1.6690000e-002	
  2.9383730e+002	  2.9375548e+002	 -8.1820000e-002	
  2.9383760e+002	  2.9407633e+002	  2.3873000e-001	
  2.9383760e+002	  2.9410945e+002	  2.7185000e-001	
  2.9383770e+002	  2.9367190e+002	 -1.6580000e-001	
  2.9383770e+002	  2.9405292e+002	  2.1522000e-001	
  2.9383770e+002	  2.9401682e+002	  1.7912000e-001	
  2.9383780e+002	  2.9414541e+002	  3.0761000e-001	
  2.9383780e+002	  2.9384314e+002	  5.3400000e-003	
  2.9383810e+002	  2.9339512e+002	 -4.4298000e-001	
  2.9383830e+002	  2.9377240e+002	 -6.5900000e-002	
  2.9383830e+002	  2.9386206e+002	  2.3760000e-002	
  2.9383850e+002	  2.9361799e+002	 -2.2051000e-001	
  2.9383860e+002	  2.9348072e+002	 -3.5788000e-001	
  2.9383870e+002	  2.9378909e+002	 -4.9610000e-002	
  2.9383880e+002	  2.9338816e+002	 -4.5064000e-001	
  2.9383910e+002	  2.9418107e+002	  3.4197000e-001	
  2.9383920e+002	  2.9376792e+002	 -7.1280000e-002	
  2.9383940e+002	  2.9361877e+002	 -2.2063000e-001	
  2.9383940e+002	  2.9369102e+002	 -1.4838000e-001	
  2.9383950e+002	  2.9352343e+002	 -3.1607000e-001	
  2.9383980e+002	  2.9386006e+002	  2.0260000e-002	
  2.9383980e+002	  2.9405819e+002	  2.1839000e-001	
  3.0261970e+002	  3.0268772e+002	  6.8020000e-002	
  3.0261880e+002	  3.0233558e+002	 -2.8322000e-001	
  3.0261810e+002	  3.0247895e+002	 -1.3915000e-001	
  3.0261780e+002	  3.0265431e+002	  3.6510000e-002	
  3.0261740e+002	  3.0254187e+002	 -7.5530000e-002	
  3.0261710e+002	  3.0260520e+002	 -1.1900000e-002	
  3.0261710e+002	  3.0249921e+002	 -1.1789000e-001	
  3.0261660e+002	  3.0259293e+002	 -2.3670000e-002	
  3.0261660e+002	  3.0233363e+002	 -2.8297000e-001	
  3.0261640e+002	  3.0244013e+002	 -1.7627000e-001	
  3.0261630e+002	  3.0246857e+002	 -1.4773000e-001	
  3.0261620e+002	  3.0271610e+002	  9.9900000e-002	
  3.0261610e+002	  3.0274490e+002	  1.2880000e-001	
  3.0261610e+002	  3.0287838e+002	  2.6228000e-001	
  3.0261580e+002	  3.0241820e+002	 -1.9760000e-001	
  3.0261570e+002	  3.0258177e+002	 -3.3930000e-002	
  3.0261570e+002	  3.0255692e+002	 -5.8780000e-002	
  3.0261550e+002	  3.0236068e+002	 -2.5482000e-001	
  3.0261550e+002	  3.0263166e+002	  1.6160000e-002	
  3.0261560e+002	  3.0255841e+002	 -5.7190000e-002	
  3.0261550e+002	  3.0230383e+002	 -3.1167000e-001	
  3.0261550e+002	  3.0266225e+002	  4.6750000e-002	
  3.0261550e+002	  3.0244294e+002	 -1.7256000e-001	
  3.0261540e+002	  3.0255576e+002	 -5.9640000e-002	
  3.0261540e+002	  3.0258611e+002	 -2.9290000e-002	
  3.0261540e+002	  3.0273603e+002	  1.2063000e-001	
  3.0261570e+002	  3.0235067e+002	 -2.6503000e-001	
  3.0261560e+002	  3.0228020e+002	 -3.3540000e-001	
  3.0261560e+002	  3.0088018e+002	 -1.7354200e+000	
  3.0261550e+002	  3.0245711e+002	 -1.5839000e-001	
  3.0261550e+002	  3.0246355e+002	 -1.5195000e-001	
  3.0261550e+002	  3.0227924e+002	 -3.3626000e-001	
  3.0261560e+002	  3.0243309e+002	 -1.8251000e-001	
  3.0261540e+002	  3.0276676e+002	  1.5136000e-001	
  3.0261550e+002	  3.0279842e+002	  1.8292000e-001	
  3.0261550e+002	  3.0232277e+002	 -2.9273000e-001	
  3.0261560e+002	  3.0219536e+002	 -4.2024000e-001	
  3.0261540e+002	  3.0271076e+002	  9.5360000e-002	
  3.0261550e+002	  3.0236251e+002	 -2.5299000e-001	
  3.0261540e+002	  3.0266194e+002	  4.6540000e-002	
  3.0261540e+002	  3.0202677e+002	 -5.8863000e-001	
  3.0261540e+002	  3.0277219e+002	  1.5679000e-001	
  3.0261540e+002	  3.0229985e+002	 -3.1555000e-001	
  3.0261550e+002	  3.0249346e+002	 -1.2204000e-001	
  3.0261550e+002	  3.0259880e+002	 -1.6700000e-002	
  3.0261550e+002	  3.0274723e+002	  1.3173000e-001	
  3.0261550e+002	  3.0264746e+002	  3.1960000e-002	
  3.0261530e+002	  3.0275461e+002	  1.3931000e-001	
  3.0261570e+002	  3.0232515e+002	 -2.9055000e-001	
  3.0261560e+002	  3.0267394e+002	  5.8340000e-002	
  3.0261560e+002	  3.0271253e+002	  9.6930000e-002	
  3.0261570e+002	  3.0246302e+002	 -1.5268000e-001	
  3.0261580e+002	  3.0280826e+002	  1.9246000e-001	
  3.0261580e+002	  3.0314733e+002	  5.3153000e-001	
  3.0261580e+002	  3.0264968e+002	  3.3880000e-002	
  3.0261580e+002	  3.0321863e+002	  6.0283000e-001	
  3.0261580e+002	  3.0222178e+002	 -3.9402000e-001	
  3.0261580e+002	  3.0289021e+002	  2.7441000e-001	
  3.0261570e+002	  3.0295869e+002	  3.4299000e-001	
  3.0261570e+002	  3.0308030e+002	  4.6460000e-001	
  3.0261600e+002	  3.0235552e+002	 -2.6048000e-001	
  3.0261600e+002	  3.0289400e+002	  2.7800000e-001	
  3.0261590e+002	  3.0243063e+002	 -1.8527000e-001	
  3.0261590e+002	  3.0257588e+002	 -4.0020000e-002	
  3.0261600e+002	  3.0293323e+002	  3.1723000e-001	
  3.0261590e+002	  3.0220590e+002	 -4.1000000e-001	
  3.0261560e+002	  3.0237014e+002	 -2.4546000e-001	
  3.0261580e+002	  3.0258582e+002	 -2.9980000e-002	
  3.0261580e+002	  3.0279532e+002	  1.7952000e-001	
  3.0261600e+002	  3.0272284e+002	  1.0684000e-001	
  3.0261620e+002	  3.0256353e+002	 -5.2670000e-002	
  3.0261620e+002	  3.0268756e+002	  7.1360000e-002	
  3.0261620e+002	  3.0238569e+002	 -2.3051000e-001	
  3.0261640e+002	  3.0298821e+002	  3.7181000e-001	
  3.0261640e+002	  3.0246103e+002	 -1.5537000e-001	
  3.0261640e+002	  3.0258488e+002	 -3.1520000e-002	
  3.0261650e+002	  3.0260288e+002	 -1.3620000e-002	
  3.0261640e+002	  3.0246137e+002	 -1.5503000e-001	
  3.0261640e+002	  3.0237420e+002	 -2.4220000e-001	
  3.0261650e+002	  3.0299746e+002	  3.8096000e-001	
  3.0261660e+002	  3.0266721e+002	  5.0610000e-002	
  3.0261640e+002	  3.0290159e+002	  2.8519000e-001	
  3.0261660e+002	  3.0215504e+002	 -4.6156000e-001	
  3.0261660e+002	  3.0228175e+002	 -3.3485000e-001	
  3.0261660e+002	  3.0264519e+002	  2.8590000e-002	
  3.0261660e+002	  3.0223681e+002	 -3.7979000e-001	
  3.0261670e+002	  3.0279076e+002	  1.7406000e-001	
  3.0261670e+002	  3.0285418e+002	  2.3748000e-001	
  3.0261670e+002	  3.0257357e+002	 -4.3130000e-002	
  3.0261690e+002	  3.0296759e+002	  3.5069000e-001	
  3.0261680e+002	  3.0254896e+002	 -6.7840000e-002	
  3.0261700e+002	  3.0289058e+002	  2.7358000e-001	
  3.0261710e+002	  3.0270591e+002	  8.8810000e-002	
  3.0261720e+002	  3.0247306e+002	 -1.4414000e-001	
  3.0261730e+002	  3.0271850e+002	  1.0120000e-001	
  3.0261730e+002	  3.0276948e+002	  1.5218000e-001	
  3.0261750e+002	  3.0242985e+002	 -1.8765000e-001	
  3.0261740e+002	  3.0258122e+002	 -3.6180000e-002	
  3.0261740e+002	  3.0274701e+002	  1.2961000e-001	
  3.0261760e+002	  3.0237911e+002	 -2.3849000e-001	
  3.0261760e+002	  3.0237577e+002	 -2.4183000e-001	
  3.0261780e+002	  3.0265529e+002	  3.7490000e-002	
  3.0261770e+002	  3.0265905e+002	  4.1350000e-002	
  3.0261770e+002	  3.0265624e+002	  3.8540000e-002	
  3.0261760e+002	  3.0253200e+002	 -8.5600000e-002	
  3.0261770e+002	  3.0256731e+002	 -5.0390000e-002	
  3.0261780e+002	  3.0255949e+002	 -5.8310000e-002	
  3.0261780e+002	  3.0224490e+002	 -3.7290000e-001	
  3.0261770e+002	  3.0239915e+002	 -2.1855000e-001	
  3.0261800e+002	  3.0229345e+002	 -3.2455000e-001	
  3.0261790e+002	  3.0173652e+002	 -8.8138000e-001	
  3.0261800e+002	  3.0284101e+002	  2.2301000e-001	
  3.0261810e+002	  3.0270428e+002	  8.6180000e-002	
  3.0261810e+002	  3.0275125e+002	  1.3315000e-001	
  3.0261810e+002	  3.0280021e+002	  1.8211000e-001	
  3.0261840e+002	  3.0206459e+002	 -5.5381000e-001	
  3.0261870e+002	  3.0192144e+002	 -6.9726000e-001	
  3.0261850e+002	  3.0266365e+002	  4.5150000e-002	
  3.0261850e+002	  3.0278313e+002	  1.6463000e-001	
  3.0261870e+002	  3.0240073e+002	 -2.1797000e-001	
  3.0261870e+002	  3.0247971e+002	 -1.3899000e-001	
  3.0261880e+002	  3.0241250e+002	 -2.0630000e-001	
  3.0261880e+002	  3.0264261e+002	  2.3810000e-002	
  3.0261870e+002	  3.0180336e+002	 -8.1534000e-001	
  3.0261880e+002	  3.0249863e+002	 -1.2017000e-001	
  3.0261900e+002	  3.0226328e+002	 -3.5572000e-001	
  3.0261880e+002	  3.0238548e+002	 -2.3332000e-001	
  3.0261890e+002	  3.0255782e+002	 -6.1080000e-002	
  3.0261890e+002	  3.0330368e+002	  6.8478000e-001	
  3.0261900e+002	  3.0288814e+002	  2.6914000e-001	
  3.0261910e+002	  3.0230493e+002	 -3.1417000e-001	
  3.0261900e+002	  3.0265011e+002	  3.1110000e-002	
  3.0261900e+002	  3.0274493e+002	  1.2593000e-001	
  3.0261920e+002	  3.0289688e+002	  2.7768000e-001	
  3.0261930e+002	  3.0209110e+002	 -5.2820000e-001	
  3.0261920e+002	  3.0313848e+002	  5.1928000e-001	
  3.0261930e+002	  3.0232109e+002	 -2.9821000e-001	
  3.0261990e+002	  3.0267140e+002	  5.1500000e-002	
  3.0261960e+002	  3.0262846e+002	  8.8600000e-003	
  3.0261980e+002	  3.0201578e+002	 -6.0402000e-001	
  3.0261990e+002	  3.0315115e+002	  5.3125000e-001	
  3.0261980e+002	  3.0302962e+002	  4.0982000e-001	
  3.0261990e+002	  3.0329308e+002	  6.7318000e-001	
  3.0261990e+002	  3.0301051e+002	  3.9061000e-001	
  3.0262010e+002	  3.0273993e+002	  1.1983000e-001	
  3.0262000e+002	  3.0260603e+002	 -1.3970000e-002	
  3.0262020e+002	  3.0238240e+002	 -2.3780000e-001	
  3.0262000e+002	  3.0272046e+002	  1.0046000e-001	
  3.0262000e+002	  3.0254584e+002	 -7.4160000e-002	
  3.0262000e+002	  3.0270953e+002	  8.9530000e-002	
  3.0262000e+002	  3.0223912e+002	 -3.8088000e-001	
  3.0262020e+002	  3.0247531e+002	 -1.4489000e-001	
  3.0262030e+002	  3.0270106e+002	  8.0760000e-002	
  3.0262030e+002	  3.0248544e+002	 -1.3486000e-001	
  3.0262020e+002	  3.0260349e+002	 -1.6710000e-002	
  3.0262040e+002	  3.0301136e+002	  3.9096000e-001	
  3.0262040e+002	  3.0289089e+002	  2.7049000e-001	
  3.0262010e+002	  3.0289647e+002	  2.7637000e-001	
  3.0262040e+002	  3.0297404e+002	  3.5364000e-001	
  3.0262040e+002	  3.0274991e+002	  1.2951000e-001	
  3.0262080e+002	  3.0267319e+002	  5.2390000e-002	
  3.0262080e+002	  3.0270945e+002	  8.8650000e-002	
  3.0262090e+002	  3.0297300e+002	  3.5210000e-001	
  3.0262100e+002	  3.0216254e+002	 -4.5846000e-001	
  3.0262100e+002	  3.0266400e+002	  4.3000000e-002	
  3.0262100e+002	  3.0274726e+002	  1.2626000e-001	
  3.0262120e+002	  3.0259622e+002	 -2.4980000e-002	
  3.0262120e+002	  3.0264539e+002	  2.4190000e-002	
  3.0262120e+002	  3.0262161e+002	  4.1000000e-004	
  3.0262130e+002	  3.0300228e+002	  3.8098000e-001	
  3.0262140e+002	  3.0276654e+002	  1.4514000e-001	
  3.0262140e+002	  3.0241385e+002	 -2.0755000e-001	
  3.0262150e+002	  3.0303846e+002	  4.1696000e-001	
  3.0262140e+002	  3.0284507e+002	  2.2367000e-001	
  3.0262130e+002	  3.0278443e+002	  1.6313000e-001	
  3.0262140e+002	  3.0380216e+002	  1.1807600e+000	
  3.0262140e+002	  3.0257999e+002	 -4.1410000e-002	
  3.0262170e+002	  3.0266380e+002	  4.2100000e-002	
  3.0262170e+002	  3.0266049e+002	  3.8790000e-002	
  3.0262170e+002	  3.0250236e+002	 -1.1934000e-001	
  3.0262170e+002	  3.0217941e+002	 -4.4229000e-001	
  3.0262180e+002	  3.0198929e+002	 -6.3251000e-001	
  3.0262210e+002	  3.0221818e+002	 -4.0392000e-001	
  3.0262230e+002	  3.0244640e+002	 -1.7590000e-001	
  3.0262210e+002	  3.0309589e+002	  4.7379000e-001	
  3.0262230e+002	  3.0263921e+002	  1.6910000e-002	
  3.0262220e+002	  3.0293324e+002	  3.1104000e-001	
  3.0262220e+002	  3.0295662e+002	  3.3442000e-001	
  3.0262230e+002	  3.0249200e+002	 -1.3030000e-001	
  3.0262230e+002	  3.0267158e+002	  4.9280000e-002	
  3.0262240e+002	  3.0304681e+002	  4.2441000e-001	
  3.0262260e+002	  3.0299349e+002	  3.7089000e-001	
  3.0262260e+002	  3.0260357e+002	 -1.9030000e-002	
  3.0262260e+002	  3.0256072e+002	 -6.1880000e-002	
  3.0262250e+002	  3.0267827e+002	  5.5770000e-002	
  3.0262270e+002	  3.0268369e+002	  6.0990000e-002	
  3.0262270e+002	  3.0246433e+002	 -1.5837000e-001	
  3.0262260e+002	  3.0247239e+002	 -1.5021000e-001	
  3.0262270e+002	  3.0238456e+002	 -2.3814000e-001	
  3.0262290e+002	  3.0290817e+002	  2.8527000e-001	
  3.0262280e+002	  3.0267451e+002	  5.1710000e-002	
  3.0262280e+002	  3.0299132e+002	  3.6852000e-001	
  3.0262300e+002	  3.0269912e+002	  7.6120000e-002	
  3.0262300e+002	  3.0278765e+002	  1.6465000e-001	
  3.0262320e+002	  3.0233050e+002	 -2.9270000e-001	
  3.0262330e+002	  3.0263314e+002	  9.8400000e-003	
  3.0262330e+002	  3.0245567e+002	 -1.6763000e-001	
  3.0262340e+002	  3.0225791e+002	 -3.6549000e-001	
  3.0262340e+002	  3.0274266e+002	  1.1926000e-001	
  3.0262350e+002	  3.0246205e+002	 -1.6145000e-001	
  3.0262350e+002	  3.0299987e+002	  3.7637000e-001	
  3.0262350e+002	  3.0242356e+002	 -1.9994000e-001	
  3.1123250e+002	  3.1089152e+002	 -3.4098000e-001	
  3.1123160e+002	  3.1119280e+002	 -3.8800000e-002	
  3.1123110e+002	  3.1101615e+002	 -2.1495000e-001	
  3.1123060e+002	  3.1097168e+002	 -2.5892000e-001	
  3.1123020e+002	  3.1111368e+002	 -1.1652000e-001	
  3.1123000e+002	  3.1130090e+002	  7.0900000e-002	
  3.1122970e+002	  3.1129898e+002	  6.9280000e-002	
  3.1122970e+002	  3.1107297e+002	 -1.5673000e-001	
  3.1122950e+002	  3.1093783e+002	 -2.9167000e-001	
  3.1122940e+002	  3.1102713e+002	 -2.0227000e-001	
  3.1122920e+002	  3.1111939e+002	 -1.0981000e-001	
  3.1122910e+002	  3.1109843e+002	 -1.3067000e-001	
  3.1122920e+002	  3.1138045e+002	  1.5125000e-001	
  3.1122890e+002	  3.1113674e+002	 -9.2160000e-002	
  3.1122890e+002	  3.1122744e+002	 -1.4600000e-003	
  3.1122880e+002	  3.1119192e+002	 -3.6880000e-002	
  3.1122880e+002	  3.1113257e+002	 -9.6230000e-002	
  3.1122870e+002	  3.1130249e+002	  7.3790000e-002	
  3.1122880e+002	  3.1114970e+002	 -7.9100000e-002	
  3.1122880e+002	  3.1131655e+002	  8.7750000e-002	
  3.1122880e+002	  3.1124403e+002	  1.5230000e-002	
  3.1122870e+002	  3.1114410e+002	 -8.4600000e-002	
  3.1122880e+002	  3.1094147e+002	 -2.8733000e-001	
  3.1122880e+002	  3.1095084e+002	 -2.7796000e-001	
  3.1122900e+002	  3.1112636e+002	 -1.0264000e-001	
  3.1122890e+002	  3.1108212e+002	 -1.4678000e-001	
  3.1122900e+002	  3.1120744e+002	 -2.1560000e-002	
  3.1122890e+002	  3.1119543e+002	 -3.3470000e-002	
  3.1122890e+002	  3.1125019e+002	  2.1290000e-002	
  3.1122910e+002	  3.1108583e+002	 -1.4327000e-001	
  3.1122900e+002	  3.1084896e+002	 -3.8004000e-001	
  3.1122910e+002	  3.1093166e+002	 -2.9744000e-001	
  3.1122900e+002	  3.1126865e+002	  3.9650000e-002	
  3.1122930e+002	  3.1135434e+002	  1.2504000e-001	
  3.1122930e+002	  3.1132193e+002	  9.2630000e-002	
  3.1122920e+002	  3.1126886e+002	  3.9660000e-002	
  3.1122900e+002	  3.1118729e+002	 -4.1710000e-002	
  3.1122920e+002	  3.1114521e+002	 -8.3990000e-002	
  3.1122920e+002	  3.1130198e+002	  7.2780000e-002	
  3.1122920e+002	  3.1131698e+002	  8.7780000e-002	
  3.1122920e+002	  3.1134985e+002	  1.2065000e-001	
  3.1122920e+002	  3.1112002e+002	 -1.0918000e-001	
  3.1122940e+002	  3.1128593e+002	  5.6530000e-002	
  3.1122930e+002	  3.1129707e+002	  6.7770000e-002	
  3.1122940e+002	  3.1111341e+002	 -1.1599000e-001	
  3.1122960e+002	  3.1118429e+002	 -4.5310000e-002	
  3.1122980e+002	  3.1126195e+002	  3.2150000e-002	
  3.1122990e+002	  3.1122917e+002	 -7.3000000e-004	
  3.1122990e+002	  3.1147928e+002	  2.4938000e-001	
  3.1122990e+002	  3.1110344e+002	 -1.2646000e-001	
  3.1123010e+002	  3.1119658e+002	 -3.3520000e-002	
  3.1123020e+002	  3.1125685e+002	  2.6650000e-002	
  3.1123010e+002	  3.1121119e+002	 -1.8910000e-002	
  3.1123020e+002	  3.1113853e+002	 -9.1670000e-002	
  3.1123030e+002	  3.1101115e+002	 -2.1915000e-001	
  3.1123020e+002	  3.1122929e+002	 -9.1000000e-004	
  3.1123030e+002	  3.1126796e+002	  3.7660000e-002	
  3.1123030e+002	  3.1102836e+002	 -2.0194000e-001	
  3.1123050e+002	  3.1108272e+002	 -1.4778000e-001	
  3.1123030e+002	  3.1107976e+002	 -1.5054000e-001	
  3.1123050e+002	  3.1172922e+002	  4.9872000e-001	
  3.1123050e+002	  3.1134014e+002	  1.0964000e-001	
  3.1123060e+002	  3.1115646e+002	 -7.4140000e-002	
  3.1123070e+002	  3.1133148e+002	  1.0078000e-001	
  3.1123070e+002	  3.1131973e+002	  8.9030000e-002	
  3.1123080e+002	  3.1127548e+002	  4.4680000e-002	
  3.1123090e+002	  3.1141996e+002	  1.8906000e-001	
  3.1123100e+002	  3.1123616e+002	  5.1600000e-003	
  3.1123100e+002	  3.1134998e+002	  1.1898000e-001	
  3.1123120e+002	  3.1121993e+002	 -1.1270000e-002	
  3.1123130e+002	  3.1134548e+002	  1.1418000e-001	
  3.1123120e+002	  3.1144683e+002	  2.1563000e-001	
  3.1123150e+002	  3.1115981e+002	 -7.1690000e-002	
  3.1123150e+002	  3.1125787e+002	  2.6370000e-002	
  3.1123150e+002	  3.1129092e+002	  5.9420000e-002	
  3.1123170e+002	  3.1134928e+002	  1.1758000e-001	
  3.1123170e+002	  3.1100655e+002	 -2.2515000e-001	
  3.1123190e+002	  3.1127316e+002	  4.1260000e-002	
  3.1123170e+002	  3.1137358e+002	  1.4188000e-001	
  3.1123190e+002	  3.1127097e+002	  3.9070000e-002	
  3.1123170e+002	  3.1129954e+002	  6.7840000e-002	
  3.1123180e+002	  3.1120419e+002	 -2.7610000e-002	
  3.1123200e+002	  3.1089899e+002	 -3.3301000e-001	
  3.1123200e+002	  3.1134270e+002	  1.1070000e-001	
  3.1123210e+002	  3.1132588e+002	  9.3780000e-002	
  3.1123220e+002	  3.1126652e+002	  3.4320000e-002	
  3.1123220e+002	  3.1143366e+002	  2.0146000e-001	
  3.1123230e+002	  3.1119938e+002	 -3.2920000e-002	
  3.1123230e+002	  3.1136036e+002	  1.2806000e-001	
  3.1123240e+002	  3.1118042e+002	 -5.1980000e-002	
  3.1123240e+002	  3.1129498e+002	  6.2580000e-002	
  3.1123260e+002	  3.1117812e+002	 -5.4480000e-002	
  3.1123260e+002	  3.1106447e+002	 -1.6813000e-001	
  3.1123270e+002	  3.1117740e+002	 -5.5300000e-002	
  3.1123290e+002	  3.1098212e+002	 -2.5078000e-001	
  3.1123300e+002	  3.1134920e+002	  1.1620000e-001	
  3.1123310e+002	  3.1105990e+002	 -1.7320000e-001	
  3.1123320e+002	  3.1115936e+002	 -7.3840000e-002	
  3.1123310e+002	  3.1131434e+002	  8.1240000e-002	
  3.1123320e+002	  3.1110970e+002	 -1.2350000e-001	
  3.1123320e+002	  3.1116622e+002	 -6.6980000e-002	
  3.1123320e+002	  3.1138185e+002	  1.4865000e-001	
  3.1123320e+002	  3.1113924e+002	 -9.3960000e-002	
  3.1123340e+002	  3.1120541e+002	 -2.7990000e-002	
  3.1123320e+002	  3.1117237e+002	 -6.0830000e-002	
  3.1123340e+002	  3.1125508e+002	  2.1680000e-002	
  3.1123350e+002	  3.1122777e+002	 -5.7300000e-003	
  3.1123350e+002	  3.1114271e+002	 -9.0790000e-002	
  3.1123360e+002	  3.1109120e+002	 -1.4240000e-001	
  3.1123350e+002	  3.1108994e+002	 -1.4356000e-001	
  3.1123380e+002	  3.1112722e+002	 -1.0658000e-001	
  3.1123390e+002	  3.1120560e+002	 -2.8300000e-002	
  3.1123390e+002	  3.1120504e+002	 -2.8860000e-002	
  3.1123400e+002	  3.1098180e+002	 -2.5220000e-001	
  3.1123400e+002	  3.1112609e+002	 -1.0791000e-001	
  3.1123420e+002	  3.1167893e+002	  4.4473000e-001	
  3.1123430e+002	  3.1107501e+002	 -1.5929000e-001	
  3.1123430e+002	  3.1115216e+002	 -8.2140000e-002	
  3.1123430e+002	  3.1082802e+002	 -4.0628000e-001	
  3.1123450e+002	  3.1111166e+002	 -1.2284000e-001	
  3.1123450e+002	  3.1136842e+002	  1.3392000e-001	
  3.1123450e+002	  3.1155969e+002	  3.2519000e-001	
  3.1123450e+002	  3.1124105e+002	  6.5500000e-003	
  3.1123470e+002	  3.1099654e+002	 -2.3816000e-001	
  3.1123450e+002	  3.1136203e+002	  1.2753000e-001	
  3.1123450e+002	  3.1129543e+002	  6.0930000e-002	
  3.1123460e+002	  3.1121497e+002	 -1.9630000e-002	
  3.1123480e+002	  3.1125730e+002	  2.2500000e-002	
  3.1123470e+002	  3.1110954e+002	 -1.2516000e-001	
  3.1123470e+002	  3.1132917e+002	  9.4470000e-002	
  3.1123480e+002	  3.1123085e+002	 -3.9500000e-003	
  3.1123480e+002	  3.1069897e+002	 -5.3583000e-001	
  3.1123490e+002	  3.1094012e+002	 -2.9478000e-001	
  3.1123490e+002	  3.1108429e+002	 -1.5061000e-001	
  3.1123500e+002	  3.1118840e+002	 -4.6600000e-002	
  3.1123480e+002	  3.1114229e+002	 -9.2510000e-002	
  3.1123530e+002	  3.1126279e+002	  2.7490000e-002	
  3.1123540e+002	  3.1126601e+002	  3.0610000e-002	
  3.1123550e+002	  3.1108494e+002	 -1.5056000e-001	
  3.1123560e+002	  3.1127371e+002	  3.8110000e-002	
  3.1123550e+002	  3.1114893e+002	 -8.6570000e-002	
  3.1123580e+002	  3.1115121e+002	 -8.4590000e-002	
  3.1123570e+002	  3.1114720e+002	 -8.8500000e-002	
  3.1123580e+002	  3.1102623e+002	 -2.0957000e-001	
  3.1123600e+002	  3.1108711e+002	 -1.4889000e-001	
  3.1123590e+002	  3.1135850e+002	  1.2260000e-001	
  3.1123590e+002	  3.1134634e+002	  1.1044000e-001	
  3.1123580e+002	  3.1123551e+002	 -2.9000000e-004	
  3.1123590e+002	  3.1113278e+002	 -1.0312000e-001	
  3.1123600e+002	  3.1106299e+002	 -1.7301000e-001	
  3.1123610e+002	  3.1126212e+002	  2.6020000e-002	
  3.1123610e+002	  3.1110265e+002	 -1.3345000e-001	
  3.1123600e+002	  3.1112533e+002	 -1.1067000e-001	
  3.1123620e+002	  3.1133392e+002	  9.7720000e-002	
  3.1123630e+002	  3.1131424e+002	  7.7940000e-002	
  3.1123620e+002	  3.1128972e+002	  5.3520000e-002	
  3.1123620e+002	  3.1126214e+002	  2.5940000e-002	
  3.1123630e+002	  3.1115359e+002	 -8.2710000e-002	
  3.1123670e+002	  3.1116412e+002	 -7.2580000e-002	
  3.1123670e+002	  3.1126465e+002	  2.7950000e-002	
  3.1123680e+002	  3.1134738e+002	  1.1058000e-001	
  3.1123680e+002	  3.1129191e+002	  5.5110000e-002	
  3.1123690e+002	  3.1147158e+002	  2.3468000e-001	
  3.1123690e+002	  3.1112771e+002	 -1.0919000e-001	
  3.1123700e+002	  3.1105947e+002	 -1.7753000e-001	
  3.1123700e+002	  3.1153305e+002	  2.9605000e-001	
  3.1123700e+002	  3.1144261e+002	  2.0561000e-001	
  3.1123720e+002	  3.1148193e+002	  2.4473000e-001	
  3.1123720e+002	  3.1131185e+002	  7.4650000e-002	
  3.1123710e+002	  3.1119296e+002	 -4.4140000e-002	
  3.1123720e+002	  3.1137712e+002	  1.3992000e-001	
  3.1123720e+002	  3.1160191e+002	  3.6471000e-001	
  3.1123730e+002	  3.1144253e+002	  2.0523000e-001	
  3.1123740e+002	  3.1138670e+002	  1.4930000e-001	
  3.1123750e+002	  3.1131969e+002	  8.2190000e-002	
  3.1123760e+002	  3.1123607e+002	 -1.5300000e-003	
  3.1123760e+002	  3.1108476e+002	 -1.5284000e-001	
  3.1123780e+002	  3.1126341e+002	  2.5610000e-002	
  3.1123750e+002	  3.1135951e+002	  1.2201000e-001	
  3.1123790e+002	  3.1123152e+002	 -6.3800000e-003	
  3.1123810e+002	  3.1128788e+002	  4.9780000e-002	
  3.1123830e+002	  3.1123920e+002	  9.0000000e-004	
  3.1123810e+002	  3.1133284e+002	  9.4740000e-002	
  3.1123830e+002	  3.1139309e+002	  1.5479000e-001	
  3.1123850e+002	  3.1154790e+002	  3.0940000e-001	
  3.1123850e+002	  3.1125670e+002	  1.8200000e-002	
  3.1123860e+002	  3.1141871e+002	  1.8011000e-001	
  3.1123850e+002	  3.1099499e+002	 -2.4351000e-001	
  3.1123880e+002	  3.1138816e+002	  1.4936000e-001	
  3.1123890e+002	  3.1123211e+002	 -6.7900000e-003	
  3.1123900e+002	  3.1112671e+002	 -1.1229000e-001	
  3.1123910e+002	  3.1134408e+002	  1.0498000e-001	
  3.1123890e+002	  3.1144558e+002	  2.0668000e-001	
  3.1123900e+002	  3.1129651e+002	  5.7510000e-002	
  3.1123910e+002	  3.1131145e+002	  7.2350000e-002	
  3.1123910e+002	  3.1124620e+002	  7.1000000e-003	
  3.1123910e+002	  3.1127009e+002	  3.0990000e-002	
  3.1123930e+002	  3.1113147e+002	 -1.0783000e-001	
  3.1123930e+002	  3.1129914e+002	  5.9840000e-002	
  3.1123940e+002	  3.1126417e+002	  2.4770000e-002	
  3.1123950e+002	  3.1130246e+002	  6.2960000e-002	
  3.1123960e+002	  3.1133096e+002	  9.1360000e-002	
  3.1123950e+002	  3.1129240e+002	  5.2900000e-002	
  3.1123980e+002	  3.1119221e+002	 -4.7590000e-002	
  3.1123990e+002	  3.1124208e+002	  2.1800000e-003	
  3.1124010e+002	  3.1108830e+002	 -1.5180000e-001	
  3.1124000e+002	  3.1173439e+002	  4.9439000e-001	
  3.1124020e+002	  3.1134267e+002	  1.0247000e-001	
  3.1124020e+002	  3.1137817e+002	  1.3797000e-001	
  3.1124010e+002	  3.1134395e+002	  1.0385000e-001	
  3.1124020e+002	  3.1123668e+002	 -3.5200000e-003	
  3.1124040e+002	  3.1129249e+002	  5.2090000e-002	
  3.1967960e+002	  3.1976054e+002	  8.0940000e-002	
  3.1967860e+002	  3.1970735e+002	  2.8750000e-002	
  3.1967800e+002	  3.1974268e+002	  6.4680000e-002	
  3.1967740e+002	  3.1965532e+002	 -2.2080000e-002	
  3.1967710e+002	  3.1971562e+002	  3.8520000e-002	
  3.1967670e+002	  3.1904681e+002	 -6.2989000e-001	
  3.1967640e+002	  3.1968949e+002	  1.3090000e-002	
  3.1967630e+002	  3.1962983e+002	 -4.6470000e-002	
  3.1967600e+002	  3.1984665e+002	  1.7065000e-001	
  3.1967600e+002	  3.1969744e+002	  2.1440000e-002	
  3.1967600e+002	  3.1959942e+002	 -7.6580000e-002	
  3.1967570e+002	  3.1971680e+002	  4.1100000e-002	
  3.1967570e+002	  3.1973657e+002	  6.0870000e-002	
  3.1967560e+002	  3.1981621e+002	  1.4061000e-001	
  3.1967540e+002	  3.1976422e+002	  8.8820000e-002	
  3.1967540e+002	  3.1969381e+002	  1.8410000e-002	
  3.1967550e+002	  3.1970841e+002	  3.2910000e-002	
  3.1967540e+002	  3.1961919e+002	 -5.6210000e-002	
  3.1967510e+002	  3.1976696e+002	  9.1860000e-002	
  3.1967520e+002	  3.1957723e+002	 -9.7970000e-002	
  3.1967510e+002	  3.1974386e+002	  6.8760000e-002	
  3.1967490e+002	  3.1970851e+002	  3.3610000e-002	
  3.1967500e+002	  3.1954127e+002	 -1.3373000e-001	
  3.1967500e+002	  3.1971524e+002	  4.0240000e-002	
  3.1967490e+002	  3.1958990e+002	 -8.5000000e-002	
  3.1967500e+002	  3.1966033e+002	 -1.4670000e-002	
  3.1967490e+002	  3.1969621e+002	  2.1310000e-002	
  3.1967490e+002	  3.1975146e+002	  7.6560000e-002	
  3.1967490e+002	  3.1963792e+002	 -3.6980000e-002	
  3.1967500e+002	  3.1967912e+002	  4.1200000e-003	
  3.1967490e+002	  3.1957848e+002	 -9.6420000e-002	
  3.1967510e+002	  3.1972631e+002	  5.1210000e-002	
  3.1967510e+002	  3.1951895e+002	 -1.5615000e-001	
  3.1967510e+002	  3.1953870e+002	 -1.3640000e-001	
  3.1967510e+002	  3.1971943e+002	  4.4330000e-002	
  3.1967510e+002	  3.1961549e+002	 -5.9610000e-002	
  3.1967520e+002	  3.1970274e+002	  2.7540000e-002	
  3.1967530e+002	  3.1963870e+002	 -3.6600000e-002	
  3.1967530e+002	  3.1937643e+002	 -2.9887000e-001	
  3.1967520e+002	  3.1961575e+002	 -5.9450000e-002	
  3.1967520e+002	  3.1973346e+002	  5.8260000e-002	
  3.1967510e+002	  3.1971666e+002	  4.1560000e-002	
  3.1967520e+002	  3.1966645e+002	 -8.7500000e-003	
  3.1967500e+002	  3.1971013e+002	  3.5130000e-002	
  3.1967510e+002	  3.1964344e+002	 -3.1660000e-002	
  3.1967520e+002	  3.1960751e+002	 -6.7690000e-002	
  3.1967520e+002	  3.1980317e+002	  1.2797000e-001	
  3.1967520e+002	  3.1914689e+002	 -5.2831000e-001	
  3.1967520e+002	  3.1961831e+002	 -5.6890000e-002	
  3.1967520e+002	  3.1969454e+002	  1.9340000e-002	
  3.1967530e+002	  3.1970982e+002	  3.4520000e-002	
  3.1967530e+002	  3.1970673e+002	  3.1430000e-002	
  3.1967520e+002	  3.1964907e+002	 -2.6130000e-002	
  3.1967540e+002	  3.1965537e+002	 -2.0030000e-002	
  3.1967560e+002	  3.1986703e+002	  1.9143000e-001	
  3.1967560e+002	  3.1970230e+002	  2.6700000e-002	
  3.1967550e+002	  3.1969653e+002	  2.1030000e-002	
  3.1967560e+002	  3.1970421e+002	  2.8610000e-002	
  3.1967550e+002	  3.1971542e+002	  3.9920000e-002	
  3.1967550e+002	  3.1989118e+002	  2.1568000e-001	
  3.1967560e+002	  3.1988645e+002	  2.1085000e-001	
  3.1967560e+002	  3.1963155e+002	 -4.4050000e-002	
  3.1967560e+002	  3.1981672e+002	  1.4112000e-001	
  3.1967570e+002	  3.1974993e+002	  7.4230000e-002	
  3.1967570e+002	  3.1978851e+002	  1.1281000e-001	
  3.1967560e+002	  3.1974410e+002	  6.8500000e-002	
  3.1967570e+002	  3.1984354e+002	  1.6784000e-001	
  3.1967570e+002	  3.1974360e+002	  6.7900000e-002	
  3.1967560e+002	  3.1961965e+002	 -5.5950000e-002	
  3.1967560e+002	  3.1970464e+002	  2.9040000e-002	
  3.1967570e+002	  3.1959544e+002	 -8.0260000e-002	
  3.1967580e+002	  3.1964895e+002	 -2.6850000e-002	
  3.1967570e+002	  3.1970004e+002	  2.4340000e-002	
  3.1967560e+002	  3.1977903e+002	  1.0343000e-001	
  3.1967580e+002	  3.1974901e+002	  7.3210000e-002	
  3.1967570e+002	  3.1960672e+002	 -6.8980000e-002	
  3.1967600e+002	  3.1972766e+002	  5.1660000e-002	
  3.1967610e+002	  3.1975405e+002	  7.7950000e-002	
  3.1967620e+002	  3.1980904e+002	  1.3284000e-001	
  3.1967610e+002	  3.1967838e+002	  2.2800000e-003	
  3.1967620e+002	  3.1971259e+002	  3.6390000e-002	
  3.1967620e+002	  3.1976506e+002	  8.8860000e-002	
  3.1967620e+002	  3.1963072e+002	 -4.5480000e-002	
  3.1967620e+002	  3.1942794e+002	 -2.4826000e-001	
  3.1967630e+002	  3.1985629e+002	  1.7999000e-001	
  3.1967640e+002	  3.1971912e+002	  4.2720000e-002	
  3.1967640e+002	  3.1962002e+002	 -5.6380000e-002	
  3.1967620e+002	  3.1960050e+002	 -7.5700000e-002	
  3.1967630e+002	  3.1926314e+002	 -4.1316000e-001	
  3.1967630e+002	  3.2019241e+002	  5.1611000e-001	
  3.1967640e+002	  3.1983631e+002	  1.5991000e-001	
  3.1967640e+002	  3.1967086e+002	 -5.5400000e-003	
  3.1967640e+002	  3.1965778e+002	 -1.8620000e-002	
  3.1967640e+002	  3.1972793e+002	  5.1530000e-002	
  3.1967640e+002	  3.1979484e+002	  1.1844000e-001	
  3.1967650e+002	  3.1970580e+002	  2.9300000e-002	
  3.1967650e+002	  3.1976108e+002	  8.4580000e-002	
  3.1967670e+002	  3.1970528e+002	  2.8580000e-002	
  3.1967650e+002	  3.1980154e+002	  1.2504000e-001	
  3.1967670e+002	  3.1965058e+002	 -2.6120000e-002	
  3.1967680e+002	  3.1974594e+002	  6.9140000e-002	
  3.1967680e+002	  3.1980057e+002	  1.2377000e-001	
  3.1967700e+002	  3.1971389e+002	  3.6890000e-002	
  3.1967690e+002	  3.1967761e+002	  7.1000000e-004	
  3.1967700e+002	  3.1977944e+002	  1.0244000e-001	
  3.1967690e+002	  3.1971884e+002	  4.1940000e-002	
  3.1967680e+002	  3.1971030e+002	  3.3500000e-002	
  3.1967690e+002	  3.1966181e+002	 -1.5090000e-002	
  3.1967710e+002	  3.1982568e+002	  1.4858000e-001	
  3.1967710e+002	  3.1975624e+002	  7.9140000e-002	
  3.1967690e+002	  3.1963183e+002	 -4.5070000e-002	
  3.1967680e+002	  3.1973302e+002	  5.6220000e-002	
  3.1967690e+002	  3.1963801e+002	 -3.8890000e-002	
  3.1967690e+002	  3.1963188e+002	 -4.5020000e-002	
  3.1967710e+002	  3.1984934e+002	  1.7224000e-001	
  3.1967690e+002	  3.2000930e+002	  3.3240000e-001	
  3.1967710e+002	  3.1974189e+002	  6.4790000e-002	
  3.1967700e+002	  3.1955781e+002	 -1.1919000e-001	
  3.1967710e+002	  3.2011783e+002	  4.4073000e-001	
  3.1967710e+002	  3.1972303e+002	  4.5930000e-002	
  3.1967720e+002	  3.1979973e+002	  1.2253000e-001	
  3.1967730e+002	  3.1969892e+002	  2.1620000e-002	
  3.1967720e+002	  3.1997561e+002	  2.9841000e-001	
  3.1967720e+002	  3.1985497e+002	  1.7777000e-001	
  3.1967740e+002	  3.1953787e+002	 -1.3953000e-001	
  3.1967740e+002	  3.1965637e+002	 -2.1030000e-002	
  3.1967740e+002	  3.1986005e+002	  1.8265000e-001	
  3.1967750e+002	  3.1971526e+002	  3.7760000e-002	
  3.1967760e+002	  3.1974292e+002	  6.5320000e-002	
  3.1967750e+002	  3.1965223e+002	 -2.5270000e-002	
  3.1967760e+002	  3.1978927e+002	  1.1167000e-001	
  3.1967760e+002	  3.1965414e+002	 -2.3460000e-002	
  3.1967750e+002	  3.1960961e+002	 -6.7890000e-002	
  3.1967740e+002	  3.1970254e+002	  2.5140000e-002	
  3.1967740e+002	  3.1992333e+002	  2.4593000e-001	
  3.1967730e+002	  3.1974856e+002	  7.1260000e-002	
  3.1967740e+002	  3.1977009e+002	  9.2690000e-002	
  3.1967740e+002	  3.1954641e+002	 -1.3099000e-001	
  3.1967750e+002	  3.1983269e+002	  1.5519000e-001	
  3.1967750e+002	  3.1969937e+002	  2.1870000e-002	
  3.1967740e+002	  3.1968277e+002	  5.3700000e-003	
  3.1967760e+002	  3.1954822e+002	 -1.2938000e-001	
  3.1967760e+002	  3.1973459e+002	  5.6990000e-002	
  3.1967760e+002	  3.1943640e+002	 -2.4120000e-001	
  3.1967780e+002	  3.1987309e+002	  1.9529000e-001	
  3.1967780e+002	  3.1962950e+002	 -4.8300000e-002	
  3.1967780e+002	  3.1967149e+002	 -6.3100000e-003	
  3.1967790e+002	  3.1949443e+002	 -1.8347000e-001	
  3.1967780e+002	  3.1968232e+002	  4.5200000e-003	
  3.1967780e+002	  3.1959844e+002	 -7.9360000e-002	
  3.1967790e+002	  3.1966057e+002	 -1.7330000e-002	
  3.1967790e+002	  3.1966614e+002	 -1.1760000e-002	
  3.1967790e+002	  3.1980605e+002	  1.2815000e-001	
  3.1967790e+002	  3.1974461e+002	  6.6710000e-002	
  3.1967780e+002	  3.1968814e+002	  1.0340000e-002	
  3.1967770e+002	  3.1958059e+002	 -9.7110000e-002	
  3.1967770e+002	  3.1946911e+002	 -2.0859000e-001	
  3.1967790e+002	  3.1974361e+002	  6.5710000e-002	
  3.1967760e+002	  3.1958117e+002	 -9.6430000e-002	
  3.1967780e+002	  3.1964580e+002	 -3.2000000e-002	
  3.1967790e+002	  3.1960236e+002	 -7.5540000e-002	
  3.1967780e+002	  3.1947559e+002	 -2.0221000e-001	
  3.1967770e+002	  3.1981452e+002	  1.3682000e-001	
  3.1967780e+002	  3.1961937e+002	 -5.8430000e-002	
  3.1967770e+002	  3.1985162e+002	  1.7392000e-001	
  3.1967780e+002	  3.1948739e+002	 -1.9041000e-001	
  3.1967790e+002	  3.1943032e+002	 -2.4758000e-001	
  3.1967810e+002	  3.1961209e+002	 -6.6010000e-002	
  3.1967800e+002	  3.1961981e+002	 -5.8190000e-002	
  3.1967800e+002	  3.1961599e+002	 -6.2010000e-002	
  3.1967820e+002	  3.1964992e+002	 -2.8280000e-002	
  3.1967810e+002	  3.1955730e+002	 -1.2080000e-001	
  3.1967800e+002	  3.1988282e+002	  2.0482000e-001	
  3.1967800e+002	  3.1967225e+002	 -5.7500000e-003	
  3.1967810e+002	  3.1947614e+002	 -2.0196000e-001	
  3.1967820e+002	  3.1920526e+002	 -4.7294000e-001	
  3.1967810e+002	  3.1961596e+002	 -6.2140000e-002	
  3.1967800e+002	  3.1960435e+002	 -7.3650000e-002	
  3.1967800e+002	  3.1956466e+002	 -1.1334000e-001	
  3.1967790e+002	  3.1960495e+002	 -7.2950000e-002	
  3.1967800e+002	  3.1967354e+002	 -4.4600000e-003	
  3.1967780e+002	  3.1967730e+002	 -5.0000000e-004	
  3.1967790e+002	  3.1943452e+002	 -2.4338000e-001	
  3.1967790e+002	  3.1954364e+002	 -1.3426000e-001	
  3.1967800e+002	  3.1953383e+002	 -1.4417000e-001	
  3.1967790e+002	  3.1960880e+002	 -6.9100000e-002	
  3.1967790e+002	  3.1967825e+002	  3.5000000e-004	
  3.1967790e+002	  3.1976610e+002	  8.8200000e-002	
  3.1967800e+002	  3.1963014e+002	 -4.7860000e-002	
  3.1967810e+002	  3.1967088e+002	 -7.2200000e-003	
  3.1967810e+002	  3.1954119e+002	 -1.3691000e-001	
  3.1967810e+002	  3.1952542e+002	 -1.5268000e-001	
  3.1967810e+002	  3.1965530e+002	 -2.2800000e-002	
  3.1967810e+002	  3.1966712e+002	 -1.0980000e-002	
  3.1967820e+002	  3.1941970e+002	 -2.5850000e-001	
  3.1967800e+002	  3.1944495e+002	 -2.3305000e-001	
  3.1967810e+002	  3.1957117e+002	 -1.0693000e-001	
  3.1967820e+002	  3.1971072e+002	  3.2520000e-002	
  3.1967800e+002	  3.1967490e+002	 -3.1000000e-003	
  3.1967790e+002	  3.1977276e+002	  9.4860000e-002	
  3.1967790e+002	  3.1960209e+002	 -7.5810000e-002	
  3.1967790e+002	  3.1989559e+002	  2.1769000e-001	
  3.1967800e+002	  3.1958439e+002	 -9.3610000e-002	
  3.1967790e+002	  3.1956217e+002	 -1.1573000e-001	
  3.1967780e+002	  3.1968281e+002	  5.0100000e-003	
  3.1967790e+002	  3.1957248e+002	 -1.0542000e-001	
  3.1967790e+002	  3.1985305e+002	  1.7515000e-001	
  3.1967790e+002	  3.1967277e+002	 -5.1300000e-003	
  3.1967790e+002	  3.1966472e+002	 -1.3180000e-002	
  3.1967790e+002	  3.1961967e+002	 -5.8230000e-002	
  3.1967800e+002	  3.1958694e+002	 -9.1060000e-002	
  3.1967800e+002	  3.1969769e+002	  1.9690000e-002	
  3.2758560e+002	  3.2750905e+002	 -7.6550000e-002	
  3.2758590e+002	  3.2760330e+002	  1.7400000e-002	
  3.2758780e+002	  3.2764507e+002	  5.7270000e-002	
  3.2758780e+002	  3.2759976e+002	  1.1960000e-002	
  3.2758860e+002	  3.2761556e+002	  2.6960000e-002	
  3.2759000e+002	  3.2766143e+002	  7.1430000e-002	
  3.2759000e+002	  3.2763561e+002	  4.5610000e-002	
  3.2758940e+002	  3.2760485e+002	  1.5450000e-002	
  3.2759080e+002	  3.2740332e+002	 -1.8748000e-001	
  3.2759190e+002	  3.2753882e+002	 -5.3080000e-002	
  3.2759190e+002	  3.2764884e+002	  5.6940000e-002	
  3.2759190e+002	  3.2753250e+002	 -5.9400000e-002	
  3.2759130e+002	  3.2739653e+002	 -1.9477000e-001	
  3.2759320e+002	  3.2748349e+002	 -1.0971000e-001	
  3.2759190e+002	  3.2750760e+002	 -8.4300000e-002	
  3.2759320e+002	  3.2755705e+002	 -3.6150000e-002	
  3.2759240e+002	  3.2760274e+002	  1.0340000e-002	
  3.2759290e+002	  3.2764425e+002	  5.1350000e-002	
  3.2759400e+002	  3.2765840e+002	  6.4400000e-002	
  3.2759510e+002	  3.2758699e+002	 -8.1100000e-003	
  3.2759400e+002	  3.2755169e+002	 -4.2310000e-002	
  3.2759350e+002	  3.2756167e+002	 -3.1830000e-002	
  3.2759540e+002	  3.2754714e+002	 -4.8260000e-002	
  3.2759540e+002	  3.2767221e+002	  7.6810000e-002	
  3.2759560e+002	  3.2760210e+002	  6.5000000e-003	
  3.2759620e+002	  3.2765775e+002	  6.1550000e-002	
  3.2759560e+002	  3.2743388e+002	 -1.6172000e-001	
  3.2759700e+002	  3.2756158e+002	 -3.5420000e-002	
  3.2759700e+002	  3.2757686e+002	 -2.0140000e-002	
  3.2759780e+002	  3.2757963e+002	 -1.8170000e-002	
  3.2759700e+002	  3.2754945e+002	 -4.7550000e-002	
  3.2759700e+002	  3.2763164e+002	  3.4640000e-002	
  3.2759780e+002	  3.2766186e+002	  6.4060000e-002	
  3.2759840e+002	  3.2754549e+002	 -5.2910000e-002	
  3.2759860e+002	  3.2765607e+002	  5.7470000e-002	
  3.2759760e+002	  3.2762861e+002	  3.1010000e-002	
  3.2759840e+002	  3.2759937e+002	  9.7000000e-004	
  3.2759860e+002	  3.2763778e+002	  3.9180000e-002	
  3.2759860e+002	  3.2748596e+002	 -1.1264000e-001	
  3.2759970e+002	  3.2769819e+002	  9.8490000e-002	
  3.2760050e+002	  3.2752848e+002	 -7.2020000e-002	
  3.2760020e+002	  3.2757026e+002	 -2.9940000e-002	
  3.2759940e+002	  3.2759525e+002	 -4.1500000e-003	
  3.2760130e+002	  3.2759657e+002	 -4.7300000e-003	
  3.2760270e+002	  3.2755134e+002	 -5.1360000e-002	
  3.2760220e+002	  3.2761077e+002	  8.5700000e-003	
  3.2760160e+002	  3.2764285e+002	  4.1250000e-002	
  3.2760190e+002	  3.2765910e+002	  5.7200000e-002	
  3.2760240e+002	  3.2762170e+002	  1.9300000e-002	
  3.2760220e+002	  3.2759848e+002	 -3.7200000e-003	
  3.2760320e+002	  3.2758032e+002	 -2.2880000e-002	
  3.2760350e+002	  3.2762566e+002	  2.2160000e-002	
  3.2760300e+002	  3.2766564e+002	  6.2640000e-002	
  3.2760400e+002	  3.2756812e+002	 -3.5880000e-002	
  3.2760400e+002	  3.2759319e+002	 -1.0810000e-002	
  3.2760570e+002	  3.2760027e+002	 -5.4300000e-003	
  3.2760320e+002	  3.2753715e+002	 -6.6050000e-002	
  3.2760400e+002	  3.2762663e+002	  2.2630000e-002	
  3.2760510e+002	  3.2757651e+002	 -2.8590000e-002	
  3.2760570e+002	  3.2748686e+002	 -1.1884000e-001	
  3.2760680e+002	  3.2760616e+002	 -6.4000000e-004	
  3.2760600e+002	  3.2755686e+002	 -4.9140000e-002	
  3.2760600e+002	  3.2762569e+002	  1.9690000e-002	
  3.2760700e+002	  3.2753386e+002	 -7.3140000e-002	
  3.2760600e+002	  3.2758485e+002	 -2.1150000e-002	
  3.2760650e+002	  3.2768870e+002	  8.2200000e-002	
  3.2760650e+002	  3.2749683e+002	 -1.0967000e-001	
  3.2760600e+002	  3.2761905e+002	  1.3050000e-002	
  3.2760780e+002	  3.2751395e+002	 -9.3850000e-002	
  3.2760890e+002	  3.2757143e+002	 -3.7470000e-002	
  3.2760730e+002	  3.2761318e+002	  5.8800000e-003	
  3.2760760e+002	  3.2757894e+002	 -2.8660000e-002	
  3.2760810e+002	  3.2761859e+002	  1.0490000e-002	
  3.2760840e+002	  3.2768496e+002	  7.6560000e-002	
  3.2760840e+002	  3.2762525e+002	  1.6850000e-002	
  3.2760890e+002	  3.2767959e+002	  7.0690000e-002	
  3.2760780e+002	  3.2761331e+002	  5.5100000e-003	
  3.2760890e+002	  3.2759472e+002	 -1.4180000e-002	
  3.2760890e+002	  3.2756416e+002	 -4.4740000e-002	
  3.2760970e+002	  3.2758142e+002	 -2.8280000e-002	
  3.2760780e+002	  3.2757148e+002	 -3.6320000e-002	
  3.2760950e+002	  3.2762826e+002	  1.8760000e-002	
  3.2761060e+002	  3.2755340e+002	 -5.7200000e-002	
  3.2761220e+002	  3.2760578e+002	 -6.4200000e-003	
  3.2761080e+002	  3.2766109e+002	  5.0290000e-002	
  3.2761110e+002	  3.2764402e+002	  3.2920000e-002	
  3.2761060e+002	  3.2757656e+002	 -3.4040000e-002	
  3.2761170e+002	  3.2769241e+002	  8.0710000e-002	
  3.2761140e+002	  3.2756557e+002	 -4.5830000e-002	
  3.2761220e+002	  3.2761003e+002	 -2.1700000e-003	
  3.2761220e+002	  3.2753234e+002	 -7.9860000e-002	
  3.2761250e+002	  3.2759710e+002	 -1.5400000e-002	
  3.2761440e+002	  3.2762085e+002	  6.4500000e-003	
  3.2761300e+002	  3.2751324e+002	 -9.9760000e-002	
  3.2761380e+002	  3.2761672e+002	  2.9200000e-003	
  3.2761250e+002	  3.2759905e+002	 -1.3450000e-002	
  3.2761330e+002	  3.2762379e+002	  1.0490000e-002	
  3.2761300e+002	  3.2762966e+002	  1.6660000e-002	
  3.2761330e+002	  3.2756948e+002	 -4.3820000e-002	
  3.2761380e+002	  3.2760775e+002	 -6.0500000e-003	
  3.2761410e+002	  3.2763501e+002	  2.0910000e-002	
  3.2761300e+002	  3.2761857e+002	  5.5700000e-003	
  3.2761460e+002	  3.2758779e+002	 -2.6810000e-002	
  3.2761630e+002	  3.2760378e+002	 -1.2520000e-002	
  3.2761490e+002	  3.2772331e+002	  1.0841000e-001	
  3.2761440e+002	  3.2757440e+002	 -4.0000000e-002	
  3.2761520e+002	  3.2762456e+002	  9.3600000e-003	
  3.2761520e+002	  3.2755152e+002	 -6.3680000e-002	
  3.2761520e+002	  3.2764468e+002	  2.9480000e-002	
  3.2761600e+002	  3.2761804e+002	  2.0400000e-003	
  3.2761600e+002	  3.2758651e+002	 -2.9490000e-002	
  3.2761680e+002	  3.2764060e+002	  2.3800000e-002	
  3.2761650e+002	  3.2749520e+002	 -1.2130000e-001	
  3.2761710e+002	  3.2761235e+002	 -4.7500000e-003	
  3.2761680e+002	  3.2762202e+002	  5.2200000e-003	
  3.2761730e+002	  3.2761918e+002	  1.8800000e-003	
  3.2761490e+002	  3.2759595e+002	 -1.8950000e-002	
  3.2761710e+002	  3.2754493e+002	 -7.2170000e-002	
  3.2761630e+002	  3.2757810e+002	 -3.8200000e-002	
  3.2761760e+002	  3.2757123e+002	 -4.6370000e-002	
  3.2761730e+002	  3.2755060e+002	 -6.6700000e-002	
  3.2761710e+002	  3.2756049e+002	 -5.6610000e-002	
  3.2761680e+002	  3.2751418e+002	 -1.0262000e-001	
  3.2761730e+002	  3.2758847e+002	 -2.8830000e-002	
  3.2761810e+002	  3.2745545e+002	 -1.6265000e-001	
  3.2761710e+002	  3.2760498e+002	 -1.2120000e-002	
  3.2761840e+002	  3.2760199e+002	 -1.6410000e-002	
  3.2761920e+002	  3.2767713e+002	  5.7930000e-002	
  3.2761870e+002	  3.2759878e+002	 -1.9920000e-002	
  3.2761840e+002	  3.2747301e+002	 -1.4539000e-001	
  3.2761870e+002	  3.2751496e+002	 -1.0374000e-001	
  3.2761950e+002	  3.2761435e+002	 -5.1500000e-003	
  3.2761950e+002	  3.2763967e+002	  2.0170000e-002	
  3.2762010e+002	  3.2754998e+002	 -7.0120000e-002	
  3.2761870e+002	  3.2755089e+002	 -6.7810000e-002	
  3.2761950e+002	  3.2766650e+002	  4.7000000e-002	
  3.2762060e+002	  3.2760932e+002	 -1.1280000e-002	
  3.2762010e+002	  3.2760208e+002	 -1.8020000e-002	
  3.2762030e+002	  3.2757664e+002	 -4.3660000e-002	
  3.2762010e+002	  3.2762185e+002	  1.7500000e-003	
  3.2762090e+002	  3.2766538e+002	  4.4480000e-002	
  3.2762110e+002	  3.2765990e+002	  3.8800000e-002	
  3.2762170e+002	  3.2767883e+002	  5.7130000e-002	
  3.2762170e+002	  3.2766151e+002	  3.9810000e-002	
  3.2762090e+002	  3.2764865e+002	  2.7750000e-002	
  3.2762110e+002	  3.2769424e+002	  7.3140000e-002	
  3.2762170e+002	  3.2771421e+002	  9.2510000e-002	
  3.2762220e+002	  3.2780110e+002	  1.7890000e-001	
  3.2762060e+002	  3.2762755e+002	  6.9500000e-003	
  3.2762110e+002	  3.2770137e+002	  8.0270000e-002	
  3.2762190e+002	  3.2766838e+002	  4.6480000e-002	
  3.2762270e+002	  3.2772937e+002	  1.0667000e-001	
  3.2762270e+002	  3.2769146e+002	  6.8760000e-002	
  3.2762360e+002	  3.2768909e+002	  6.5490000e-002	
  3.2762300e+002	  3.2767896e+002	  5.5960000e-002	
  3.2762300e+002	  3.2766173e+002	  3.8730000e-002	
  3.2762360e+002	  3.2760688e+002	 -1.6720000e-002	
  3.2762330e+002	  3.2769429e+002	  7.0990000e-002	
  3.2762440e+002	  3.2760781e+002	 -1.6590000e-002	
  3.2762440e+002	  3.2772401e+002	  9.9610000e-002	
  3.2762410e+002	  3.2761923e+002	 -4.8700000e-003	
  3.2762360e+002	  3.2750214e+002	 -1.2146000e-001	
  3.2762520e+002	  3.2759112e+002	 -3.4080000e-002	
  3.2762470e+002	  3.2755994e+002	 -6.4760000e-002	
  3.2762520e+002	  3.2768463e+002	  5.9430000e-002	
  3.2762470e+002	  3.2754579e+002	 -7.8910000e-002	
  3.2762470e+002	  3.2760129e+002	 -2.3410000e-002	
  3.2762470e+002	  3.2772770e+002	  1.0300000e-001	
  3.2762520e+002	  3.2763176e+002	  6.5600000e-003	
  3.2762550e+002	  3.2752306e+002	 -1.0244000e-001	
  3.2762570e+002	  3.2764550e+002	  1.9800000e-002	
  3.2762550e+002	  3.2749720e+002	 -1.2830000e-001	
  3.2762550e+002	  3.2757468e+002	 -5.0820000e-002	
  3.2762600e+002	  3.2764636e+002	  2.0360000e-002	
  3.2762680e+002	  3.2764391e+002	  1.7110000e-002	
  3.2762650e+002	  3.2768723e+002	  6.0730000e-002	
  3.2762740e+002	  3.2769837e+002	  7.0970000e-002	
  3.2762740e+002	  3.2765303e+002	  2.5630000e-002	
  3.2762760e+002	  3.2761748e+002	 -1.0120000e-002	
  3.2762680e+002	  3.2768868e+002	  6.1880000e-002	
  3.2762680e+002	  3.2759635e+002	 -3.0450000e-002	
  3.2762710e+002	  3.2767429e+002	  4.7190000e-002	
  3.2762600e+002	  3.2769131e+002	  6.5310000e-002	
  3.2762680e+002	  3.2766679e+002	  3.9990000e-002	
  3.2762790e+002	  3.2756313e+002	 -6.4770000e-002	
  3.2762790e+002	  3.2760485e+002	 -2.3050000e-002	
  3.2762760e+002	  3.2762240e+002	 -5.2000000e-003	
  3.2762790e+002	  3.2765562e+002	  2.7720000e-002	
  3.2762760e+002	  3.2762828e+002	  6.8000000e-004	
  3.2762650e+002	  3.2788509e+002	  2.5859000e-001	
  3.2762710e+002	  3.2757474e+002	 -5.2360000e-002	
  3.2762870e+002	  3.2762570e+002	 -3.0000000e-003	
  3.2762870e+002	  3.2769380e+002	  6.5100000e-002	
  3.2762930e+002	  3.2766199e+002	  3.2690000e-002	
  3.2762950e+002	  3.2766100e+002	  3.1500000e-002	
  3.2762900e+002	  3.2774459e+002	  1.1559000e-001	
  3.2763010e+002	  3.2747373e+002	 -1.5637000e-001	
  3.2762950e+002	  3.2765719e+002	  2.7690000e-002	
  3.2763090e+002	  3.2762598e+002	 -4.9200000e-003	
  3.2763140e+002	  3.2764141e+002	  1.0010000e-002	
  3.2763010e+002	  3.2749645e+002	 -1.3365000e-001	
  3.2762930e+002	  3.2763954e+002	  1.0240000e-002	
  3.2763170e+002	  3.2766571e+002	  3.4010000e-002	
  3.2763110e+002	  3.2763173e+002	  6.3000000e-004	
  3.2763140e+002	  3.2761818e+002	 -1.3220000e-002	
  3.2763010e+002	  3.2760764e+002	 -2.2460000e-002	
  3.2763030e+002	  3.2765165e+002	  2.1350000e-002	
  3.2763250e+002	  3.2763477e+002	  2.2700000e-003	
  3.2763280e+002	  3.2755180e+002	 -8.1000000e-002	
  3.2763140e+002	  3.2758428e+002	 -4.7120000e-002	
  3.2763280e+002	  3.2768467e+002	  5.1870000e-002	
  3.2763280e+002	  3.2769109e+002	  5.8290000e-002	
