  0.0000000e+000	  2.5326761e-010	  0.0000000e+000	  2.7399071e+003	  3.1415927e+000	
  2.4414063e-002	  9.7493870e-004	 -2.8831298e+000	  3.2407203e+003	  1.0279748e-001	
  4.8828125e-002	  9.4035107e-003	 -4.7381844e+000	  2.2245951e+003	 -2.4268112e+000	
  7.3242188e-002	  1.1129631e-002	 -6.2012637e+000	  4.6402674e+002	 -5.4111836e+000	
  9.7656250e-002	  1.8190533e-002	 -7.7386904e+000	  4.8231052e+002	 -2.8755687e+000	
  1.2207031e-001	  1.0054562e-002	 -9.4351590e+000	  2.0312356e+002	 -5.1218709e+000	
  1.4648438e-001	  1.8232689e-002	 -1.0854352e+001	  2.3752085e+002	 -3.0089101e+000	
  1.7089844e-001	  1.2628742e-002	 -1.2955763e+001	  2.1301441e+002	 -4.4227887e+000	
  1.9531250e-001	  1.9364469e-002	 -1.5302473e+001	  4.6490124e+002	 -5.0468791e+000	
  2.1972656e-001	  2.0797983e-002	 -1.7890285e+001	  5.1884221e+002	 -7.0763079e+000	
  2.4414063e-001	  7.6555357e-003	 -2.0446336e+001	  7.9429894e+002	 -9.5903280e+000	
  2.6855469e-001	  1.9491950e-002	 -2.1957044e+001	  8.8165539e+002	 -1.1870670e+001	
  2.9296875e-001	  2.3296455e-002	 -2.3849602e+001	  2.8509037e+002	 -1.0456018e+001	
  3.1738281e-001	  1.8884377e-002	 -2.5751484e+001	  2.9734617e+002	 -9.5128964e+000	
  3.4179688e-001	  2.2997392e-002	 -2.7881332e+001	  7.9823840e+002	 -1.1719647e+001	
  3.6621094e-001	  4.1281538e-002	 -3.0877792e+001	  4.1121944e+003	 -1.0887537e+001	
  3.9062500e-001	  3.9146719e-002	 -3.0291387e+001	  7.5066382e+003	 -1.0216080e+001	
  4.1503906e-001	  2.7274734e-002	 -3.2485014e+001	  6.7860864e+004	 -1.2208775e+001	
  4.3945313e-001	  2.4581212e-001	 -3.4675365e+001	  1.4455640e+005	 -1.4357459e+001	
  4.6386719e-001	  2.7713408e-001	 -3.6857131e+001	  1.5378787e+005	 -1.6520600e+001	
  4.8828125e-001	  9.0455053e-003	 -3.9039456e+001	  8.4155442e+004	 -1.8690567e+001	
  5.1269531e-001	  4.5669997e-002	 -4.1256297e+001	  1.5111279e+004	 -2.0893925e+001	
  5.3710938e-001	  3.9096224e-002	 -3.9721602e+001	  4.0265766e+003	 -1.9747598e+001	
  5.6152344e-001	  3.4005689e-003	 -3.9236974e+001	  7.7411941e+002	 -1.9126067e+001	
  5.8593750e-001	  1.1478249e-002	 -4.1072270e+001	  7.1871754e+002	 -2.1051841e+001	
  6.1035156e-001	  2.1627701e-002	 -4.1953187e+001	  1.1165146e+003	 -1.9942503e+001	
  6.3476563e-001	  1.4588817e-002	 -4.3621664e+001	  3.8723372e+002	 -2.1456970e+001	
  6.5917969e-001	  1.1722764e-002	 -4.5771101e+001	  1.3431359e+002	 -2.2339501e+001	
  6.8359375e-001	  1.3156114e-002	 -4.8174841e+001	  1.4950143e+002	 -2.4904444e+001	
  7.0800781e-001	  1.7135916e-002	 -5.0542190e+001	  6.7146929e+002	 -2.6426961e+001	
  7.3242188e-001	  1.1077776e-002	 -5.2647674e+001	  8.0827058e+002	 -2.8732316e+001	
  7.5683594e-001	  8.2657357e-003	 -5.4245879e+001	  5.3079315e+002	 -3.0889074e+001	
  7.8125000e-001	  1.4695964e-002	 -5.5527753e+001	  3.6833297e+002	 -3.1988278e+001	
  8.0566406e-001	  7.9555770e-003	 -5.7504098e+001	  5.5706408e+002	 -3.3173850e+001	
  8.3007813e-001	  4.2650064e-003	 -5.9662447e+001	  6.6704884e+002	 -3.5015252e+001	
  8.5449219e-001	  1.1811098e-002	 -6.1733438e+001	  5.5304297e+002	 -3.6964395e+001	
  8.7890625e-001	  7.8040750e-003	 -6.3711086e+001	  4.8451128e+002	 -3.8684389e+001	
  9.0332031e-001	  5.3005609e-003	 -6.5310905e+001	  4.2674514e+002	 -4.0857888e+001	
  9.2773438e-001	  3.2166798e-003	 -6.6991398e+001	  3.9356715e+002	 -4.3413643e+001	
  9.5214844e-001	  1.0240249e-002	 -6.9304430e+001	  4.5654146e+002	 -4.5527641e+001	
  9.7656250e-001	  5.1906099e-003	 -7.1617980e+001	  5.2049151e+002	 -4.7619823e+001	
  1.0009766e+000	  5.9933260e-003	 -7.3548328e+001	  6.1222532e+002	 -4.9772678e+001	
  1.0253906e+000	  8.0255951e-003	 -7.4983463e+001	  7.3332531e+002	 -5.1671746e+001	
  1.0498047e+000	  4.1113722e-003	 -7.6584319e+001	  7.5007464e+002	 -5.3405142e+001	
  1.0742188e+000	  7.2582079e-003	 -7.8470623e+001	  7.3230762e+002	 -5.5192156e+001	
  1.0986328e+000	  6.3891939e-003	 -8.0815744e+001	  6.1260904e+002	 -5.7300042e+001	
  1.1230469e+000	  4.2848885e-003	 -8.3421771e+001	  2.7906524e+002	 -5.9420113e+001	
  1.1474609e+000	  3.8244003e-003	 -8.5240972e+001	  1.2263550e+002	 -6.0545357e+001	
  1.1718750e+000	  7.7884554e-003	 -8.6950786e+001	  2.5478422e+002	 -6.2188231e+001	
  1.1962891e+000	  5.7443307e-004	 -8.8687708e+001	  6.5923357e+002	 -6.3768583e+001	
  1.2207031e+000	  4.6067106e-003	 -8.9860330e+001	  6.4491938e+002	 -6.5582906e+001	
  1.2451172e+000	  2.1952460e-003	 -9.1664621e+001	  4.8927765e+002	 -6.6672985e+001	
  1.2695313e+000	  8.9560632e-003	 -9.3889581e+001	  1.7304461e+003	 -6.9435957e+001	
  1.2939453e+000	  1.8333946e-003	 -9.5918782e+001	  1.9679661e+003	 -7.0368823e+001	
  1.3183594e+000	  9.1883099e-003	 -9.7729927e+001	  1.7858831e+004	 -7.1432963e+001	
  1.3427734e+000	  2.4572002e-002	 -9.9925202e+001	  4.4420951e+004	 -7.3522007e+001	
  1.3671875e+000	  3.3998425e-002	 -1.0213560e+002	  5.3341957e+004	 -7.5677479e+001	
  1.3916016e+000	  3.7815410e-003	 -1.0436347e+002	  3.3693289e+004	 -7.7864347e+001	
  1.4160156e+000	  2.1227521e-003	 -1.0660134e+002	  8.7381275e+003	 -8.0180462e+001	
  1.4404297e+000	  1.3553066e-002	 -1.0867617e+002	  1.5768405e+003	 -7.7852235e+001	
  1.4648438e+000	  2.2152371e-003	 -1.1040433e+002	  1.1768486e+003	 -7.8927285e+001	
  1.4892578e+000	  6.6878301e-003	 -1.1168291e+002	  1.3120345e+003	 -8.0518167e+001	
  1.5136719e+000	  3.1944732e-003	 -1.1349217e+002	  4.2711768e+002	 -8.2631471e+001	
  1.5380859e+000	  1.0862840e-003	 -1.1571842e+002	  3.9286990e+002	 -8.4602181e+001	
  1.5625000e+000	  7.4592654e-003	 -1.1783781e+002	  3.7111924e+002	 -8.6824453e+001	
  1.5869141e+000	  9.8608423e-003	 -1.1993478e+002	  1.9304493e+002	 -8.9568525e+001	
  1.6113281e+000	  1.5308811e-003	 -1.2219286e+002	  2.9658624e+002	 -9.2156248e+001	
  1.6357422e+000	  7.0701543e-003	 -1.2101464e+002	  4.1007410e+002	 -9.4746216e+001	
  1.6601563e+000	  2.6155587e-003	 -1.2356362e+002	  4.6684552e+002	 -9.7316541e+001	
  1.6845703e+000	  3.8731426e-003	 -1.2631731e+002	  3.2684394e+002	 -9.9749016e+001	
  1.7089844e+000	  4.1089970e-003	 -1.2838070e+002	  1.7349375e+002	 -1.0278457e+002	
  1.7333984e+000	  6.6181041e-003	 -1.3005167e+002	  1.3856490e+002	 -1.0546535e+002	
  1.7578125e+000	  5.2748920e-003	 -1.3175276e+002	  1.0456011e+002	 -1.0665378e+002	
  1.7822266e+000	  3.7613655e-003	 -1.3366396e+002	  1.9239458e+002	 -1.0899109e+002	
  1.8066406e+000	  1.2985564e-003	 -1.3601833e+002	  2.5058954e+002	 -1.1187159e+002	
  1.8310547e+000	  5.1861515e-003	 -1.3830885e+002	  2.2608643e+002	 -1.1452020e+002	
  1.8554688e+000	  7.7933925e-003	 -1.4032014e+002	  8.6009216e+001	 -1.1610024e+002	
  1.8798828e+000	  7.3517337e-003	 -1.4226671e+002	  2.3891130e+002	 -1.1677260e+002	
  1.9042969e+000	  6.0447285e-003	 -1.4417598e+002	  3.5237801e+002	 -1.1892822e+002	
  1.9287109e+000	  1.2826224e-003	 -1.4582298e+002	  3.4518686e+002	 -1.2144761e+002	
  1.9531250e+000	  1.6946743e-003	 -1.4770569e+002	  3.9862017e+002	 -1.2383501e+002	
  1.9775391e+000	  8.1686446e-003	 -1.4993511e+002	  4.5098278e+002	 -1.2589967e+002	
  2.0019531e+000	  2.2576615e-003	 -1.5171996e+002	  4.0677639e+002	 -1.2791294e+002	
  2.0263672e+000	  7.3176221e-003	 -1.5269802e+002	  3.5585894e+002	 -1.2958635e+002	
  2.0507813e+000	  3.1560992e-003	 -1.5521956e+002	  4.5908888e+002	 -1.3146150e+002	
  2.0751953e+000	  6.6065667e-003	 -1.5783586e+002	  5.7857917e+002	 -1.3383962e+002	
  2.0996094e+000	  4.1566335e-003	 -1.6026019e+002	  8.0596248e+002	 -1.3600869e+002	
  2.1240234e+000	  3.6371086e-003	 -1.6292014e+002	  7.6451613e+002	 -1.3803088e+002	
  2.1484375e+000	  5.9981420e-003	 -1.6019617e+002	  2.7224787e+002	 -1.3948110e+002	
  2.1728516e+000	  5.8491714e-003	 -1.5727749e+002	  1.0821566e+003	 -1.4104545e+002	
  2.1972656e+000	  9.0081367e-003	 -1.5981237e+002	  1.5855252e+003	 -1.4275687e+002	
  2.2216797e+000	  6.0360544e-003	 -1.6217915e+002	  7.9041762e+003	 -1.4325107e+002	
  2.2460938e+000	  2.8350297e-003	 -1.6516768e+002	  2.3859961e+004	 -1.4525663e+002	
  2.2705078e+000	  8.4567734e-003	 -1.6815193e+002	  3.2609440e+004	 -1.4740198e+002	
  2.2949219e+000	  1.4511047e-002	 -1.7053336e+002	  2.3529003e+004	 -1.4959392e+002	
  2.3193359e+000	  6.9193233e-003	 -1.7273368e+002	  7.6824748e+003	 -1.5190550e+002	
  2.3437500e+000	  2.8127420e-003	 -1.7449759e+002	  1.1239882e+003	 -1.4916953e+002	
  2.3681641e+000	  1.1917762e-002	 -1.7600102e+002	  5.9341571e+002	 -1.5050222e+002	
  2.3925781e+000	  6.0186522e-003	 -1.7772826e+002	  1.1764475e+003	 -1.5178874e+002	
  2.4169922e+000	  8.0533588e-003	 -1.7745070e+002	  7.4851720e+002	 -1.5345150e+002	
  2.4414063e+000	  4.5778003e-003	 -1.7901867e+002	  6.0837541e+002	 -1.5522311e+002	
  2.4658203e+000	  3.4022302e-003	 -1.8056894e+002	  4.6060667e+002	 -1.5704042e+002	
  2.4902344e+000	  2.5593952e-003	 -1.7924958e+002	  4.5117985e+002	 -1.5830568e+002	
  2.5146484e+000	  3.0403160e-003	 -1.7903620e+002	  5.2146599e+002	 -1.6020299e+002	
  2.5390625e+000	  7.7918733e-003	 -1.8086463e+002	  5.2070272e+002	 -1.6238078e+002	
  2.5634766e+000	  8.4388643e-003	 -1.8287718e+002	  5.0137291e+002	 -1.6449078e+002	
  2.5878906e+000	  1.9170929e-003	 -1.8525925e+002	  4.0717842e+002	 -1.6647526e+002	
  2.6123047e+000	  7.3850375e-003	 -1.8783400e+002	  3.8146175e+002	 -1.6833029e+002	
  2.6367188e+000	  9.4330401e-003	 -1.9006255e+002	  4.4818533e+002	 -1.7030067e+002	
  2.6611328e+000	  1.7728155e-003	 -1.9188500e+002	  4.9649334e+002	 -1.7232431e+002	
  2.6855469e+000	  2.9217375e-003	 -1.9351398e+002	  5.3072143e+002	 -1.7431154e+002	
  2.7099609e+000	  6.2275961e-003	 -1.9559812e+002	  5.2666892e+002	 -1.7623746e+002	
  2.7343750e+000	  1.8368250e-003	 -1.9378548e+002	  4.7005284e+002	 -1.7808882e+002	
  2.7587891e+000	  6.2416616e-003	 -1.9105831e+002	  3.9491402e+002	 -1.7995033e+002	
  2.7832031e+000	  5.0408142e-003	 -1.9406205e+002	  3.2687272e+002	 -1.8171786e+002	
  2.8076172e+000	  5.8902850e-003	 -1.9667098e+002	  3.1668377e+002	 -1.8335338e+002	
  2.8320313e+000	  1.4623653e-003	 -1.9842601e+002	  3.0360789e+002	 -1.8512356e+002	
  2.8564453e+000	  5.0956642e-003	 -2.0012811e+002	  2.7545751e+002	 -1.8703287e+002	
  2.8808594e+000	  5.1640399e-003	 -2.0294224e+002	  2.4284177e+002	 -1.8899955e+002	
  2.9052734e+000	  5.4098045e-003	 -2.0000114e+002	  1.6074142e+002	 -1.9049930e+002	
  2.9296875e+000	  7.5272931e-003	 -2.0248706e+002	  1.8354026e+002	 -1.9158685e+002	
  2.9541016e+000	  2.7674229e-003	 -2.0486743e+002	  2.5319277e+002	 -1.9324539e+002	
  2.9785156e+000	  1.9365010e-003	 -2.0183783e+002	  3.6166387e+002	 -1.9516726e+002	
  3.0029297e+000	  3.3800537e-003	 -2.0493813e+002	  3.1277546e+002	 -1.9713676e+002	
  3.0273438e+000	  3.1413018e-003	 -2.0663686e+002	  1.3999537e+002	 -1.9901590e+002	
  3.0517578e+000	  4.2455577e-003	 -2.0644265e+002	  2.1779135e+002	 -1.9597160e+002	
  3.0761719e+000	  8.2654166e-003	 -2.0850494e+002	  4.5553369e+002	 -1.9322896e+002	
  3.1005859e+000	  2.9052554e-003	 -2.1045351e+002	  1.0484153e+003	 -1.9554336e+002	
  3.1250000e+000	  1.4511340e-003	 -2.1159113e+002	  4.3544327e+003	 -1.9617902e+002	
  3.1494141e+000	  8.7452551e-004	 -2.1216495e+002	  1.5066318e+004	 -1.9811339e+002	
  3.1738281e+000	  7.3821037e-003	 -2.1390126e+002	  2.3119634e+004	 -2.0024422e+002	
  3.1982422e+000	  6.9766395e-003	 -2.1570437e+002	  1.8786623e+004	 -2.0242908e+002	
  3.2226563e+000	  5.1139724e-003	 -2.1754403e+002	  7.2448587e+003	 -2.0471994e+002	
  3.2470703e+000	  2.0914260e-003	 -2.1455181e+002	  1.1074675e+003	 -2.0185585e+002	
  3.2714844e+000	  7.2398463e-003	 -2.1714802e+002	  5.5248730e+002	 -2.0445314e+002	
  3.2958984e+000	  4.3034528e-003	 -2.1957196e+002	  6.0983531e+002	 -2.0477771e+002	
  3.3203125e+000	  4.0937008e-003	 -2.2228556e+002	  3.6766154e+002	 -2.0625228e+002	
  3.3447266e+000	  6.1425744e-003	 -2.2492113e+002	  2.3424994e+002	 -2.0772592e+002	
  3.3691406e+000	  1.0119375e-003	 -2.2752603e+002	  1.2877927e+002	 -2.0994530e+002	
  3.3935547e+000	  3.6737416e-003	 -2.2979777e+002	  6.0591395e+001	 -2.1054394e+002	
  3.4179688e+000	  8.2309298e-003	 -2.3167330e+002	  8.6648851e+001	 -2.1106642e+002	
  3.4423828e+000	  7.5151577e-003	 -2.3368836e+002	  2.2112880e+002	 -2.1253949e+002	
  3.4667969e+000	  5.0867076e-004	 -2.3593284e+002	  3.2455607e+002	 -2.1474639e+002	
  3.4912109e+000	  7.8747974e-003	 -2.3775341e+002	  3.6718711e+002	 -2.1695432e+002	
  3.5156250e+000	  8.3669689e-003	 -2.3937164e+002	  3.3905484e+002	 -2.1917811e+002	
  3.5400391e+000	  1.3817791e-002	 -2.4147727e+002	  2.7930649e+002	 -2.2150643e+002	
  3.5644531e+000	  4.9495464e-003	 -2.4402972e+002	  2.2189909e+002	 -2.2377206e+002	
  3.5888672e+000	  7.5026887e-003	 -2.4706930e+002	  1.1852697e+002	 -2.2592921e+002	
  3.6132813e+000	  5.8448278e-003	 -2.4446768e+002	  3.1222968e+001	 -2.2601649e+002	
  3.6376953e+000	  2.4843346e-003	 -2.4734211e+002	  1.1207078e+002	 -2.2781232e+002	
  3.6621094e+000	  8.8677014e-003	 -2.4943284e+002	  9.4043913e+001	 -2.2985645e+002	
  3.6865234e+000	  5.7495417e-003	 -2.5163005e+002	  7.5524940e+001	 -2.3101835e+002	
  3.7109375e+000	  2.6758647e-003	 -2.5403955e+002	  1.3916138e+002	 -2.3306630e+002	
  3.7353516e+000	  3.5759885e-003	 -2.5699222e+002	  2.1474397e+002	 -2.3557937e+002	
  3.7597656e+000	  1.3144791e-003	 -2.5873135e+002	  2.2396490e+002	 -2.3805061e+002	
  3.7841797e+000	  8.3562251e-003	 -2.6064475e+002	  1.3618474e+002	 -2.4057274e+002	
  3.8085938e+000	  7.2007014e-003	 -2.6257730e+002	  5.5149086e+001	 -2.4225949e+002	
  3.8330078e+000	  5.9770672e-003	 -2.6471961e+002	  1.0115258e+002	 -2.4335240e+002	
  3.8574219e+000	  5.5525269e-003	 -2.6728195e+002	  1.2412503e+002	 -2.4486369e+002	
  3.8818359e+000	  1.1658779e-002	 -2.6981018e+002	  2.2283179e+002	 -2.4654483e+002	
  3.9062500e+000	  4.2587868e-003	 -2.7214716e+002	  3.7782683e+002	 -2.4840728e+002	
  3.9306641e+000	  2.6118529e-003	 -2.7452727e+002	  4.9940692e+002	 -2.5024858e+002	
  3.9550781e+000	  3.1124256e-003	 -2.7702244e+002	  3.3509471e+002	 -2.5227983e+002	
  3.9794922e+000	  6.2365943e-003	 -2.7927894e+002	  3.0699789e+002	 -2.5332443e+002	
  4.0039063e+000	  3.4099500e-003	 -2.8138744e+002	  8.6179012e+002	 -2.5508000e+002	
  4.0283203e+000	  7.1665139e-004	 -2.8222278e+002	  2.2676596e+003	 -2.5552535e+002	
  4.0527344e+000	  5.5719010e-003	 -2.8378077e+002	  9.8694817e+003	 -2.5729508e+002	
  4.0771484e+000	  6.4937910e-003	 -2.8632175e+002	  1.7362837e+004	 -2.5940451e+002	
  4.1015625e+000	  6.5498418e-003	 -2.8913504e+002	  1.5993690e+004	 -2.6158652e+002	
  4.1259766e+000	  8.6557052e-003	 -2.9169436e+002	  7.4376166e+003	 -2.6387543e+002	
  4.1503906e+000	  9.6391199e-004	 -2.9333209e+002	  1.5857561e+003	 -2.6682458e+002	
  4.1748047e+000	  6.9557820e-003	 -2.9409760e+002	  7.8506248e+002	 -2.6943613e+002	
  4.1992188e+000	  4.8311301e-003	 -2.9677189e+002	  8.8344965e+002	 -2.7044519e+002	
  4.2236328e+000	  5.9948555e-003	 -2.9973366e+002	  5.7508957e+002	 -2.7220701e+002	
  4.2480469e+000	  1.9232589e-003	 -3.0237821e+002	  2.3616216e+002	 -2.7375392e+002	
  4.2724609e+000	  6.8045176e-004	 -3.0456999e+002	  1.3222051e+002	 -2.7574933e+002	
  4.2968750e+000	  2.7621323e-003	 -3.0605126e+002	  6.3887694e+001	 -2.7634789e+002	
  4.3212891e+000	  3.7279389e-003	 -3.0798436e+002	  1.1840353e+002	 -2.7822572e+002	
  4.3457031e+000	  7.6983880e-003	 -3.1023444e+002	  6.9536860e+001	 -2.8125551e+002	
  4.3701172e+000	  4.7460558e-003	 -3.1248061e+002	  6.5771396e+001	 -2.7893265e+002	
  4.3945313e+000	  2.8514170e-003	 -3.1396334e+002	  1.7714674e+002	 -2.8200404e+002	
  4.4189453e+000	  9.9959822e-003	 -3.1566662e+002	  2.5696216e+002	 -2.8429570e+002	
  4.4433594e+000	  1.0644911e-002	 -3.1771965e+002	  2.3425703e+002	 -2.8624644e+002	
  4.4677734e+000	  1.4054533e-003	 -3.1961002e+002	  2.3660324e+002	 -2.8790428e+002	
  4.4921875e+000	  3.7034252e-003	 -3.2123040e+002	  2.4733138e+002	 -2.8974184e+002	
  4.5166016e+000	  4.0471524e-003	 -3.2379862e+002	  2.0499862e+002	 -2.9154677e+002	
  4.5410156e+000	  3.9047823e-003	 -3.2091476e+002	  2.0483454e+002	 -2.9337077e+002	
  4.5654297e+000	  4.5362200e-003	 -3.1794326e+002	  2.1689119e+002	 -2.9560212e+002	
  4.5898438e+000	  5.3099643e-003	 -3.2058218e+002	  2.0479666e+002	 -2.9812029e+002	
  4.6142578e+000	  2.5357941e-003	 -3.2362973e+002	  2.0734608e+002	 -3.0055732e+002	
  4.6386719e+000	  3.3075734e-003	 -3.2118984e+002	  2.1369770e+002	 -3.0250901e+002	
  4.6630859e+000	  2.9393779e-003	 -3.2294876e+002	  2.3732270e+002	 -3.0440267e+002	
  4.6875000e+000	  5.4683695e-003	 -3.2489055e+002	  1.9900523e+002	 -3.0673860e+002	
  4.7119141e+000	  4.5798940e-003	 -3.2683119e+002	  8.2614242e+001	 -3.0966595e+002	
  4.7363281e+000	  5.5884223e-003	 -3.2861682e+002	  1.0629197e+002	 -3.0764011e+002	
  4.7607422e+000	  6.5917174e-003	 -3.3041139e+002	  1.5130074e+002	 -3.1011390e+002	
  4.7851563e+000	  1.1566028e-003	 -3.3200497e+002	  1.1738351e+002	 -3.1209920e+002	
  4.8095703e+000	  4.0534535e-003	 -3.3155199e+002	  2.1309761e+002	 -3.1344097e+002	
  4.8339844e+000	  6.8649039e-003	 -3.3334698e+002	  5.0779410e+002	 -3.1538345e+002	
  4.8583984e+000	  6.4895343e-003	 -3.3498584e+002	  5.7592733e+002	 -3.1755789e+002	
  4.8828125e+000	  4.0236811e-003	 -3.3619187e+002	  4.4696228e+002	 -3.1928837e+002	
  4.9072266e+000	  5.6409628e-003	 -3.3777549e+002	  9.1124828e+002	 -3.2072817e+002	
  4.9316406e+000	  1.4121820e-003	 -3.3984254e+002	  1.3034182e+003	 -3.2150949e+002	
  4.9560547e+000	  1.2961627e-003	 -3.4268226e+002	  6.4610856e+003	 -3.2279701e+002	
  4.9804688e+000	  2.7432960e-003	 -3.4511447e+002	  1.3344308e+004	 -3.2485151e+002	
  5.0048828e+000	  5.5182853e-003	 -3.4719097e+002	  1.3944677e+004	 -3.2702594e+002	
  5.0292969e+000	  3.6456715e-003	 -3.4937987e+002	  7.4934246e+003	 -3.2932125e+002	
  5.0537109e+000	  2.1937531e-003	 -3.5193556e+002	  1.9658132e+003	 -3.3222253e+002	
  5.0781250e+000	  2.0423488e-003	 -3.4953399e+002	  1.0910812e+003	 -3.3516054e+002	
  5.1025391e+000	  4.5152667e-003	 -3.5215697e+002	  7.6409522e+002	 -3.3632066e+002	
  5.1269531e+000	  7.1290949e-003	 -3.5449443e+002	  4.9452959e+002	 -3.3806880e+002	
  5.1513672e+000	  2.2962522e-003	 -3.5710286e+002	  5.9330366e+001	 -3.3846529e+002	
  5.1757813e+000	  6.0767046e-003	 -3.5529463e+002	  2.0762219e+002	 -3.3993714e+002	
  5.2001953e+000	  4.2978837e-003	 -3.5759778e+002	  2.2941984e+002	 -3.4197406e+002	
  5.2246094e+000	  4.1373770e-003	 -3.5660245e+002	  2.1830697e+002	 -3.4373765e+002	
  5.2490234e+000	  8.2696988e-003	 -3.5865093e+002	  2.0541948e+002	 -3.4566528e+002	
  5.2734375e+000	  8.6587900e-003	 -3.6059942e+002	  2.0823129e+002	 -3.4799987e+002	
  5.2978516e+000	  4.6355446e-003	 -3.6237060e+002	  1.7522957e+002	 -3.5070466e+002	
  5.3222656e+000	  2.5545417e-003	 -3.6351157e+002	  1.5178104e+002	 -3.5381125e+002	
  5.3466797e+000	  1.3539542e-003	 -3.6389943e+002	  1.6604341e+002	 -3.5648962e+002	
  5.3710938e+000	  3.8971792e-003	 -3.6573297e+002	  1.6876204e+002	 -3.5858391e+002	
  5.3955078e+000	  8.0062708e-003	 -3.6798050e+002	  2.0290658e+002	 -3.6049904e+002	
  5.4199219e+000	  3.6824101e-003	 -3.6522393e+002	  2.2598027e+002	 -3.6258956e+002	
  5.4443359e+000	  6.7465445e-003	 -3.6814809e+002	  1.9513414e+002	 -3.6482692e+002	
  5.4687500e+000	  5.2100295e-003	 -3.7049150e+002	  1.3488170e+002	 -3.6694160e+002	
  5.4931641e+000	  2.6198698e-003	 -3.6874694e+002	  9.5443048e+001	 -3.6867080e+002	
  5.5175781e+000	  5.7637737e-003	 -3.7071377e+002	  7.2306374e+001	 -3.7075038e+002	
  5.5419922e+000	  2.7724419e-003	 -3.7331029e+002	  4.9130422e+001	 -3.7324920e+002	
  5.5664063e+000	  4.8308769e-003	 -3.7538133e+002	  5.5434674e+001	 -3.7440156e+002	
  5.5908203e+000	  4.9375823e-003	 -3.7662064e+002	  1.5408232e+002	 -3.7601768e+002	
  5.6152344e+000	  2.8650624e-003	 -3.7721818e+002	  2.6723907e+002	 -3.7812609e+002	
  5.6396484e+000	  4.5324624e-003	 -3.7859241e+002	  3.4489545e+002	 -3.8034039e+002	
  5.6640625e+000	  4.9227737e-003	 -3.8083322e+002	  3.3837903e+002	 -3.8251857e+002	
  5.6884766e+000	  3.3427376e-003	 -3.8357720e+002	  2.8432014e+002	 -3.8464293e+002	
  5.7128906e+000	  5.6094262e-003	 -3.8597899e+002	  2.0532967e+002	 -3.8653595e+002	
  5.7373047e+000	  7.2848891e-003	 -3.8816590e+002	  2.0106096e+002	 -3.8737051e+002	
  5.7617188e+000	  6.6070546e-003	 -3.9055663e+002	  3.3696010e+002	 -3.8887952e+002	
  5.7861328e+000	  9.0631011e-003	 -3.9308660e+002	  4.2869880e+002	 -3.9039537e+002	
  5.8105469e+000	  7.4555802e-003	 -3.9530966e+002	  9.4653665e+002	 -3.9223080e+002	
  5.8349609e+000	  3.8588136e-003	 -3.9678428e+002	  1.2943913e+003	 -3.9365356e+002	
  5.8593750e+000	  6.7492798e-003	 -3.9840516e+002	  4.4551630e+003	 -3.9464443e+002	
  5.8837891e+000	  4.2673780e-003	 -4.0025515e+002	  1.0446941e+004	 -3.9659943e+002	
  5.9082031e+000	  3.7237589e-003	 -4.0090162e+002	  1.2319778e+004	 -3.9875039e+002	
  5.9326172e+000	  6.8499640e-003	 -4.0294953e+002	  7.7016450e+003	 -4.0103076e+002	
  5.9570313e+000	  5.4495583e-003	 -4.0539441e+002	  2.5092631e+003	 -4.0376206e+002	
  5.9814453e+000	  2.2193063e-003	 -4.0849614e+002	  1.2513126e+003	 -4.0672372e+002	
  6.0058594e+000	  4.3649784e-003	 -4.0580337e+002	  8.1483839e+002	 -4.0800231e+002	
  6.0302734e+000	  3.4254244e-003	 -4.0809993e+002	  7.7477877e+002	 -4.0949795e+002	
  6.0546875e+000	  2.2652920e-003	 -4.1001317e+002	  4.6905067e+002	 -4.1114435e+002	
  6.0791016e+000	  5.6251605e-003	 -4.1202302e+002	  4.0593216e+002	 -4.1297481e+002	
  6.1035156e+000	  6.6732337e-003	 -4.1439820e+002	  3.2836611e+002	 -4.1512150e+002	
  6.1279297e+000	  2.8264745e-003	 -4.1717664e+002	  1.6041469e+002	 -4.1737764e+002	
  6.1523438e+000	  9.0638129e-003	 -4.1990231e+002	  3.4811898e+001	 -4.1430965e+002	
  6.1767578e+000	  2.6711890e-003	 -4.2248569e+002	  7.7372683e+001	 -4.1246332e+002	
  6.2011719e+000	  4.2171681e-003	 -4.2511580e+002	  1.2657903e+002	 -4.1498094e+002	
  6.2255859e+000	  2.6831062e-003	 -4.2696855e+002	  1.1504896e+002	 -4.1685562e+002	
  6.2500000e+000	  3.8877568e-003	 -4.2840282e+002	  1.3731260e+002	 -4.1858108e+002	
  6.2744141e+000	  1.2116546e-003	 -4.3015420e+002	  1.2786458e+002	 -4.2075296e+002	
  6.2988281e+000	  5.6312747e-003	 -4.3216421e+002	  5.2706250e+001	 -4.2338929e+002	
  6.3232422e+000	  3.6767041e-003	 -4.3508127e+002	  3.8904644e+001	 -4.2080434e+002	
  6.3476563e+000	  6.8170895e-003	 -4.3222182e+002	  9.8260000e+000	 -4.2251026e+002	
  6.3720703e+000	  6.7764835e-003	 -4.3447371e+002	  6.3797251e+001	 -4.2268299e+002	
  6.3964844e+000	  3.3568973e-003	 -4.3723240e+002	  8.7986105e+001	 -4.2483275e+002	
  6.4208984e+000	  4.3811447e-003	 -4.3505921e+002	  6.9746031e+001	 -4.2621918e+002	
  6.4453125e+000	  5.4877076e-003	 -4.3706025e+002	  1.4965899e+002	 -4.2753114e+002	
  6.4697266e+000	  5.3237009e-003	 -4.3889608e+002	  2.0970997e+002	 -4.2952669e+002	
  6.4941406e+000	  2.2539990e-003	 -4.4018797e+002	  1.7652226e+002	 -4.3160568e+002	
  6.5185547e+000	  7.9584274e-003	 -4.4168944e+002	  1.0097673e+002	 -4.3349095e+002	
  6.5429688e+000	  9.0336611e-003	 -4.4345634e+002	  6.0060646e+001	 -4.3486041e+002	
  6.5673828e+000	  7.8652057e-003	 -4.4514792e+002	  1.9858935e+001	 -4.3566508e+002	
  6.5917969e+000	  7.5309335e-003	 -4.4702426e+002	  1.0217045e+002	 -4.3654919e+002	
  6.6162109e+000	  1.4912146e-003	 -4.4954709e+002	  1.9361467e+002	 -4.3889293e+002	
  6.6406250e+000	  8.3625791e-003	 -4.5211066e+002	  2.1665997e+002	 -4.4076934e+002	
  6.6650391e+000	  5.8139702e-003	 -4.5425217e+002	  2.3781689e+002	 -4.4233282e+002	
  6.6894531e+000	  1.6577551e-003	 -4.5626579e+002	  2.1834645e+002	 -4.4389215e+002	
  6.7138672e+000	  1.5172476e-003	 -4.5900592e+002	  5.3931562e+002	 -4.4525442e+002	
  6.7382813e+000	  2.0004014e-003	 -4.6210660e+002	  9.5753229e+002	 -4.4671930e+002	
  6.7626953e+000	  3.3388071e-003	 -4.6454149e+002	  3.0622038e+003	 -4.4760207e+002	
  6.7871094e+000	  1.4325807e-003	 -4.6670766e+002	  8.2044929e+003	 -4.4947655e+002	
  6.8115234e+000	  1.3814963e-003	 -4.6855394e+002	  1.0891687e+004	 -4.5160080e+002	
  6.8359375e+000	  5.7222482e-003	 -4.7054388e+002	  7.7406104e+003	 -4.5385330e+002	
  6.8603516e+000	  7.2492193e-003	 -4.7272778e+002	  2.8635584e+003	 -4.5647802e+002	
  6.8847656e+000	  2.8087201e-003	 -4.7511133e+002	  1.4351677e+003	 -4.5958345e+002	
  6.9091797e+000	  3.7278348e-003	 -4.7237198e+002	  8.4727084e+002	 -4.6135857e+002	
  6.9335938e+000	  2.9790047e-003	 -4.6934432e+002	  5.9429293e+002	 -4.6274259e+002	
  6.9580078e+000	  4.8850267e-003	 -4.7169267e+002	  2.6681452e+002	 -4.6423104e+002	
  6.9824219e+000	  3.1559984e-003	 -4.7386064e+002	  2.2124992e+002	 -4.6571852e+002	
  7.0068359e+000	  1.9122315e-003	 -4.7579312e+002	  1.6532139e+002	 -4.6772637e+002	
  7.0312500e+000	  8.3660162e-004	 -4.7848150e+002	  6.8253450e+001	 -4.6892552e+002	
  7.0556641e+000	  2.9182535e-003	 -4.8150885e+002	  4.9826739e+001	 -4.6949842e+002	
  7.0800781e+000	  6.9463268e-003	 -4.8418512e+002	  1.0333595e+002	 -4.7055719e+002	
  7.1044922e+000	  6.9191491e-003	 -4.8700036e+002	  1.7102000e+002	 -4.7248385e+002	
  7.1289063e+000	  6.8596323e-003	 -4.8984573e+002	  2.0912734e+002	 -4.7434529e+002	
  7.1533203e+000	  9.9254038e-003	 -4.9249474e+002	  2.0257609e+002	 -4.7617633e+002	
  7.1777344e+000	  3.0506971e-003	 -4.9525548e+002	  1.5297525e+002	 -4.7799578e+002	
  7.2021484e+000	  6.8545159e-003	 -4.9343725e+002	  1.1535266e+002	 -4.7979309e+002	
  7.2265625e+000	  5.9561613e-003	 -4.9602183e+002	  1.0534554e+002	 -4.8175589e+002	
  7.2509766e+000	  3.1449009e-003	 -4.9804355e+002	  1.2145266e+002	 -4.8396927e+002	
  7.2753906e+000	  6.3641271e-003	 -4.9972650e+002	  1.5275684e+002	 -4.8638375e+002	
  7.2998047e+000	  3.6897433e-003	 -5.0185529e+002	  1.6199630e+002	 -4.8891252e+002	
  7.3242188e+000	  3.6540249e-003	 -5.0447610e+002	  1.4104875e+002	 -4.9152237e+002	
  7.3486328e+000	  1.0443773e-003	 -5.0194399e+002	  8.8010077e+001	 -4.9418842e+002	
  7.3730469e+000	  4.7728453e-003	 -5.0492390e+002	  4.0910677e+001	 -4.9157326e+002	
  7.3974609e+000	  2.5446992e-003	 -5.0771463e+002	  5.6710842e+001	 -4.8849286e+002	
  7.4218750e+000	  2.0045903e-003	 -5.1043384e+002	  1.8882036e+001	 -4.9117785e+002	
  7.4462891e+000	  9.2558865e-003	 -5.1260549e+002	  4.1374836e+001	 -4.9106823e+002	
  7.4707031e+000	  9.5356152e-003	 -5.1452497e+002	  1.4075971e+002	 -4.9342270e+002	
  7.4951172e+000	  4.4932153e-003	 -5.1630186e+002	  2.5048507e+002	 -4.9554020e+002	
  7.5195313e+000	  2.6489393e-003	 -5.1322553e+002	  3.4431960e+002	 -4.9761513e+002	
  7.5439453e+000	  6.9649722e-003	 -5.1032620e+002	  4.4401226e+002	 -4.9951041e+002	
  7.5683594e+000	  4.6402136e-003	 -5.1267795e+002	  5.5688483e+002	 -5.0134486e+002	
  7.5927734e+000	  6.3093216e-003	 -5.1102628e+002	  5.2974684e+002	 -5.0318886e+002	
  7.6171875e+000	  4.5782425e-003	 -5.1321389e+002	  6.3458138e+002	 -5.0466934e+002	
  7.6416016e+000	  3.4682011e-003	 -5.1520790e+002	  9.7818862e+002	 -5.0619621e+002	
  7.6660156e+000	  3.9287145e-003	 -5.1744639e+002	  2.0154106e+003	 -5.0697391e+002	
  7.6904297e+000	  6.0007114e-003	 -5.1973677e+002	  6.2444751e+003	 -5.0866239e+002	
  7.7148438e+000	  8.4849282e-004	 -5.2096051e+002	  9.4360240e+003	 -5.1075645e+002	
  7.7392578e+000	  5.9093526e-003	 -5.2229276e+002	  7.5821640e+003	 -5.1299967e+002	
  7.7636719e+000	  5.2156421e-003	 -5.2448015e+002	  3.2309477e+003	 -5.1557384e+002	
  7.7880859e+000	  3.6845295e-003	 -5.2681744e+002	  1.5904281e+003	 -5.1865636e+002	
  7.8125000e+000	  1.5893181e-003	 -5.2953838e+002	  9.4244991e+002	 -5.2053049e+002	
  7.8369141e+000	  6.0290055e-004	 -5.3193004e+002	  7.8239556e+002	 -5.2182978e+002	
  7.8613281e+000	  9.1993596e-003	 -5.3401549e+002	  4.2317653e+002	 -5.2351937e+002	
  7.8857422e+000	  8.0380261e-003	 -5.3598911e+002	  2.2617732e+002	 -5.2477058e+002	
  7.9101563e+000	  3.3904303e-003	 -5.3745170e+002	  2.5065889e+002	 -5.2643131e+002	
  7.9345703e+000	  5.4453302e-003	 -5.3876650e+002	  2.6813994e+002	 -5.2829182e+002	
  7.9589844e+000	  2.8245032e-003	 -5.4080114e+002	  2.5760796e+002	 -5.3035740e+002	
  7.9833984e+000	  4.8163941e-003	 -5.4288887e+002	  2.2377662e+002	 -5.3246044e+002	
  8.0078125e+000	  7.1464555e-003	 -5.4475029e+002	  2.0500046e+002	 -5.3442293e+002	
  8.0322266e+000	  7.4744570e-003	 -5.4643121e+002	  1.8224020e+002	 -5.3655867e+002	
  8.0566406e+000	  5.1266320e-003	 -5.4786139e+002	  1.4607318e+002	 -5.3895457e+002	
  8.0810547e+000	  4.4989343e-003	 -5.4901602e+002	  1.2513626e+002	 -5.4142788e+002	
  8.1054688e+000	  3.5962160e-004	 -5.4962315e+002	  1.3033141e+002	 -5.4378944e+002	
  8.1298828e+000	  2.5063472e-003	 -5.5000094e+002	  1.4866830e+002	 -5.4596606e+002	
  8.1542969e+000	  2.7935448e-003	 -5.5135270e+002	  1.2761649e+002	 -5.4824523e+002	
  8.1787109e+000	  6.0619799e-003	 -5.5290458e+002	  5.9333513e+001	 -5.4516780e+002	
  8.2031250e+000	  6.3272508e-003	 -5.5432026e+002	  1.2239454e+002	 -5.4254219e+002	
  8.2275391e+000	  6.6355306e-003	 -5.5597281e+002	  1.7882814e+002	 -5.4506632e+002	
  8.2519531e+000	  6.7315074e-003	 -5.5818263e+002	  1.6487285e+002	 -5.4725542e+002	
  8.2763672e+000	  8.0861325e-003	 -5.6075212e+002	  1.1959657e+002	 -5.4926676e+002	
  8.3007813e+000	  1.2219324e-003	 -5.6352081e+002	  8.6665971e+001	 -5.5143831e+002	
  8.3251953e+000	  9.1930369e-004	 -5.6635997e+002	  7.3602015e+001	 -5.5392957e+002	
  8.3496094e+000	  5.9545663e-003	 -5.6898153e+002	  6.5256286e+001	 -5.5679091e+002	
  8.3740234e+000	  3.0458169e-003	 -5.7153911e+002	  6.9494609e+001	 -5.5953337e+002	
  8.3984375e+000	  2.8151463e-003	 -5.7397025e+002	  5.5043136e+001	 -5.6142202e+002	
  8.4228516e+000	  2.1224478e-003	 -5.7507554e+002	  8.3428731e+001	 -5.6308352e+002	
  8.4472656e+000	  3.7179486e-003	 -5.7650784e+002	  1.5760445e+002	 -5.6495980e+002	
  8.4716797e+000	  6.9407646e-003	 -5.7835617e+002	  2.5737676e+002	 -5.6670743e+002	
  8.4960938e+000	  7.1610825e-003	 -5.8022515e+002	  2.8098140e+002	 -5.6840451e+002	
  8.5205078e+000	  2.9384169e-003	 -5.8212798e+002	  4.5020293e+002	 -5.6978660e+002	
  8.5449219e+000	  1.5546199e-003	 -5.8420526e+002	  9.1095871e+002	 -5.7152099e+002	
  8.5693359e+000	  2.7847435e-003	 -5.8642925e+002	  1.6449634e+003	 -5.7262467e+002	
  8.5937500e+000	  1.6977332e-003	 -5.8830795e+002	  4.9718295e+003	 -5.7415852e+002	
  8.6181641e+000	  6.1176799e-003	 -5.9018268e+002	  8.3028147e+003	 -5.7620060e+002	
  8.6425781e+000	  5.7742462e-003	 -5.9209548e+002	  7.4452197e+003	 -5.7841127e+002	
  8.6669922e+000	  5.2319361e-003	 -5.9394832e+002	  3.5448492e+003	 -5.8089773e+002	
  8.6914063e+000	  2.7386922e-003	 -5.9502746e+002	  1.6061501e+003	 -5.8398649e+002	
  8.7158203e+000	  5.7703534e-003	 -5.9529067e+002	  9.6594694e+002	 -5.8613196e+002	
  8.7402344e+000	  2.4530804e-003	 -5.9589415e+002	  6.9891680e+002	 -5.8731016e+002	
  8.7646484e+000	  6.3961026e-003	 -5.9668835e+002	  4.3347008e+002	 -5.8876242e+002	
  8.7890625e+000	  4.7532548e-003	 -5.9861946e+002	  3.0844915e+002	 -5.8994867e+002	
  8.8134766e+000	  2.6061059e-003	 -5.9799122e+002	  3.0412391e+002	 -5.9173393e+002	
  8.8378906e+000	  6.2033507e-003	 -5.9986971e+002	  2.6936181e+002	 -5.9350064e+002	
  8.8623047e+000	  1.8806219e-003	 -6.0149403e+002	  2.6067913e+002	 -5.9532429e+002	
  8.8867188e+000	  5.8442849e-003	 -6.0173892e+002	  2.1774382e+002	 -5.9737306e+002	
  8.9111328e+000	  2.4049749e-003	 -6.0431784e+002	  1.4702635e+002	 -5.9946829e+002	
  8.9355469e+000	  5.4714742e-003	 -6.0727531e+002	  5.8481572e+001	 -6.0163944e+002	
  8.9599609e+000	  2.8079251e-003	 -6.0942162e+002	  2.3235331e+001	 -6.0020843e+002	
  8.9843750e+000	  4.2221487e-003	 -6.1132362e+002	  8.3266293e+001	 -6.0253330e+002	
  9.0087891e+000	  1.9598193e-003	 -6.0865669e+002	  1.4781316e+002	 -6.0466010e+002	
  9.0332031e+000	  3.6586705e-003	 -6.0571315e+002	  1.8012448e+002	 -6.0685497e+002	
  9.0576172e+000	  4.7572102e-003	 -6.0735335e+002	  1.5629308e+002	 -6.0919860e+002	
  9.0820313e+000	  4.4402068e-003	 -6.0763961e+002	  1.4203279e+002	 -6.1166998e+002	
  9.1064453e+000	  1.0545728e-002	 -6.0950213e+002	  1.6091198e+002	 -6.1403497e+002	
  9.1308594e+000	  4.6296245e-003	 -6.1154923e+002	  1.8519826e+002	 -6.1632910e+002	
  9.1552734e+000	  1.3162843e-003	 -6.1387400e+002	  1.9316099e+002	 -6.1859292e+002	
  9.1796875e+000	  8.3861171e-003	 -6.1631946e+002	  1.4081159e+002	 -6.2086584e+002	
  9.2041016e+000	  1.0113703e-002	 -6.1855219e+002	  3.1842716e+001	 -6.2377329e+002	
  9.2285156e+000	  2.1238963e-003	 -6.2050424e+002	  9.4255087e+001	 -6.2166532e+002	
  9.2529297e+000	  5.1022056e-003	 -6.2106994e+002	  1.6258142e+002	 -6.2383141e+002	
  9.2773438e+000	  2.0362038e-003	 -6.2273881e+002	  2.0264912e+002	 -6.2586761e+002	
  9.3017578e+000	  3.8329398e-003	 -6.2524270e+002	  2.0280781e+002	 -6.2790621e+002	
  9.3261719e+000	  9.0815374e-003	 -6.2771019e+002	  1.8102100e+002	 -6.2987479e+002	
  9.3505859e+000	  9.8842947e-003	 -6.2983863e+002	  1.3459940e+002	 -6.3148684e+002	
  9.3750000e+000	  3.2239754e-003	 -6.3154299e+002	  1.6867199e+002	 -6.3232864e+002	
  9.3994141e+000	  1.1282145e-002	 -6.3357877e+002	  2.5382151e+002	 -6.3389852e+002	
  9.4238281e+000	  9.6008855e-003	 -6.3634345e+002	  3.8169673e+002	 -6.3534460e+002	
  9.4482422e+000	  9.0042951e-003	 -6.3321606e+002	  8.4907312e+002	 -6.3711325e+002	
  9.4726563e+000	  6.0355476e-003	 -6.3598251e+002	  1.2534578e+003	 -6.3846485e+002	
  9.4970703e+000	  3.0687996e-003	 -6.3856640e+002	  3.5678056e+003	 -6.3968215e+002	
  9.5214844e+000	  5.0449485e-003	 -6.4117980e+002	  6.9395087e+003	 -6.4163937e+002	
  9.5458984e+000	  2.8778714e-003	 -6.3890708e+002	  7.0592709e+003	 -6.4382343e+002	
  9.5703125e+000	  3.5965313e-003	 -6.4092253e+002	  3.7825398e+003	 -6.4626363e+002	
  9.5947266e+000	  6.7951107e-003	 -6.4259313e+002	  1.6683189e+003	 -6.4934691e+002	
  9.6191406e+000	  4.6356759e-003	 -6.4462419e+002	  1.0178544e+003	 -6.5173969e+002	
  9.6435547e+000	  1.9830964e-003	 -6.4685741e+002	  6.5733416e+002	 -6.5280436e+002	
  9.6679688e+000	  3.6697114e-003	 -6.4371827e+002	  5.6002802e+002	 -6.5430258e+002	
  9.6923828e+000	  3.9279683e-003	 -6.4080876e+002	  3.5732660e+002	 -6.5589675e+002	
  9.7167969e+000	  7.9348845e-003	 -6.4274707e+002	  2.8644356e+002	 -6.5775989e+002	
  9.7412109e+000	  5.1430553e-003	 -6.4440242e+002	  1.8557777e+002	 -6.5964633e+002	
  9.7656250e+000	  7.4710599e-003	 -6.4622726e+002	  1.0669834e+002	 -6.6111927e+002	
  9.7900391e+000	  7.8019969e-003	 -6.4819430e+002	  7.2818495e+001	 -6.6258757e+002	
  9.8144531e+000	  4.6162158e-003	 -6.4983997e+002	  5.9283378e+001	 -6.6405904e+002	
  9.8388672e+000	  5.6722336e-003	 -6.5008803e+002	  4.6570858e+001	 -6.6511662e+002	
  9.8632813e+000	  6.0577367e-003	 -6.5176008e+002	  9.7117439e+001	 -6.6629117e+002	
  9.8876953e+000	  1.0740049e-003	 -6.5317840e+002	  1.2768747e+002	 -6.6838592e+002	
  9.9121094e+000	  2.5555274e-003	 -6.5427316e+002	  9.7939771e+001	 -6.7069060e+002	
  9.9365234e+000	  7.0692989e-003	 -6.5589518e+002	  3.9306709e+001	 -6.7293694e+002	
  9.9609375e+000	  2.6665215e-003	 -6.5672258e+002	  1.8881015e+001	 -6.7219831e+002	
  9.9853516e+000	  8.7918838e-003	 -6.5840521e+002	  5.0492201e+001	 -6.7414230e+002	
  1.0009766e+001	  4.0282511e-003	 -6.6099641e+002	  5.7092223e+001	 -6.7616704e+002	
  1.0034180e+001	  6.7501518e-003	 -6.5810279e+002	  3.6438267e+001	 -6.7859536e+002	
  1.0058594e+001	  6.1915209e-003	 -6.6071341e+002	  4.2508941e+001	 -6.7618016e+002	
  1.0083008e+001	  3.6981776e-003	 -6.6297299e+002	  7.3217831e+001	 -6.7848706e+002	
  1.0107422e+001	  1.5439325e-003	 -6.6464833e+002	  7.0043638e+001	 -6.7997072e+002	
  1.0131836e+001	  3.8869507e-003	 -6.6425074e+002	  8.9594068e+001	 -6.8158022e+002	
  1.0156250e+001	  1.5843686e-003	 -6.6449536e+002	  8.8816636e+001	 -6.8350576e+002	
  1.0180664e+001	  5.0082943e-003	 -6.6567183e+002	  9.8170527e+001	 -6.8514245e+002	
  1.0205078e+001	  3.6366939e-003	 -6.6737109e+002	  1.3356390e+002	 -6.8686282e+002	
  1.0229492e+001	  2.6417232e-003	 -6.6876608e+002	  1.5904585e+002	 -6.8869978e+002	
  1.0253906e+001	  4.9182790e-003	 -6.7069677e+002	  1.5817145e+002	 -6.9037461e+002	
  1.0278320e+001	  3.6217395e-003	 -6.7304963e+002	  2.0037003e+002	 -6.9150755e+002	
  1.0302734e+001	  6.0545238e-004	 -6.7612269e+002	  3.2978725e+002	 -6.9308412e+002	
  1.0327148e+001	  1.4320713e-003	 -6.7904927e+002	  4.2426444e+002	 -6.9475266e+002	
  1.0351563e+001	  5.1514228e-003	 -6.8116292e+002	  7.3612131e+002	 -6.9642403e+002	
  1.0375977e+001	  7.7964890e-003	 -6.8334740e+002	  1.0351897e+003	 -6.9785300e+002	
  1.0400391e+001	  6.7702795e-003	 -6.8563999e+002	  2.6957525e+003	 -6.9891957e+002	
  1.0424805e+001	  9.0186513e-003	 -6.8790465e+002	  5.9304525e+003	 -7.0080333e+002	
  1.0449219e+001	  7.9891656e-003	 -6.9000824e+002	  6.8359136e+003	 -7.0296269e+002	
  1.0473633e+001	  3.2533578e-003	 -6.9180135e+002	  4.2543204e+003	 -7.0535768e+002	
  1.0498047e+001	  3.4909013e-003	 -6.9354356e+002	  1.9716611e+003	 -7.0832164e+002	
  1.0522461e+001	  7.6286543e-003	 -6.9573885e+002	  1.3086727e+003	 -7.1090150e+002	
  1.0546875e+001	  6.1875473e-003	 -6.9811437e+002	  7.5044728e+002	 -7.1225099e+002	
  1.0571289e+001	  5.1723443e-003	 -7.0028543e+002	  6.3473968e+002	 -7.1368902e+002	
  1.0595703e+001	  7.5902466e-003	 -7.0208343e+002	  3.5636828e+002	 -7.1535300e+002	
  1.0620117e+001	  6.9745476e-003	 -7.0346995e+002	  2.4809094e+002	 -7.1704467e+002	
  1.0644531e+001	  6.9344527e-003	 -7.0481940e+002	  1.8123398e+002	 -7.1901476e+002	
  1.0668945e+001	  5.8422554e-003	 -7.0659150e+002	  1.0173619e+002	 -7.2086604e+002	
  1.0693359e+001	  3.6861831e-003	 -7.0431538e+002	  5.6196434e+001	 -7.2245371e+002	
  1.0717773e+001	  5.4893625e-003	 -7.0662624e+002	  5.8489601e+001	 -7.2360805e+002	
  1.0742188e+001	  5.9253837e-003	 -7.0828880e+002	  6.9872488e+001	 -7.2515921e+002	
  1.0766602e+001	  3.6088142e-003	 -7.1000901e+002	  5.2359763e+001	 -7.2633474e+002	
  1.0791016e+001	  1.0835890e-003	 -7.1196635e+002	  7.7919427e+001	 -7.2748307e+002	
  1.0815430e+001	  6.4259563e-003	 -7.1386111e+002	  1.0479264e+002	 -7.2927288e+002	
  1.0839844e+001	  4.9976928e-003	 -7.1554380e+002	  9.8569513e+001	 -7.3116314e+002	
  1.0864258e+001	  5.2563390e-003	 -7.1734037e+002	  5.8280944e+001	 -7.3280491e+002	
  1.0888672e+001	  3.2478953e-003	 -7.1941087e+002	  2.5568686e+001	 -7.3387314e+002	
  1.0913086e+001	  3.2403442e-003	 -7.2147343e+002	  2.8496696e+001	 -7.3363960e+002	
  1.0937500e+001	  3.8655972e-003	 -7.2296556e+002	  6.0489349e+001	 -7.3516228e+002	
  1.0961914e+001	  1.2462839e-003	 -7.2336024e+002	  5.7717295e+001	 -7.3650651e+002	
  1.0986328e+001	  2.9328301e-003	 -7.2385195e+002	  8.1062857e+001	 -7.3769112e+002	
  1.1010742e+001	  2.9255572e-003	 -7.2555471e+002	  8.7245067e+001	 -7.3932067e+002	
  1.1035156e+001	  4.8861879e-003	 -7.2757452e+002	  6.2576277e+001	 -7.4094752e+002	
  1.1059570e+001	  6.9098141e-004	 -7.3025425e+002	  3.4222818e+001	 -7.4241521e+002	
  1.1083984e+001	  4.2393302e-003	 -7.3294148e+002	  3.4622004e+001	 -7.4341752e+002	
  1.1108398e+001	  5.9756523e-003	 -7.3521421e+002	  6.0259143e+001	 -7.4509855e+002	
  1.1132813e+001	  2.8878573e-003	 -7.3751936e+002	  9.6130651e+001	 -7.4719797e+002	
  1.1157227e+001	  9.6394811e-003	 -7.3968903e+002	  1.4320716e+002	 -7.4929049e+002	
  1.1181641e+001	  1.0014059e-002	 -7.4172969e+002	  1.9603520e+002	 -7.5085918e+002	
  1.1206055e+001	  5.4768176e-003	 -7.4393672e+002	  3.0500107e+002	 -7.5239213e+002	
  1.1230469e+001	  5.6265273e-003	 -7.4081976e+002	  4.0136416e+002	 -7.5401356e+002	
  1.1254883e+001	  6.2795665e-003	 -7.4376073e+002	  6.9721702e+002	 -7.5565447e+002	
  1.1279297e+001	  5.7498068e-003	 -7.4619764e+002	  1.0101958e+003	 -7.5727981e+002	
  1.1303711e+001	  9.8756042e-003	 -7.4845482e+002	  1.9621622e+003	 -7.5824828e+002	
  1.1328125e+001	  5.0561867e-003	 -7.5061099e+002	  4.8894109e+003	 -7.5997530e+002	
  1.1352539e+001	  8.8897656e-004	 -7.5333185e+002	  6.3814709e+003	 -7.6209076e+002	
  1.1376953e+001	  4.5469460e-003	 -7.5024005e+002	  4.4591463e+003	 -7.6443434e+002	
  1.1401367e+001	  5.8339843e-003	 -7.5202885e+002	  2.1002245e+003	 -7.6732019e+002	
  1.1425781e+001	  5.6326392e-003	 -7.5332767e+002	  1.5017454e+003	 -7.7005084e+002	
  1.1450195e+001	  7.9540559e-003	 -7.5493522e+002	  8.7078664e+002	 -7.7162705e+002	
  1.1474609e+001	  2.3129967e-003	 -7.5714984e+002	  7.0422786e+002	 -7.7295365e+002	
  1.1499023e+001	  3.5595433e-003	 -7.5449028e+002	  4.3547528e+002	 -7.7452728e+002	
  1.1523438e+001	  4.6579328e-003	 -7.5700328e+002	  3.1232204e+002	 -7.7608168e+002	
  1.1547852e+001	  2.4074894e-003	 -7.5907091e+002	  2.4017960e+002	 -7.7787927e+002	
  1.1572266e+001	  3.4545968e-004	 -7.6013985e+002	  1.5914143e+002	 -7.7957140e+002	
  1.1596680e+001	  4.6528468e-003	 -7.6128838e+002	  9.2968129e+001	 -7.8132646e+002	
  1.1621094e+001	  4.2792010e-003	 -7.6319562e+002	  4.6373208e+001	 -7.8266634e+002	
  1.1645508e+001	  5.9562949e-003	 -7.6543919e+002	  6.7945956e+001	 -7.8396270e+002	
  1.1669922e+001	  4.1105596e-003	 -7.6821903e+002	  7.3579373e+001	 -7.8580162e+002	
  1.1694336e+001	  5.4547388e-003	 -7.7086017e+002	  4.8571278e+001	 -7.8769119e+002	
  1.1718750e+001	  5.5930610e-003	 -7.7304836e+002	  1.0157225e+001	 -7.8905696e+002	
  1.1743164e+001	  3.1305032e-003	 -7.7476652e+002	  4.5986889e+001	 -7.8898752e+002	
  1.1767578e+001	  4.6615598e-003	 -7.7468317e+002	  1.0633466e+002	 -7.9091585e+002	
  1.1791992e+001	  3.8567538e-003	 -7.7658527e+002	  1.4998540e+002	 -7.9303626e+002	
  1.1816406e+001	  1.2288048e-003	 -7.7863405e+002	  1.3901137e+002	 -7.9533882e+002	
  1.1840820e+001	  3.0682700e-003	 -7.8104099e+002	  8.6601656e+001	 -7.9786011e+002	
  1.1865234e+001	  1.0237504e-003	 -7.7869487e+002	  5.5857060e+001	 -8.0085268e+002	
  1.1889648e+001	  6.3827453e-003	 -7.8090735e+002	  6.3499171e+001	 -8.0339882e+002	
  1.1914063e+001	  4.3164381e-003	 -7.8305815e+002	  5.8629918e+001	 -8.0517150e+002	
  1.1938477e+001	  5.2410067e-004	 -7.8532138e+002	  6.2966235e+001	 -8.0677127e+002	
  1.1962891e+001	  3.4181895e-003	 -7.8743967e+002	  5.6890129e+001	 -8.0874848e+002	
  1.1987305e+001	  5.4572455e-003	 -7.8941816e+002	  2.8236024e+001	 -8.1021201e+002	
  1.2011719e+001	  7.4848934e-003	 -7.9146316e+002	  5.0953808e+001	 -8.1085957e+002	
  1.2036133e+001	  2.8759749e-003	 -7.9343623e+002	  9.9811948e+001	 -8.1256263e+002	
  1.2060547e+001	  2.7739701e-003	 -7.9525702e+002	  1.6463587e+002	 -8.1449444e+002	
  1.2084961e+001	  8.0940251e-003	 -7.9715189e+002	  2.4454453e+002	 -8.1630962e+002	
  1.2109375e+001	  4.0474785e-004	 -7.9886278e+002	  3.2390241e+002	 -8.1803596e+002	
  1.2133789e+001	  6.6836402e-003	 -7.9803551e+002	  3.4504745e+002	 -8.1966050e+002	
  1.2158203e+001	  4.6677906e-003	 -7.9995285e+002	  5.5329612e+002	 -8.2110889e+002	
  1.2182617e+001	  8.3892955e-003	 -8.0191411e+002	  9.3408639e+002	 -8.2277555e+002	
  1.2207031e+001	  5.2442693e-003	 -8.0374658e+002	  1.5842745e+003	 -8.2387600e+002	
  1.2231445e+001	  6.5512221e-003	 -8.0392377e+002	  4.0987607e+003	 -8.2546482e+002	
  1.2255859e+001	  6.5542585e-003	 -8.0619425e+002	  5.9891144e+003	 -8.2753800e+002	
  1.2280273e+001	  6.2730427e-003	 -8.0926156e+002	  4.7505233e+003	 -8.2984765e+002	
  1.2304688e+001	  3.7369559e-003	 -8.1236529e+002	  2.4260429e+003	 -8.3262709e+002	
  1.2329102e+001	  2.5517269e-003	 -8.1478651e+002	  1.7216089e+003	 -8.3544280e+002	
  1.2353516e+001	  3.9074028e-003	 -8.1611357e+002	  1.0182899e+003	 -8.3723006e+002	
  1.2377930e+001	  4.0722257e-003	 -8.1656236e+002	  7.7911986e+002	 -8.3853806e+002	
  1.2402344e+001	  6.5696504e-003	 -8.1790138e+002	  4.9074477e+002	 -8.4017948e+002	
  1.2426758e+001	  6.4820045e-003	 -8.1775416e+002	  2.8905422e+002	 -8.4166952e+002	
  1.2451172e+001	  1.0374060e-002	 -8.2003068e+002	  2.3493041e+002	 -8.4330305e+002	
  1.2475586e+001	  4.5542720e-003	 -8.2270854e+002	  1.9322331e+002	 -8.4495651e+002	
  1.2500000e+001	  5.3040874e-003	 -8.2554732e+002	  1.6968191e+002	 -8.4678742e+002	
  1.2524414e+001	  3.3056571e-003	 -8.2816328e+002	  1.3995142e+002	 -8.4883852e+002	
  1.2548828e+001	  9.7893243e-004	 -8.2553732e+002	  1.0158532e+002	 -8.5083107e+002	
  1.2573242e+001	  7.3180587e-003	 -8.2776150e+002	  4.6264209e+001	 -8.5242037e+002	
  1.2597656e+001	  4.3953484e-003	 -8.2997374e+002	  4.8870822e+001	 -8.5315338e+002	
  1.2622070e+001	  1.1158834e-003	 -8.3245170e+002	  5.9856440e+001	 -8.5486630e+002	
  1.2646484e+001	  6.4531426e-003	 -8.3494115e+002	  5.1465087e+001	 -8.5618484e+002	
  1.2670898e+001	  4.2666593e-003	 -8.3708226e+002	  6.6140666e+001	 -8.5741418e+002	
  1.2695313e+001	  1.3148555e-003	 -8.3846843e+002	  7.6548387e+001	 -8.5897210e+002	
  1.2719727e+001	  4.2948931e-003	 -8.3968349e+002	  6.0531017e+001	 -8.6090117e+002	
  1.2744141e+001	  4.9792366e-003	 -8.4143350e+002	  2.2695130e+001	 -8.5821579e+002	
  1.2768555e+001	  6.3295267e-003	 -8.4334860e+002	  9.6685656e+001	 -8.6126166e+002	
  1.2792969e+001	  1.6286444e-003	 -8.4541000e+002	  1.5046729e+002	 -8.6340114e+002	
  1.2817383e+001	  3.3388426e-003	 -8.4714198e+002	  1.3450853e+002	 -8.6550443e+002	
  1.2841797e+001	  3.8792123e-003	 -8.4764695e+002	  7.0840386e+001	 -8.6770778e+002	
  1.2866211e+001	  3.8580558e-003	 -8.4957914e+002	  2.4253638e+001	 -8.7059489e+002	
  1.2890625e+001	  3.6575883e-003	 -8.5180738e+002	  3.8939671e+001	 -8.6775331e+002	
  1.2915039e+001	  2.7280571e-003	 -8.5465408e+002	  6.9254510e+001	 -8.7014560e+002	
  1.2939453e+001	  2.7497955e-003	 -8.5496783e+002	  9.2171911e+001	 -8.7225249e+002	
  1.2963867e+001	  5.6610405e-003	 -8.5696760e+002	  1.1765328e+002	 -8.7425026e+002	
  1.2988281e+001	  4.4114653e-003	 -8.5901138e+002	  1.3200351e+002	 -8.7584396e+002	
  1.3012695e+001	  2.2061559e-003	 -8.6093392e+002	  2.1743063e+002	 -8.7713722e+002	
  1.3037109e+001	  5.8069250e-003	 -8.6271986e+002	  3.1949967e+002	 -8.7882263e+002	
  1.3061523e+001	  7.9250441e-003	 -8.6464424e+002	  4.7905111e+002	 -8.8039055e+002	
  1.3085938e+001	  7.7124548e-003	 -8.6675979e+002	  8.4581414e+002	 -8.8205818e+002	
  1.3110352e+001	  6.6429459e-003	 -8.6904332e+002	  1.2673090e+003	 -8.8328330e+002	
  1.3134766e+001	  4.0147763e-003	 -8.7138795e+002	  3.2830048e+003	 -8.8468134e+002	
  1.3159180e+001	  1.2166847e-003	 -8.7350138e+002	  5.4303655e+003	 -8.8669073e+002	
  1.3183594e+001	  4.4446189e-003	 -8.7572403e+002	  4.8505980e+003	 -8.8896110e+002	
  1.3208008e+001	  2.8504103e-003	 -8.7841827e+002	  2.6300944e+003	 -8.9166303e+002	
  1.3232422e+001	  7.0239302e-003	 -8.8088386e+002	  1.8374308e+003	 -8.9459123e+002	
  1.3256836e+001	  1.3940419e-003	 -8.8302619e+002	  1.0723492e+003	 -8.9659470e+002	
  1.3281250e+001	  4.9447684e-003	 -8.8545987e+002	  7.2116215e+002	 -8.9772023e+002	
  1.3305664e+001	  4.1223513e-003	 -8.8801390e+002	  5.7467197e+002	 -8.9924404e+002	
  1.3330078e+001	  9.0249656e-003	 -8.9021933e+002	  3.8016598e+002	 -9.0085516e+002	
  1.3354492e+001	  2.0492172e-003	 -8.9205718e+002	  2.7705559e+002	 -9.0256461e+002	
  1.3378906e+001	  4.5950752e-003	 -8.9245548e+002	  1.9919362e+002	 -9.0418148e+002	
  1.3403320e+001	  4.8325759e-003	 -8.9393406e+002	  1.6079872e+002	 -9.0588573e+002	
  1.3427734e+001	  3.0239737e-003	 -8.9487499e+002	  1.0993356e+002	 -9.0778263e+002	
  1.3452148e+001	  9.0020763e-003	 -8.9660779e+002	  7.4738314e+001	 -9.0937324e+002	
  1.3476563e+001	  5.2796373e-003	 -8.9849287e+002	  6.3891924e+001	 -9.1081039e+002	
  1.3500977e+001	  3.3585584e-003	 -8.9742018e+002	  5.6327197e+001	 -9.1239325e+002	
  1.3525391e+001	  6.9138556e-003	 -8.9929153e+002	  4.2690209e+001	 -9.1426519e+002	
  1.3549805e+001	  6.5493849e-003	 -9.0139509e+002	  2.4666925e+001	 -9.1535533e+002	
  1.3574219e+001	  5.2960454e-003	 -9.0350165e+002	  5.9403058e+001	 -9.1644255e+002	
  1.3598633e+001	  4.9277863e-003	 -9.0538180e+002	  8.0479618e+001	 -9.1835802e+002	
  1.3623047e+001	  2.5391550e-003	 -9.0661991e+002	  5.3619518e+001	 -9.2067256e+002	
  1.3647461e+001	  2.8440685e-003	 -9.0818166e+002	  4.0115420e+001	 -9.1799940e+002	
  1.3671875e+001	  2.1007131e-003	 -9.0574773e+002	  6.9903926e+001	 -9.2059745e+002	
  1.3696289e+001	  2.8085522e-003	 -9.0801451e+002	  6.9635560e+001	 -9.2233081e+002	
  1.3720703e+001	  1.7327635e-003	 -9.0988166e+002	  9.5547092e+001	 -9.2378405e+002	
  1.3745117e+001	  3.7171304e-003	 -9.1136020e+002	  1.2312287e+002	 -9.2576331e+002	
  1.3769531e+001	  4.8071271e-003	 -9.1274854e+002	  1.0392394e+002	 -9.2805604e+002	
  1.3793945e+001	  7.6006282e-003	 -9.1433054e+002	  4.1312841e+001	 -9.3057126e+002	
  1.3818359e+001	  5.0134575e-003	 -9.1602019e+002	  3.7107089e+001	 -9.2938755e+002	
  1.3842773e+001	  3.3411782e-003	 -9.1804166e+002	  8.7013268e+001	 -9.3183194e+002	
  1.3867188e+001	  3.7544444e-003	 -9.1553907e+002	  1.1577098e+002	 -9.3391869e+002	
  1.3891602e+001	  4.1835681e-003	 -9.1768959e+002	  1.2417230e+002	 -9.3552369e+002	
  1.3916016e+001	  1.7550452e-003	 -9.1891288e+002	  1.6669310e+002	 -9.3660188e+002	
  1.3940430e+001	  2.3109176e-003	 -9.1888707e+002	  2.5449298e+002	 -9.3805212e+002	
  1.3964844e+001	  6.9880770e-003	 -9.2103101e+002	  3.8956865e+002	 -9.3950594e+002	
  1.3989258e+001	  8.5161904e-003	 -9.2326784e+002	  7.6627444e+002	 -9.4121393e+002	
  1.4013672e+001	  3.1383486e-003	 -9.2551345e+002	  1.1331927e+003	 -9.4267701e+002	
  1.4038086e+001	  8.5511088e-004	 -9.2775226e+002	  2.5923672e+003	 -9.4394639e+002	
  1.4062500e+001	  1.1683582e-003	 -9.3050996e+002	  4.7750162e+003	 -9.4586076e+002	
  1.4086914e+001	  1.9643673e-003	 -9.3356083e+002	  4.7905442e+003	 -9.4807957e+002	
  1.4111328e+001	  3.3604508e-003	 -9.3055936e+002	  2.8125152e+003	 -9.5069233e+002	
  1.4135742e+001	  4.2613032e-003	 -9.3332609e+002	  1.9502966e+003	 -9.5365699e+002	
  1.4160156e+001	  9.7029445e-003	 -9.3551336e+002	  1.3025644e+003	 -9.5581929e+002	
  1.4184570e+001	  3.3497680e-003	 -9.3711632e+002	  7.9318526e+002	 -9.5710314e+002	
  1.4208984e+001	  7.1376618e-003	 -9.3698855e+002	  6.0178468e+002	 -9.5852050e+002	
  1.4233398e+001	  5.5059812e-003	 -9.3839978e+002	  4.1434546e+002	 -9.5996647e+002	
  1.4257813e+001	  4.5327961e-003	 -9.3944916e+002	  3.5433809e+002	 -9.6165794e+002	
  1.4282227e+001	  5.6859162e-003	 -9.4120211e+002	  2.3776921e+002	 -9.6348483e+002	
  1.4306641e+001	  7.3283629e-003	 -9.4345162e+002	  1.1762513e+002	 -9.6515975e+002	
  1.4331055e+001	  6.7553423e-003	 -9.4569454e+002	  2.8208068e+001	 -9.6669525e+002	
  1.4355469e+001	  2.7256964e-003	 -9.4686144e+002	  4.3523999e+001	 -9.6642479e+002	
  1.4379883e+001	  7.6876583e-003	 -9.4847279e+002	  1.0170456e+002	 -9.6855694e+002	
  1.4404297e+001	  3.7721251e-003	 -9.5066456e+002	  1.5688634e+002	 -9.7081777e+002	
  1.4428711e+001	  8.6459070e-003	 -9.5291668e+002	  1.6868303e+002	 -9.7307998e+002	
  1.4453125e+001	  8.9679219e-003	 -9.5525383e+002	  1.2039062e+002	 -9.7522838e+002	
  1.4477539e+001	  4.2887205e-003	 -9.5782765e+002	  4.2825131e+001	 -9.7717231e+002	
  1.4501953e+001	  1.8918566e-003	 -9.6049646e+002	  3.4821327e+001	 -9.7638146e+002	
  1.4526367e+001	  4.9286736e-003	 -9.5925312e+002	  7.6910885e+001	 -9.7853262e+002	
  1.4550781e+001	  5.1326985e-003	 -9.6141523e+002	  5.4982531e+001	 -9.8104557e+002	
  1.4575195e+001	  3.6553153e-003	 -9.6338738e+002	  3.7295646e+001	 -9.7896040e+002	
  1.4599609e+001	  4.6511510e-003	 -9.6552896e+002	  1.0103766e+002	 -9.8167480e+002	
  1.4624023e+001	  3.0557800e-003	 -9.6768504e+002	  1.2102424e+002	 -9.8372388e+002	
  1.4648438e+001	  8.3992276e-003	 -9.6970545e+002	  1.2689369e+002	 -9.8534641e+002	
  1.4672852e+001	  1.0828416e-003	 -9.7148741e+002	  1.7258529e+002	 -9.8702626e+002	
  1.4697266e+001	  3.9472146e-003	 -9.7288023e+002	  1.7638164e+002	 -9.8890535e+002	
  1.4721680e+001	  2.0336505e-003	 -9.7513550e+002	  1.0164824e+002	 -9.9053589e+002	
  1.4746094e+001	  3.9138750e-003	 -9.7804332e+002	  6.6412460e+001	 -9.9124003e+002	
  1.4770508e+001	  5.1983738e-004	 -9.7508815e+002	  9.4554416e+001	 -9.9244851e+002	
  1.4794922e+001	  4.6707071e-003	 -9.7736043e+002	  1.2561923e+002	 -9.9381378e+002	
  1.4819336e+001	  7.9027527e-003	 -9.7908959e+002	  2.5421858e+002	 -9.9527520e+002	
  1.4843750e+001	  8.6286105e-003	 -9.8072755e+002	  4.1491765e+002	 -9.9716717e+002	
  1.4868164e+001	  4.1490094e-003	 -9.8229769e+002	  4.8010060e+002	 -9.9901700e+002	
  1.4892578e+001	  1.7450011e-003	 -9.8365798e+002	  6.6561011e+002	 -1.0006227e+003	
  1.4916992e+001	  2.6717307e-003	 -9.8472620e+002	  9.4078290e+002	 -1.0020479e+003	
  1.4941406e+001	  3.8250686e-003	 -9.8648652e+002	  2.0332312e+003	 -1.0031890e+003	
  1.4965820e+001	  4.6086556e-003	 -9.8872418e+002	  4.2039385e+003	 -1.0050223e+003	
  1.4990234e+001	  2.3589436e-003	 -9.9149279e+002	  4.7497085e+003	 -1.0072092e+003	
  1.5014648e+001	  2.7070183e-003	 -9.9377815e+002	  3.0755474e+003	 -1.0097549e+003	
  1.5039063e+001	  4.1490216e-003	 -9.9553682e+002	  2.0633867e+003	 -1.0127316e+003	
  1.5063477e+001	  9.1790454e-003	 -9.9742584e+002	  1.4451167e+003	 -1.0150651e+003	
  1.5087891e+001	  9.0840492e-003	 -9.9937077e+002	  7.6728148e+002	 -1.0164492e+003	
  1.5112305e+001	  7.0104329e-003	 -1.0013569e+003	  5.4099458e+002	 -1.0178272e+003	
  1.5136719e+001	  3.7747443e-003	 -1.0034302e+003	  2.3753995e+002	 -1.0191877e+003	
  1.5161133e+001	  3.2052654e-003	 -1.0056153e+003	  1.9531634e+002	 -1.0204162e+003	
  1.5185547e+001	  3.6314721e-003	 -1.0078113e+003	  1.7467392e+002	 -1.0222823e+003	
  1.5209961e+001	  4.4363880e-003	 -1.0097167e+003	  1.3479295e+002	 -1.0241340e+003	
  1.5234375e+001	  4.1102577e-003	 -1.0112001e+003	  9.2188035e+001	 -1.0258796e+003	
  1.5258789e+001	  1.0522890e-002	 -1.0128122e+003	  9.7590745e+001	 -1.0273803e+003	
  1.5283203e+001	  3.5039864e-003	 -1.0144703e+003	  1.3683994e+002	 -1.0292775e+003	
  1.5307617e+001	  9.1520428e-003	 -1.0137539e+003	  1.3085093e+002	 -1.0312664e+003	
  1.5332031e+001	  4.7049269e-003	 -1.0155902e+003	  8.4653526e+001	 -1.0329278e+003	
  1.5356445e+001	  3.8863592e-003	 -1.0172388e+003	  6.9497160e+001	 -1.0339845e+003	
  1.5380859e+001	  5.0960378e-003	 -1.0189604e+003	  6.5866158e+001	 -1.0353259e+003	
  1.5405273e+001	  2.6733260e-003	 -1.0212372e+003	  4.7145682e+001	 -1.0360886e+003	
  1.5429688e+001	  2.1756256e-003	 -1.0182771e+003	  7.4096070e+001	 -1.0373121e+003	
  1.5454102e+001	  5.1023695e-003	 -1.0211728e+003	  5.5831739e+001	 -1.0390673e+003	
  1.5478516e+001	  3.4882290e-003	 -1.0232597e+003	  1.6814112e+001	 -1.0398091e+003	
  1.5502930e+001	  4.0680003e-003	 -1.0231278e+003	  6.0066711e+001	 -1.0403813e+003	
  1.5527344e+001	  5.7554251e-003	 -1.0253177e+003	  1.0410794e+002	 -1.0421754e+003	
  1.5551758e+001	  2.0125385e-003	 -1.0242873e+003	  1.0475348e+002	 -1.0438766e+003	
  1.5576172e+001	  5.0904562e-003	 -1.0268234e+003	  9.7066464e+001	 -1.0452789e+003	
  1.5600586e+001	  2.4742909e-003	 -1.0294270e+003	  1.0425363e+002	 -1.0467986e+003	
  1.5625000e+001	  2.9251029e-003	 -1.0318809e+003	  1.0428243e+002	 -1.0484664e+003	
  1.5649414e+001	  1.5316666e-003	 -1.0336539e+003	  9.3340124e+001	 -1.0501795e+003	
  1.5673828e+001	  8.5599146e-003	 -1.0356197e+003	  8.8953188e+001	 -1.0517482e+003	
  1.5698242e+001	  7.6462505e-003	 -1.0376415e+003	  1.2465670e+002	 -1.0533059e+003	
  1.5722656e+001	  3.2796832e-003	 -1.0395769e+003	  2.0068428e+002	 -1.0548680e+003	
  1.5747070e+001	  2.3514877e-003	 -1.0418046e+003	  2.9901234e+002	 -1.0565927e+003	
  1.5771484e+001	  6.2129184e-003	 -1.0445182e+003	  3.4537142e+002	 -1.0582900e+003	
  1.5795898e+001	  2.6801660e-003	 -1.0469560e+003	  5.5433314e+002	 -1.0597892e+003	
  1.5820313e+001	  1.1759926e-003	 -1.0486316e+003	  8.9047488e+002	 -1.0613591e+003	
  1.5844727e+001	  4.9702857e-003	 -1.0501614e+003	  1.6286236e+003	 -1.0624976e+003	
  1.5869141e+001	  3.4983190e-003	 -1.0521457e+003	  3.6569182e+003	 -1.0641950e+003	
  1.5893555e+001	  4.2722301e-003	 -1.0516084e+003	  4.6416105e+003	 -1.0663289e+003	
  1.5917969e+001	  4.8519875e-003	 -1.0535463e+003	  3.3126805e+003	 -1.0688023e+003	
  1.5942383e+001	  1.3699409e-003	 -1.0549743e+003	  2.1849056e+003	 -1.0717673e+003	
  1.5966797e+001	  7.4680082e-003	 -1.0563310e+003	  1.6977983e+003	 -1.0742506e+003	
  1.5991211e+001	  3.5499691e-003	 -1.0584597e+003	  8.9783536e+002	 -1.0758437e+003	
  1.6015625e+001	  3.9421476e-003	 -1.0556127e+003	  6.4359275e+002	 -1.0771435e+003	
  1.6040039e+001	  6.1633125e-003	 -1.0582164e+003	  3.5199857e+002	 -1.0787232e+003	
  1.6064453e+001	  7.5982612e-003	 -1.0605361e+003	  2.0619896e+002	 -1.0801024e+003	
  1.6088867e+001	  5.3148868e-003	 -1.0630266e+003	  1.5120622e+002	 -1.0817089e+003	
  1.6113281e+001	  1.7293696e-003	 -1.0656247e+003	  1.0363833e+002	 -1.0831469e+003	
  1.6137695e+001	  2.8183434e-003	 -1.0684395e+003	  8.4357053e+001	 -1.0846211e+003	
  1.6162109e+001	  2.3468949e-003	 -1.0657324e+003	  9.4645296e+001	 -1.0863714e+003	
  1.6186523e+001	  7.2586332e-003	 -1.0682057e+003	  1.2417026e+002	 -1.0883996e+003	
  1.6210938e+001	  6.5587775e-003	 -1.0704746e+003	  1.1937828e+002	 -1.0903121e+003	
  1.6235352e+001	  3.2035304e-003	 -1.0724744e+003	  9.3543562e+001	 -1.0918694e+003	
  1.6259766e+001	  2.8111217e-003	 -1.0731021e+003	  8.2214095e+001	 -1.0932415e+003	
  1.6284180e+001	  7.1090244e-003	 -1.0746443e+003	  7.3516033e+001	 -1.0945840e+003	
  1.6308594e+001	  5.8705633e-003	 -1.0766988e+003	  6.8186520e+001	 -1.0959718e+003	
  1.6333008e+001	  9.3307637e-004	 -1.0789309e+003	  5.2426459e+001	 -1.0977415e+003	
  1.6357422e+001	  2.6348457e-003	 -1.0814450e+003	  2.3089965e+001	 -1.1004595e+003	
  1.6381836e+001	  3.9368363e-003	 -1.0842684e+003	  3.9882391e+001	 -1.0974067e+003	
  1.6406250e+001	  4.6532047e-003	 -1.0869621e+003	  7.1547367e+001	 -1.0994395e+003	
  1.6430664e+001	  9.2199727e-003	 -1.0894408e+003	  9.7217492e+001	 -1.1013395e+003	
  1.6455078e+001	  1.7285635e-003	 -1.0921705e+003	  7.8777949e+001	 -1.1031385e+003	
  1.6479492e+001	  6.6953200e-003	 -1.0903710e+003	  4.5299621e+001	 -1.1041845e+003	
  1.6503906e+001	  4.9343313e-003	 -1.0928992e+003	  6.7081862e+001	 -1.1052007e+003	
  1.6528320e+001	  4.7027172e-003	 -1.0949242e+003	  1.0061684e+002	 -1.1068333e+003	
  1.6552734e+001	  3.6033507e-003	 -1.0958500e+003	  1.2988134e+002	 -1.1086520e+003	
  1.6577148e+001	  8.7062818e-003	 -1.0978785e+003	  1.5179767e+002	 -1.1104873e+003	
  1.6601563e+001	  4.4139603e-003	 -1.1003352e+003	  1.8437103e+002	 -1.1123775e+003	
  1.6625977e+001	  5.3240713e-003	 -1.1029924e+003	  2.2939985e+002	 -1.1141833e+003	
  1.6650391e+001	  2.8796479e-003	 -1.1057548e+003	  2.9400500e+002	 -1.1159085e+003	
  1.6674805e+001	  1.6713002e-003	 -1.1086944e+003	  3.2784420e+002	 -1.1176038e+003	
  1.6699219e+001	  4.8549229e-003	 -1.1111605e+003	  4.8240774e+002	 -1.1190398e+003	
  1.6723633e+001	  2.1569310e-003	 -1.1132133e+003	  8.4134718e+002	 -1.1206356e+003	
  1.6748047e+001	  2.2502741e-003	 -1.1154620e+003	  1.3432582e+003	 -1.1218684e+003	
  1.6772461e+001	  3.8612623e-003	 -1.1125210e+003	  3.0597441e+003	 -1.1234064e+003	
  1.6796875e+001	  5.9199524e-003	 -1.1152923e+003	  4.3486474e+003	 -1.1254744e+003	
  1.6821289e+001	  9.8968291e-003	 -1.1174657e+003	  3.4497945e+003	 -1.1278866e+003	
  1.6845703e+001	  5.0718501e-003	 -1.1192131e+003	  2.2902927e+003	 -1.1308169e+003	
  1.6870117e+001	  5.2730574e-003	 -1.1206122e+003	  1.9218101e+003	 -1.1334232e+003	
  1.6894531e+001	  3.6271601e-003	 -1.1225271e+003	  1.0417850e+003	 -1.1351983e+003	
  1.6918945e+001	  3.9861873e-003	 -1.1249643e+003	  6.9850895e+002	 -1.1363844e+003	
  1.6943359e+001	  3.0428663e-003	 -1.1226515e+003	  4.6881543e+002	 -1.1378877e+003	
  1.6967773e+001	  4.9940838e-003	 -1.1247865e+003	  3.2107604e+002	 -1.1393250e+003	
  1.6992188e+001	  5.2660043e-003	 -1.1261068e+003	  2.7357756e+002	 -1.1410387e+003	
  1.7016602e+001	  3.3726380e-003	 -1.1263693e+003	  2.0402818e+002	 -1.1428238e+003	
  1.7041016e+001	  4.9934499e-003	 -1.1279885e+003	  1.4910896e+002	 -1.1446395e+003	
  1.7065430e+001	  1.9273603e-003	 -1.1302341e+003	  1.1903205e+002	 -1.1464577e+003	
  1.7089844e+001	  4.1652561e-003	 -1.1326080e+003	  1.1763483e+002	 -1.1481179e+003	
  1.7114258e+001	  4.9847916e-003	 -1.1347193e+003	  1.0839492e+002	 -1.1496753e+003	
  1.7138672e+001	  3.8698529e-003	 -1.1365985e+003	  1.0576739e+002	 -1.1509693e+003	
  1.7163086e+001	  1.9638338e-003	 -1.1384299e+003	  1.2852661e+002	 -1.1524564e+003	
  1.7187500e+001	  5.4799720e-003	 -1.1403055e+003	  1.2845001e+002	 -1.1541501e+003	
  1.7211914e+001	  8.0089008e-003	 -1.1419520e+003	  9.0175914e+001	 -1.1558273e+003	
  1.7236328e+001	  8.2456538e-003	 -1.1433872e+003	  4.5059635e+001	 -1.1571540e+003	
  1.7260742e+001	  1.0939806e-002	 -1.1452158e+003	  2.7918068e+001	 -1.1581855e+003	
  1.7285156e+001	  3.6156013e-003	 -1.1473633e+003	  1.7105419e+001	 -1.1592726e+003	
  1.7309570e+001	  6.2494104e-003	 -1.1496084e+003	  8.1932322e+000	 -1.1589387e+003	
  1.7333984e+001	  5.3773559e-003	 -1.1519181e+003	  5.6632134e+001	 -1.1600786e+003	
  1.7358398e+001	  6.7549556e-003	 -1.1506833e+003	  1.0597588e+002	 -1.1619203e+003	
  1.7382813e+001	  7.3223658e-003	 -1.1528230e+003	  1.2569746e+002	 -1.1636473e+003	
  1.7407227e+001	  2.0084293e-003	 -1.1549989e+003	  1.2804019e+002	 -1.1652718e+003	
  1.7431641e+001	  4.4879414e-004	 -1.1530924e+003	  1.2139919e+002	 -1.1668430e+003	
  1.7456055e+001	  2.4419323e-003	 -1.1554802e+003	  1.1129330e+002	 -1.1683702e+003	
  1.7480469e+001	  9.0536784e-003	 -1.1573744e+003	  1.0645575e+002	 -1.1699635e+003	
  1.7504883e+001	  3.0061139e-003	 -1.1577752e+003	  1.1639241e+002	 -1.1718611e+003	
  1.7529297e+001	  9.9262698e-003	 -1.1590613e+003	  1.4138427e+002	 -1.1737103e+003	
  1.7553711e+001	  3.1250159e-004	 -1.1606976e+003	  2.1369269e+002	 -1.1753003e+003	
  1.7578125e+001	  3.4843449e-003	 -1.1624171e+003	  2.9835534e+002	 -1.1770056e+003	
  1.7602539e+001	  8.8894333e-003	 -1.1646675e+003	  4.2749308e+002	 -1.1784680e+003	
  1.7626953e+001	  8.2083961e-003	 -1.1670006e+003	  7.7113350e+002	 -1.1800180e+003	
  1.7651367e+001	  2.4694000e-003	 -1.1694727e+003	  1.0927721e+003	 -1.1813075e+003	
  1.7675781e+001	  1.9384111e-003	 -1.1664104e+003	  2.4881435e+003	 -1.1826312e+003	
  1.7700195e+001	  5.9909713e-003	 -1.1686996e+003	  4.0363063e+003	 -1.1846190e+003	
  1.7724609e+001	  3.7843614e-003	 -1.1702924e+003	  3.5928317e+003	 -1.1869687e+003	
  1.7749023e+001	  4.7746049e-003	 -1.1721885e+003	  2.4177235e+003	 -1.1898317e+003	
  1.7773438e+001	  5.6086294e-003	 -1.1744676e+003	  2.1411927e+003	 -1.1925387e+003	
  1.7797852e+001	  1.6277994e-003	 -1.1729821e+003	  1.3069547e+003	 -1.1944958e+003	
  1.7822266e+001	  1.0515168e-002	 -1.1754252e+003	  7.7391702e+002	 -1.1958106e+003	
  1.7846680e+001	  9.6240206e-003	 -1.1776583e+003	  5.1439702e+002	 -1.1973413e+003	
  1.7871094e+001	  1.2944296e-003	 -1.1800236e+003	  2.9918017e+002	 -1.1988445e+003	
  1.7895508e+001	  3.9952750e-003	 -1.1775123e+003	  2.5032213e+002	 -1.2003904e+003	
  1.7919922e+001	  1.0144838e-003	 -1.1798173e+003	  2.1644788e+002	 -1.2020659e+003	
  1.7944336e+001	  3.8560855e-003	 -1.1814965e+003	  1.6113820e+002	 -1.2038548e+003	
  1.7968750e+001	  1.0567234e-002	 -1.1834726e+003	  7.8031428e+001	 -1.2055911e+003	
  1.7993164e+001	  1.1369250e-002	 -1.1856819e+003	  5.0727975e+001	 -1.2065342e+003	
  1.8017578e+001	  6.8243311e-003	 -1.1880232e+003	  5.7145618e+001	 -1.2079515e+003	
  1.8041992e+001	  1.5037642e-003	 -1.1907037e+003	  5.4696237e+001	 -1.2095947e+003	
  1.8066406e+001	  2.3904169e-003	 -1.1936189e+003	  4.0624311e+001	 -1.2117033e+003	
  1.8090820e+001	  7.5516915e-003	 -1.1957180e+003	  1.2794436e+001	 -1.2135910e+003	
  1.8115234e+001	  6.3941644e-003	 -1.1975091e+003	  2.7834308e+001	 -1.2139656e+003	
  1.8139648e+001	  5.2022502e-003	 -1.1981703e+003	  3.7653740e+001	 -1.2160640e+003	
  1.8164063e+001	  4.0109207e-003	 -1.1992694e+003	  1.5838425e+001	 -1.2183400e+003	
  1.8188477e+001	  5.0417378e-003	 -1.2011285e+003	  1.6835461e+001	 -1.2169166e+003	
  1.8212891e+001	  6.0167656e-003	 -1.2030935e+003	  3.7154921e+001	 -1.2190749e+003	
  1.8237305e+001	  2.4838100e-003	 -1.2032700e+003	  3.7979113e+001	 -1.2209056e+003	
  1.8261719e+001	  5.0370025e-003	 -1.2038988e+003	  2.2275864e+001	 -1.2224260e+003	
  1.8286133e+001	  2.7570734e-003	 -1.2050492e+003	  1.9330531e+001	 -1.2224890e+003	
  1.8310547e+001	  5.2399668e-003	 -1.2066263e+003	  4.9353624e+001	 -1.2239642e+003	
  1.8334961e+001	  1.1000134e-003	 -1.2086293e+003	  7.9360977e+001	 -1.2257579e+003	
  1.8359375e+001	  1.7938280e-003	 -1.2111696e+003	  1.0124879e+002	 -1.2276394e+003	
  1.8383789e+001	  3.6240203e-003	 -1.2136333e+003	  9.1476592e+001	 -1.2294228e+003	
  1.8408203e+001	  6.7939813e-003	 -1.2158532e+003	  9.9943908e+001	 -1.2309028e+003	
  1.8432617e+001	  2.5749078e-003	 -1.2182106e+003	  1.6158462e+002	 -1.2325630e+003	
  1.8457031e+001	  1.9247904e-003	 -1.2210105e+003	  2.5271475e+002	 -1.2342796e+003	
  1.8481445e+001	  5.1607222e-003	 -1.2236170e+003	  3.2843415e+002	 -1.2360587e+003	
  1.8505859e+001	  6.2019317e-003	 -1.2257341e+003	  3.9533831e+002	 -1.2376444e+003	
  1.8530273e+001	  5.1121167e-003	 -1.2275069e+003	  6.7514330e+002	 -1.2391772e+003	
  1.8554688e+001	  6.5983977e-003	 -1.2290265e+003	  1.0000931e+003	 -1.2406093e+003	
  1.8579102e+001	  5.0652490e-003	 -1.2307900e+003	  2.0631890e+003	 -1.2418788e+003	
  1.8603516e+001	  3.7250723e-003	 -1.2329169e+003	  3.6665352e+003	 -1.2437746e+003	
  1.8627930e+001	  5.0760412e-003	 -1.2353060e+003	  3.6368567e+003	 -1.2460593e+003	
  1.8652344e+001	  1.9288609e-003	 -1.2379272e+003	  2.4945169e+003	 -1.2488445e+003	
  1.8676758e+001	  1.5337910e-003	 -1.2407019e+003	  2.2435264e+003	 -1.2516425e+003	
  1.8701172e+001	  2.5896576e-003	 -1.2435053e+003	  1.4836063e+003	 -1.2537134e+003	
  1.8725586e+001	  1.1396369e-003	 -1.2407948e+003	  8.3975438e+002	 -1.2550413e+003	
  1.8750000e+001	  6.1659988e-003	 -1.2432954e+003	  6.0890282e+002	 -1.2564881e+003	
  1.8774414e+001	  4.5929636e-003	 -1.2454074e+003	  3.6699790e+002	 -1.2580182e+003	
  1.8798828e+001	  2.1768301e-003	 -1.2474567e+003	  2.9210279e+002	 -1.2595987e+003	
  1.8823242e+001	  1.4471618e-003	 -1.2501610e+003	  2.3711282e+002	 -1.2613046e+003	
  1.8847656e+001	  3.3444624e-003	 -1.2473787e+003	  1.8715907e+002	 -1.2629916e+003	
  1.8872070e+001	  4.0972847e-003	 -1.2501138e+003	  1.3268807e+002	 -1.2647937e+003	
  1.8896484e+001	  2.4012262e-003	 -1.2529584e+003	  9.1371097e+001	 -1.2664686e+003	
  1.8920898e+001	  1.3343120e-003	 -1.2556487e+003	  6.8885819e+001	 -1.2680371e+003	
  1.8945313e+001	  4.8117618e-003	 -1.2578691e+003	  5.1537380e+001	 -1.2692768e+003	
  1.8969727e+001	  7.7262642e-003	 -1.2598033e+003	  6.0463482e+001	 -1.2707045e+003	
  1.8994141e+001	  7.4568255e-004	 -1.2608129e+003	  5.1174457e+001	 -1.2724859e+003	
  1.9018555e+001	  8.9466135e-003	 -1.2621081e+003	  2.7430689e+001	 -1.2738903e+003	
  1.9042969e+001	  2.9560178e-003	 -1.2642749e+003	  2.8257070e+001	 -1.2747425e+003	
  1.9067383e+001	  6.7738302e-003	 -1.2626477e+003	  3.2478231e+001	 -1.2765064e+003	
  1.9091797e+001	  6.0141211e-003	 -1.2648639e+003	  1.5886962e+001	 -1.2786692e+003	
  1.9116211e+001	  7.3299039e-003	 -1.2671390e+003	  1.6826779e+001	 -1.2771748e+003	
  1.9140625e+001	  9.0770512e-003	 -1.2697015e+003	  5.4729808e+001	 -1.2792277e+003	
  1.9165039e+001	  4.4279645e-003	 -1.2672989e+003	  7.5305972e+001	 -1.2811036e+003	
  1.9189453e+001	  9.9789337e-003	 -1.2701406e+003	  6.5687789e+001	 -1.2827722e+003	
  1.9213867e+001	  3.3106823e-003	 -1.2723613e+003	  5.3226251e+001	 -1.2841670e+003	
  1.9238281e+001	  3.1791943e-003	 -1.2744804e+003	  5.9551418e+001	 -1.2853401e+003	
  1.9262695e+001	  2.1615086e-003	 -1.2723195e+003	  1.0381898e+002	 -1.2869287e+003	
  1.9287109e+001	  4.1153903e-003	 -1.2742272e+003	  1.2716779e+002	 -1.2888897e+003	
  1.9311523e+001	  3.9129348e-003	 -1.2762979e+003	  1.1147060e+002	 -1.2907189e+003	
  1.9335938e+001	  1.3261437e-003	 -1.2740397e+003	  1.1598258e+002	 -1.2921220e+003	
  1.9360352e+001	  5.7858546e-003	 -1.2767531e+003	  1.8881757e+002	 -1.2935042e+003	
  1.9384766e+001	  1.9297446e-003	 -1.2786578e+003	  2.8486621e+002	 -1.2952065e+003	
  1.9409180e+001	  2.3417580e-003	 -1.2800139e+003	  3.5026222e+002	 -1.2968462e+003	
  1.9433594e+001	  3.3323350e-003	 -1.2814491e+003	  5.8931146e+002	 -1.2983829e+003	
  1.9458008e+001	  4.9244724e-003	 -1.2831588e+003	  8.9685838e+002	 -1.2999220e+003	
  1.9482422e+001	  8.1488908e-003	 -1.2851621e+003	  1.6658382e+003	 -1.3011364e+003	
  1.9506836e+001	  8.3361162e-004	 -1.2875514e+003	  3.2687848e+003	 -1.3029313e+003	
  1.9531250e+001	  5.8754090e-003	 -1.2857845e+003	  3.6522208e+003	 -1.3051639e+003	
  1.9555664e+001	  3.1413530e-003	 -1.2826941e+003	  2.6479383e+003	 -1.3078668e+003	
  1.9580078e+001	  5.6751575e-003	 -1.2856839e+003	  2.3719358e+003	 -1.3107296e+003	
  1.9604492e+001	  3.5538731e-003	 -1.2833385e+003	  1.7148111e+003	 -1.3129413e+003	
  1.9628906e+001	  4.3341058e-003	 -1.2854607e+003	  8.9101850e+002	 -1.3143973e+003	
  1.9653320e+001	  7.4555035e-003	 -1.2871132e+003	  6.4327494e+002	 -1.3157446e+003	
  1.9677734e+001	  1.0841022e-002	 -1.2888940e+003	  3.8813843e+002	 -1.3172928e+003	
  1.9702148e+001	  7.0542103e-003	 -1.2908857e+003	  2.9256020e+002	 -1.3188439e+003	
  1.9726563e+001	  3.0819064e-003	 -1.2933424e+003	  2.2611287e+002	 -1.3206337e+003	
  1.9750977e+001	  7.9169718e-003	 -1.2963147e+003	  1.3884851e+002	 -1.3223092e+003	
  1.9775391e+001	  3.6092420e-003	 -1.2986655e+003	  8.6795904e+001	 -1.3236938e+003	
  1.9799805e+001	  4.5231569e-003	 -1.3009011e+003	  1.0391457e+002	 -1.3251097e+003	
  1.9824219e+001	  2.3771100e-003	 -1.3036180e+003	  1.2329780e+002	 -1.3269586e+003	
  1.9848633e+001	  6.3255684e-003	 -1.3059463e+003	  1.0448585e+002	 -1.3285855e+003	
  1.9873047e+001	  3.4507386e-003	 -1.3049753e+003	  1.1575602e+002	 -1.3300212e+003	
  1.9897461e+001	  1.0284434e-002	 -1.3071960e+003	  1.1714370e+002	 -1.3317904e+003	
  1.9921875e+001	  4.2846984e-003	 -1.3095539e+003	  7.4228262e+001	 -1.3333676e+003	
  1.9946289e+001	  3.4625873e-003	 -1.3123996e+003	  5.8729462e+001	 -1.3344357e+003	
  1.9970703e+001	  3.9321940e-003	 -1.3151669e+003	  4.1775434e+001	 -1.3362136e+003	
  1.9995117e+001	  3.2513969e-003	 -1.3177776e+003	  2.4578728e+001	 -1.3339970e+003	
  2.0019531e+001	  3.5409510e-003	 -1.3146763e+003	  7.2784965e+001	 -1.3363038e+003	
  2.0043945e+001	  5.2449487e-003	 -1.3171940e+003	  1.0126684e+002	 -1.3381420e+003	
  2.0068359e+001	  3.1543506e-003	 -1.3193129e+003	  1.0849268e+002	 -1.3400078e+003	
  2.0092773e+001	  3.7803832e-003	 -1.3210723e+003	  8.1366602e+001	 -1.3418270e+003	
  2.0117188e+001	  8.2847648e-003	 -1.3226898e+003	  5.6618427e+001	 -1.3432524e+003	
  2.0141602e+001	  3.7500757e-003	 -1.3242433e+003	  6.5539928e+001	 -1.3445949e+003	
  2.0166016e+001	  3.2218040e-003	 -1.3262568e+003	  9.4263676e+001	 -1.3462068e+003	
  2.0190430e+001	  5.1191049e-003	 -1.3238836e+003	  1.0801608e+002	 -1.3480402e+003	
  2.0214844e+001	  2.6856006e-003	 -1.3261503e+003	  9.4512263e+001	 -1.3497206e+003	
  2.0239258e+001	  3.9210061e-003	 -1.3283649e+003	  1.2176609e+002	 -1.3511922e+003	
  2.0263672e+001	  5.6126889e-003	 -1.3307147e+003	  1.9740843e+002	 -1.3528317e+003	
  2.0288086e+001	  1.8392878e-003	 -1.3334462e+003	  2.8927010e+002	 -1.3545703e+003	
  2.0312500e+001	  4.7386613e-003	 -1.3347107e+003	  3.5380555e+002	 -1.3562595e+003	
  2.0336914e+001	  5.8507965e-003	 -1.3359779e+003	  5.4046050e+002	 -1.3577374e+003	
  2.0361328e+001	  6.5694445e-003	 -1.3380284e+003	  8.5672273e+002	 -1.3592719e+003	
  2.0385742e+001	  2.1980339e-003	 -1.3401162e+003	  1.4074829e+003	 -1.3604808e+003	
  2.0410156e+001	  7.7500111e-004	 -1.3389612e+003	  2.8918289e+003	 -1.3621281e+003	
  2.0434570e+001	  3.3238879e-003	 -1.3412052e+003	  3.5726294e+003	 -1.3642830e+003	
  2.0458984e+001	  6.5379153e-003	 -1.3434551e+003	  2.7063185e+003	 -1.3669113e+003	
  2.0483398e+001	  2.4109878e-003	 -1.3457905e+003	  2.4547487e+003	 -1.3698420e+003	
  2.0507813e+001	  2.1045998e-003	 -1.3486265e+003	  2.0052193e+003	 -1.3721635e+003	
  2.0532227e+001	  3.9344566e-003	 -1.3513568e+003	  1.0359030e+003	 -1.3737847e+003	
  2.0556641e+001	  8.6793767e-003	 -1.3539307e+003	  6.9265488e+002	 -1.3750499e+003	
  2.0581055e+001	  7.4878898e-003	 -1.3566493e+003	  4.2699976e+002	 -1.3765980e+003	
  2.0605469e+001	  9.7889529e-003	 -1.3591844e+003	  3.0107913e+002	 -1.3781384e+003	
  2.0629883e+001	  5.1080110e-003	 -1.3613426e+003	  2.3780798e+002	 -1.3799598e+003	
  2.0654297e+001	  4.5685246e-003	 -1.3631418e+003	  1.4283902e+002	 -1.3816517e+003	
  2.0678711e+001	  2.9112936e-003	 -1.3645466e+003	  9.0790609e+001	 -1.3830772e+003	
  2.0703125e+001	  2.0018993e-003	 -1.3653294e+003	  7.0278826e+001	 -1.3846069e+003	
  2.0727539e+001	  6.5127150e-003	 -1.3670021e+003	  5.1604646e+001	 -1.3862256e+003	
  2.0751953e+001	  4.6196223e-003	 -1.3687401e+003	  3.9640178e+001	 -1.3872410e+003	
  2.0776367e+001	  5.4649663e-003	 -1.3701975e+003	  7.3113554e+001	 -1.3889040e+003	
  2.0800781e+001	  5.6664081e-003	 -1.3717066e+003	  9.8575835e+001	 -1.3912054e+003	
  2.0825195e+001	  3.4778971e-003	 -1.3734432e+003	  1.0258375e+002	 -1.3934771e+003	
  2.0849609e+001	  1.5488666e-003	 -1.3758077e+003	  7.9222299e+001	 -1.3956025e+003	
  2.0874023e+001	  3.8719200e-003	 -1.3733953e+003	  4.8973543e+001	 -1.3976201e+003	
  2.0898438e+001	  2.5823210e-003	 -1.3749645e+003	  3.3870487e+001	 -1.3997549e+003	
  2.0922852e+001	  3.6734641e-003	 -1.3760888e+003	  3.4374967e+001	 -1.4021926e+003	
  2.0947266e+001	  3.5368217e-003	 -1.3770583e+003	  4.0636496e+001	 -1.4042941e+003	
  2.0971680e+001	  4.1516046e-003	 -1.3778091e+003	  4.0665970e+001	 -1.4059821e+003	
  2.0996094e+001	  6.3982292e-003	 -1.3796516e+003	  2.6216562e+001	 -1.4071649e+003	
  2.1020508e+001	  1.7767315e-003	 -1.3815750e+003	  4.6468259e+001	 -1.4079391e+003	
  2.1044922e+001	  2.0202276e-003	 -1.3834306e+003	  7.1201180e+001	 -1.4097592e+003	
  2.1069336e+001	  4.2309636e-003	 -1.3855269e+003	  7.7794560e+001	 -1.4115888e+003	
  2.1093750e+001	  4.6740385e-003	 -1.3876384e+003	  8.5599558e+001	 -1.4132653e+003	
  2.1118164e+001	  2.9254563e-003	 -1.3892925e+003	  1.0418664e+002	 -1.4149245e+003	
  2.1142578e+001	  4.3730398e-003	 -1.3897296e+003	  1.4329822e+002	 -1.4166686e+003	
  2.1166992e+001	  5.5792864e-003	 -1.3905917e+003	  1.9980054e+002	 -1.4183429e+003	
  2.1191406e+001	  8.9989312e-003	 -1.3920723e+003	  2.8786748e+002	 -1.4199947e+003	
  2.1215820e+001	  1.0245709e-002	 -1.3938974e+003	  3.6009480e+002	 -1.4217243e+003	
  2.1240234e+001	  1.8992613e-003	 -1.3956189e+003	  4.8866007e+002	 -1.4232970e+003	
  2.1264648e+001	  3.6291963e-003	 -1.3968654e+003	  7.4439719e+002	 -1.4248786e+003	
  2.1289063e+001	  4.0536138e-003	 -1.3991784e+003	  1.0792155e+003	 -1.4260856e+003	
  2.1313477e+001	  6.6980649e-003	 -1.4017276e+003	  2.3929285e+003	 -1.4275776e+003	
  2.1337891e+001	  2.3017849e-003	 -1.4033734e+003	  3.3644983e+003	 -1.4296774e+003	
  2.1362305e+001	  5.1715669e-003	 -1.4041148e+003	  2.7773732e+003	 -1.4322378e+003	
  2.1386719e+001	  8.9657339e-003	 -1.4061743e+003	  2.5195125e+003	 -1.4351898e+003	
  2.1411133e+001	  4.5125814e-003	 -1.4081512e+003	  2.2790166e+003	 -1.4376117e+003	
  2.1435547e+001	  6.1894060e-003	 -1.4100811e+003	  1.2414474e+003	 -1.4393963e+003	
  2.1459961e+001	  4.1761293e-003	 -1.4124448e+003	  7.4777761e+002	 -1.4406246e+003	
  2.1484375e+001	  4.8649403e-003	 -1.4097562e+003	  4.9772359e+002	 -1.4421098e+003	
  2.1508789e+001	  4.5512098e-003	 -1.4124710e+003	  3.3728717e+002	 -1.4436129e+003	
  2.1533203e+001	  1.0748821e-003	 -1.4137311e+003	  2.7136845e+002	 -1.4453675e+003	
  2.1557617e+001	  5.7861206e-003	 -1.4145338e+003	  1.7858606e+002	 -1.4471466e+003	
  2.1582031e+001	  6.1494939e-003	 -1.4164608e+003	  1.1312226e+002	 -1.4487815e+003	
  2.1606445e+001	  2.3684485e-003	 -1.4166642e+003	  9.0564780e+001	 -1.4503929e+003	
  2.1630859e+001	  6.6768856e-003	 -1.4178988e+003	  9.6502771e+001	 -1.4521069e+003	
  2.1655273e+001	  7.6613842e-003	 -1.4199301e+003	  8.4828340e+001	 -1.4538631e+003	
  2.1679688e+001	  1.3393768e-003	 -1.4214522e+003	  6.6707873e+001	 -1.4553193e+003	
  2.1704102e+001	  7.6519814e-003	 -1.4214081e+003	  6.5058608e+001	 -1.4567249e+003	
  2.1728516e+001	  4.3706829e-003	 -1.4233765e+003	  6.7738608e+001	 -1.4580322e+003	
  2.1752930e+001	  3.9727946e-003	 -1.4258102e+003	  8.3523482e+001	 -1.4594472e+003	
  2.1777344e+001	  4.3862758e-003	 -1.4289278e+003	  8.1984583e+001	 -1.4611204e+003	
  2.1801758e+001	  7.3886264e-003	 -1.4315780e+003	  4.6017795e+001	 -1.4629459e+003	
  2.1826172e+001	  4.3734130e-003	 -1.4343703e+003	  1.3910779e+001	 -1.4624173e+003	
  2.1850586e+001	  5.2048405e-003	 -1.4370052e+003	  5.2517439e+001	 -1.4641768e+003	
  2.1875000e+001	  2.0646284e-003	 -1.4378998e+003	  4.7687897e+001	 -1.4661682e+003	
  2.1899414e+001	  4.6327538e-003	 -1.4394315e+003	  1.1364405e+001	 -1.4677594e+003	
  2.1923828e+001	  4.5466024e-003	 -1.4416159e+003	  3.6271724e+001	 -1.4672848e+003	
  2.1948242e+001	  3.5723458e-003	 -1.4436291e+003	  6.8077325e+001	 -1.4692328e+003	
  2.1972656e+001	  2.4550730e-003	 -1.4443166e+003	  7.8015894e+001	 -1.4711124e+003	
  2.1997070e+001	  4.8892932e-003	 -1.4455974e+003	  7.0608294e+001	 -1.4728395e+003	
  2.2021484e+001	  7.4037818e-003	 -1.4474384e+003	  5.7026847e+001	 -1.4742509e+003	
  2.2045898e+001	  7.5391757e-003	 -1.4492827e+003	  8.8072137e+001	 -1.4756672e+003	
  2.2070313e+001	  4.0071086e-003	 -1.4509937e+003	  1.5521315e+002	 -1.4774247e+003	
  2.2094727e+001	  3.8289718e-003	 -1.4524852e+003	  2.5198311e+002	 -1.4791672e+003	
  2.2119141e+001	  1.2497982e-003	 -1.4543935e+003	  3.3870802e+002	 -1.4809599e+003	
  2.2143555e+001	  9.7935693e-004	 -1.4512782e+003	  4.3973424e+002	 -1.4825658e+003	
  2.2167969e+001	  5.3493484e-003	 -1.4538124e+003	  7.0008946e+002	 -1.4841241e+003	
  2.2192383e+001	  4.1902201e-003	 -1.4560885e+003	  9.9118694e+002	 -1.4854567e+003	
  2.2216797e+001	  3.7600643e-003	 -1.4580789e+003	  2.0702295e+003	 -1.4868234e+003	
  2.2241211e+001	  7.4056760e-003	 -1.4599276e+003	  3.2258588e+003	 -1.4888302e+003	
  2.2265625e+001	  7.4788165e-003	 -1.4619956e+003	  2.9033367e+003	 -1.4912958e+003	
  2.2290039e+001	  1.6047687e-003	 -1.4644865e+003	  2.5324335e+003	 -1.4942285e+003	
  2.2314453e+001	  3.1112669e-003	 -1.4673536e+003	  2.4391623e+003	 -1.4967488e+003	
  2.2338867e+001	  2.7965429e-003	 -1.4695731e+003	  1.4222531e+003	 -1.4986420e+003	
  2.2363281e+001	  6.0687500e-004	 -1.4710428e+003	  8.1608509e+002	 -1.4998812e+003	
  2.2387695e+001	  2.8597422e-003	 -1.4726399e+003	  5.6811875e+002	 -1.5013727e+003	
  2.2412109e+001	  4.2807472e-003	 -1.4746161e+003	  3.3029222e+002	 -1.5029110e+003	
  2.2436523e+001	  1.9952815e-003	 -1.4775844e+003	  2.4666527e+002	 -1.5044827e+003	
  2.2460938e+001	  2.7820758e-003	 -1.4750540e+003	  1.9623764e+002	 -1.5060784e+003	
  2.2485352e+001	  4.9835596e-003	 -1.4773851e+003	  1.6788070e+002	 -1.5077312e+003	
  2.2509766e+001	  4.2996101e-003	 -1.4798344e+003	  1.3186925e+002	 -1.5095121e+003	
  2.2534180e+001	  6.3457962e-003	 -1.4823302e+003	  1.1544159e+002	 -1.5112810e+003	
  2.2558594e+001	  7.8558628e-003	 -1.4848364e+003	  9.5737183e+001	 -1.5131862e+003	
  2.2583008e+001	  6.9037878e-003	 -1.4874780e+003	  5.5306499e+001	 -1.5148144e+003	
  2.2607422e+001	  6.1811109e-003	 -1.4901538e+003	  5.8152314e+001	 -1.5157978e+003	
  2.2631836e+001	  1.8456002e-003	 -1.4899471e+003	  9.4138877e+001	 -1.5172883e+003	
  2.2656250e+001	  6.0392011e-003	 -1.4918965e+003	  1.1950891e+002	 -1.5190750e+003	
  2.2680664e+001	  5.2360467e-003	 -1.4940458e+003	  9.9436120e+001	 -1.5211004e+003	
  2.2705078e+001	  1.9746524e-003	 -1.4957893e+003	  4.8572616e+001	 -1.5235545e+003	
  2.2729492e+001	  4.1021159e-003	 -1.4954962e+003	  3.7513201e+001	 -1.5205673e+003	
  2.2753906e+001	  2.8190152e-003	 -1.4971126e+003	  4.5235450e+001	 -1.5229297e+003	
  2.2778320e+001	  2.2299753e-003	 -1.4984117e+003	  3.3687157e+001	 -1.5245109e+003	
  2.2802734e+001	  3.5939554e-003	 -1.4995419e+003	  3.0194581e+001	 -1.5251963e+003	
  2.2827148e+001	  3.7901108e-003	 -1.5010539e+003	  6.0712049e+001	 -1.5262651e+003	
  2.2851563e+001	  3.8677784e-003	 -1.5009503e+003	  8.7037767e+001	 -1.5279507e+003	
  2.2875977e+001	  6.9772705e-003	 -1.5020939e+003	  1.0190365e+002	 -1.5297493e+003	
  2.2900391e+001	  6.3892229e-003	 -1.5036579e+003	  1.2582089e+002	 -1.5317005e+003	
  2.2924805e+001	  5.3004358e-003	 -1.5045076e+003	  1.3333219e+002	 -1.5336954e+003	
  2.2949219e+001	  8.9842751e-003	 -1.5062792e+003	  1.2783370e+002	 -1.5353994e+003	
  2.2973633e+001	  4.0887229e-003	 -1.5079361e+003	  1.6199253e+002	 -1.5368962e+003	
  2.2998047e+001	  6.7665646e-003	 -1.5081456e+003	  2.3062975e+002	 -1.5384861e+003	
  2.3022461e+001	  1.0750165e-002	 -1.5101340e+003	  2.9737711e+002	 -1.5401912e+003	
  2.3046875e+001	  3.1516655e-003	 -1.5122953e+003	  3.8427232e+002	 -1.5417801e+003	
  2.3071289e+001	  3.6698359e-003	 -1.5147800e+003	  6.5811072e+002	 -1.5433699e+003	
  2.3095703e+001	  7.5145217e-004	 -1.5173635e+003	  9.2495538e+002	 -1.5448814e+003	
  2.3120117e+001	  4.8209255e-003	 -1.5194249e+003	  1.6505194e+003	 -1.5461221e+003	
  2.3144531e+001	  2.4119006e-003	 -1.5224095e+003	  2.8692558e+003	 -1.5479889e+003	
  2.3168945e+001	  4.2357897e-003	 -1.5193796e+003	  2.8733060e+003	 -1.5503697e+003	
  2.3193359e+001	  5.9029935e-003	 -1.5216973e+003	  2.5249663e+003	 -1.5532741e+003	
  2.3217773e+001	  3.4474014e-003	 -1.5241031e+003	  2.6394021e+003	 -1.5558767e+003	
  2.3242188e+001	  3.5636775e-003	 -1.5266875e+003	  1.7265749e+003	 -1.5578784e+003	
  2.3266602e+001	  7.3243349e-003	 -1.5289430e+003	  9.4904431e+002	 -1.5592034e+003	
  2.3291016e+001	  5.9393058e-003	 -1.5311207e+003	  7.1232015e+002	 -1.5606357e+003	
  2.3315430e+001	  3.1457967e-003	 -1.5333990e+003	  4.5172129e+002	 -1.5622466e+003	
  2.3339844e+001	  2.4115155e-003	 -1.5354252e+003	  3.3271939e+002	 -1.5639373e+003	
  2.3364258e+001	  7.2869012e-003	 -1.5374980e+003	  2.1757368e+002	 -1.5657788e+003	
  2.3388672e+001	  6.5736398e-003	 -1.5397845e+003	  1.1483490e+002	 -1.5673319e+003	
  2.3413086e+001	  6.2198529e-003	 -1.5422583e+003	  1.0025735e+002	 -1.5687126e+003	
  2.3437500e+001	  8.5469022e-004	 -1.5451045e+003	  1.1453440e+002	 -1.5704842e+003	
  2.3461914e+001	  2.5112608e-003	 -1.5475606e+003	  9.7306114e+001	 -1.5723279e+003	
  2.3486328e+001	  7.3382903e-003	 -1.5496491e+003	  6.3963170e+001	 -1.5737494e+003	
  2.3510742e+001	  9.5587582e-003	 -1.5519196e+003	  7.4849569e+001	 -1.5752092e+003	
  2.3535156e+001	  6.4895305e-003	 -1.5544895e+003	  7.2672290e+001	 -1.5771727e+003	
  2.3559570e+001	  4.3890021e-003	 -1.5574216e+003	  2.7307816e+001	 -1.5790714e+003	
  2.3583984e+001	  2.9315703e-003	 -1.5597199e+003	  4.3796396e+001	 -1.5783557e+003	
  2.3608398e+001	  4.5283552e-003	 -1.5608150e+003	  7.6212317e+001	 -1.5803904e+003	
  2.3632813e+001	  4.4915186e-003	 -1.5623629e+003	  3.4690195e+001	 -1.5825808e+003	
  2.3657227e+001	  1.6173877e-003	 -1.5639981e+003	  4.1860066e+001	 -1.5813248e+003	
  2.3681641e+001	  2.2614860e-003	 -1.5655224e+003	  9.4729890e+001	 -1.5833994e+003	
  2.3706055e+001	  4.7243809e-003	 -1.5670656e+003	  1.0225256e+002	 -1.5853067e+003	
  2.3730469e+001	  4.4233099e-003	 -1.5682675e+003	  7.6523792e+001	 -1.5869795e+003	
  2.3754883e+001	  4.5051893e-003	 -1.5696980e+003	  6.2773830e+001	 -1.5884171e+003	
  2.3779297e+001	  2.2283121e-003	 -1.5720667e+003	  5.4430555e+001	 -1.5901795e+003	
  2.3803711e+001	  3.9710115e-003	 -1.5748522e+003	  2.6439018e+001	 -1.5919299e+003	
  2.3828125e+001	  3.6672303e-003	 -1.5774300e+003	  2.8007446e+001	 -1.5920939e+003	
  2.3852539e+001	  3.3674669e-003	 -1.5750441e+003	  8.3108161e+001	 -1.5939899e+003	
  2.3876953e+001	  3.7691861e-003	 -1.5777074e+003	  1.4556403e+002	 -1.5960443e+003	
  2.3901367e+001	  3.5110284e-003	 -1.5799474e+003	  1.9734721e+002	 -1.5977849e+003	
  2.3925781e+001	  4.7352063e-003	 -1.5822299e+003	  2.6274640e+002	 -1.5994061e+003	
  2.3950195e+001	  3.3036281e-003	 -1.5846120e+003	  3.4024276e+002	 -1.6010133e+003	
  2.3974609e+001	  5.9007520e-003	 -1.5868685e+003	  5.6085785e+002	 -1.6025847e+003	
  2.3999023e+001	  3.8274739e-003	 -1.5887887e+003	  8.2938918e+002	 -1.6041355e+003	
  2.4023438e+001	  3.7272726e-003	 -1.5892920e+003	  1.4281698e+003	 -1.6053546e+003	
  2.4047852e+001	  3.3818234e-003	 -1.5895069e+003	  2.7082356e+003	 -1.6071333e+003	
  2.4072266e+001	  5.3475511e-003	 -1.5913317e+003	  2.9783961e+003	 -1.6094380e+003	
  2.4096680e+001	  5.6920647e-003	 -1.5935567e+003	  2.5571808e+003	 -1.6122992e+003	
  2.4121094e+001	  3.1266051e-003	 -1.5961792e+003	  2.8085969e+003	 -1.6150156e+003	
  2.4145508e+001	  4.5015534e-003	 -1.5964114e+003	  2.0385758e+003	 -1.6171472e+003	
  2.4169922e+001	  7.2910882e-003	 -1.5989795e+003	  1.0063777e+003	 -1.6186164e+003	
  2.4194336e+001	  8.2110322e-003	 -1.6017034e+003	  7.1462040e+002	 -1.6199160e+003	
  2.4218750e+001	  5.7264378e-003	 -1.6046625e+003	  4.3715282e+002	 -1.6215034e+003	
  2.4243164e+001	  6.9684940e-003	 -1.6073644e+003	  2.9155461e+002	 -1.6229929e+003	
  2.4267578e+001	  1.9365820e-003	 -1.6099864e+003	  2.3026580e+002	 -1.6245502e+003	
  2.4291992e+001	  3.9715960e-003	 -1.6075109e+003	  1.9795114e+002	 -1.6261659e+003	
  2.4316406e+001	  2.8551743e-003	 -1.6101233e+003	  1.7414305e+002	 -1.6280738e+003	
  2.4340820e+001	  2.9859806e-003	 -1.6124267e+003	  1.5070244e+002	 -1.6300199e+003	
  2.4365234e+001	  6.6975876e-003	 -1.6147275e+003	  1.2078343e+002	 -1.6317468e+003	
  2.4389648e+001	  5.5865931e-003	 -1.6168165e+003	  8.6517606e+001	 -1.6330097e+003	
  2.4414063e+001	  4.9766645e-004	 -1.6182097e+003	  1.0617594e+002	 -1.6342899e+003	
  2.4438477e+001	  7.9170765e-003	 -1.6198954e+003	  1.0984467e+002	 -1.6360892e+003	
  2.4462891e+001	  4.2322193e-003	 -1.6221018e+003	  8.1913225e+001	 -1.6379417e+003	
  2.4487305e+001	  2.0695019e-003	 -1.6245602e+003	  4.7441276e+001	 -1.6397552e+003	
  2.4511719e+001	  2.6276408e-003	 -1.6229653e+003	  1.7780162e+001	 -1.6415917e+003	
  2.4536133e+001	  5.0891595e-003	 -1.6250152e+003	  8.9728723e+000	 -1.6392303e+003	
  2.4560547e+001	  8.6136396e-003	 -1.6270224e+003	  3.8580925e+001	 -1.6413401e+003	
  2.4584961e+001	  7.1429829e-004	 -1.6291042e+003	  6.9567738e+001	 -1.6430996e+003	
  2.4609375e+001	  1.8168935e-003	 -1.6312722e+003	  8.2789547e+001	 -1.6448198e+003	
  2.4633789e+001	  5.2057071e-003	 -1.6335186e+003	  6.2324688e+001	 -1.6464177e+003	
  2.4658203e+001	  3.3231194e-003	 -1.6358737e+003	  4.4454996e+001	 -1.6475412e+003	
  2.4682617e+001	  3.3158973e-003	 -1.6342671e+003	  4.7528416e+001	 -1.6487960e+003	
  2.4707031e+001	  4.7498251e-003	 -1.6369115e+003	  6.2028291e+001	 -1.6502326e+003	
  2.4731445e+001	  5.9663348e-003	 -1.6393117e+003	  8.1548604e+001	 -1.6521204e+003	
  2.4755859e+001	  1.0555216e-003	 -1.6422227e+003	  9.0633231e+001	 -1.6542035e+003	
  2.4780273e+001	  3.7561779e-003	 -1.6452407e+003	  1.0981639e+002	 -1.6560852e+003	
  2.4804688e+001	  6.4468270e-003	 -1.6476946e+003	  1.3466035e+002	 -1.6575352e+003	
  2.4829102e+001	  2.6341932e-003	 -1.6503298e+003	  2.1766312e+002	 -1.6588627e+003	
  2.4853516e+001	  5.2592471e-003	 -1.6530404e+003	  3.2898362e+002	 -1.6604502e+003	
  2.4877930e+001	  1.7225106e-003	 -1.6552517e+003	  5.0917389e+002	 -1.6619789e+003	
  2.4902344e+001	  3.2550600e-003	 -1.6572411e+003	  7.4805631e+002	 -1.6635216e+003	
  2.4926758e+001	  4.4156383e-003	 -1.6593341e+003	  1.1173814e+003	 -1.6646819e+003	
  2.4951172e+001	  1.7645727e-004	 -1.6614559e+003	  2.3121702e+003	 -1.6662972e+003	
  2.4975586e+001	  2.4991904e-003	 -1.6604049e+003	  2.8659755e+003	 -1.6685277e+003	
  2.5000000e+001	  2.3846870e-004	 -1.6619025e+003	  2.5212217e+003	 -1.6713273e+003	
