  0.0000000e+000	  6.1845789e+005	  3.0890744e+002	 -2.2342663e-001	
  2.0000000e-002	  6.2195377e+005	  3.0890920e+002	 -1.1903511e-001	
  4.3000000e-002	  6.2901517e+005	  3.0891122e+002	 -1.9052940e-001	
  6.0000000e-002	  6.3124541e+005	  3.0891272e+002	  8.8429276e-002	
  8.0000000e-002	  6.3303738e+005	  3.0891448e+002	 -1.3076420e-001	
  1.0300000e-001	  6.3488874e+005	  3.0891651e+002	 -9.4626667e-002	
  1.2000000e-001	  6.3397740e+005	  3.0891801e+002	 -8.2053895e-003	
  1.4000000e-001	  6.3113072e+005	  3.0891977e+002	 -6.8916657e-002	
  1.6000000e-001	  6.2924454e+005	  3.0892154e+002	 -1.6906340e-002	
  1.8000000e-001	  6.2568722e+005	  3.0892330e+002	 -1.9955093e-001	
  2.0000000e-001	  6.1804830e+005	  3.0892507e+002	 -7.9977488e-002	
  2.2000000e-001	  6.1025782e+005	  3.0892684e+002	  1.7385348e-001	
  2.4200000e-001	  6.0567037e+005	  3.0892878e+002	 -9.0455259e-002	
  2.6000000e-001	  6.0777364e+005	  3.0893038e+002	  1.3521858e-001	
  2.8000000e-001	  6.1152961e+005	  3.0893215e+002	  5.4226509e-002	
  3.0300000e-001	  6.1553954e+005	  3.0893418e+002	 -2.5643990e-002	
  3.2100000e-001	  6.1448074e+005	  3.0893578e+002	  2.8409085e-001	
  3.4000000e-001	  6.1566651e+005	  3.0893746e+002	  2.5081139e-001	
  3.6100000e-001	  6.2192101e+005	  3.0893932e+002	  9.3387591e-002	
  3.8000000e-001	  6.2183294e+005	  3.0894101e+002	  3.4592323e-003	
  4.0000000e-001	  6.2012903e+005	  3.0894278e+002	  1.3955805e-001	
  4.2300000e-001	  6.2081101e+005	  3.0894483e+002	  2.1741174e-001	
  4.4000000e-001	  6.1885725e+005	  3.0894634e+002	  1.0564740e-001	
  4.6000000e-001	  6.1670688e+005	  3.0894811e+002	  2.3659919e-001	
  4.8100000e-001	  6.1292223e+005	  3.0894998e+002	  1.4480502e-001	
  5.0200000e-001	  6.1183476e+005	  3.0895185e+002	  2.9448005e-001	
  5.2400000e-001	  6.1432304e+005	  3.0895381e+002	  4.6184673e-001	
  5.4000000e-001	  6.0982570e+005	  3.0895523e+002	  2.0822635e-001	
  5.6000000e-001	  6.0751559e+005	  3.0895701e+002	  3.5434947e-001	
  5.8300000e-001	  6.1115279e+005	  3.0895906e+002	  1.6891902e-001	
  6.0000000e-001	  6.1113026e+005	  3.0896057e+002	  1.4517049e-001	
  6.2000000e-001	  7.1474109e+004	  3.0896236e+002	  2.3322005e-001	
  6.4000000e-001	  7.1844792e+004	  3.0896414e+002	  1.5024141e-001	
  6.6000000e-001	  7.1719866e+004	  3.0896593e+002	  3.5449520e-001	
  6.8400000e-001	  7.1340991e+004	  3.0896807e+002	  3.4737876e-001	
  7.0000000e-001	  7.2092596e+004	  3.0896950e+002	  2.3542036e-001	
  7.2000000e-001	  7.1773113e+004	  3.0897129e+002	  2.4518461e-001	
  7.4100000e-001	  7.0876103e+004	  3.0897316e+002	  3.3453387e-001	
  7.6400000e-001	  7.1809977e+004	  3.0897522e+002	  1.8404935e-001	
  7.8000000e-001	  7.1674810e+004	  3.0897665e+002	  2.0528633e-001	
  8.0400000e-001	  7.1660475e+004	  3.0897880e+002	  1.2795022e-001	
  8.2100000e-001	  7.1314368e+004	  3.0898032e+002	  6.8670517e-002	
  8.4000000e-001	  7.1715770e+004	  3.0898202e+002	  2.6037205e-001	
  8.6100000e-001	  7.1386047e+004	  3.0898391e+002	  2.3123135e-001	
  8.8000000e-001	  7.1187394e+004	  3.0898561e+002	  2.1188597e-001	
  9.0100000e-001	  7.1859128e+004	  3.0898749e+002	 -8.1200659e-003	
  9.2000000e-001	  7.1795641e+004	  3.0898920e+002	  1.5315067e-001	
  9.4100000e-001	  7.1343039e+004	  3.0899108e+002	  1.8439312e-002	
  9.6200000e-001	  7.1635899e+004	  3.0899297e+002	 -1.0394661e-001	
  9.8400000e-001	  7.1508925e+004	  3.0899494e+002	  8.3475337e-002	
  1.0040000e+000	  7.1226305e+004	  3.0899674e+002	  1.0750547e-001	
  1.0200000e+000	  7.1689146e+004	  3.0899818e+002	  1.1565512e-002	
  1.0440000e+000	  7.1297984e+004	  3.0900034e+002	 -6.6186722e-002	
  1.0640000e+000	  7.1766969e+004	  3.0900214e+002	 -2.8230438e-001	
  1.0800000e+000	  7.1363519e+004	  3.0900358e+002	 -7.3622122e-002	
  1.1000000e+000	  7.1621563e+004	  3.0900538e+002	  6.8986398e-003	
  1.1200000e+000	  7.1568316e+004	  3.0900718e+002	 -9.0870707e-002	
  1.1400000e+000	  7.1711674e+004	  3.0900898e+002	 -1.8532201e-001	
  1.1600000e+000	  7.1310272e+004	  3.0901078e+002	 -4.7304526e-002	
  1.1800000e+000	  7.1904183e+004	  3.0901258e+002	 -1.9754061e-001	
  1.2000000e+000	  7.2111027e+004	  3.0901439e+002	 -2.8020859e-001	
  1.2200000e+000	  7.1183298e+004	  3.0901619e+002	  5.8735724e-002	
  1.2440000e+000	  7.1285696e+004	  3.0901836e+002	 -1.2161935e-002	
  1.2600000e+000	  7.1697338e+004	  3.0901980e+002	 -2.2284408e-001	
  1.2810000e+000	  7.1089091e+004	  3.0902170e+002	 -2.7165541e-001	
  1.3000000e+000	  7.1508925e+004	  3.0902342e+002	 -1.2325832e-001	
  1.3210000e+000	  7.1529404e+004	  3.0902532e+002	 -2.9959401e-001	
  1.3400000e+000	  7.1812024e+004	  3.0902703e+002	 -3.1613223e-001	
  1.3610000e+000	  7.1617467e+004	  3.0902893e+002	 -3.4197392e-001	
  1.3800000e+000	  7.1424958e+004	  3.0903065e+002	 -4.0969634e-001	
  1.4010000e+000	  7.1166914e+004	  3.0903255e+002	 -2.2979994e-001	
  1.4200000e+000	  7.1320512e+004	  3.0903427e+002	 -2.9372664e-001	
  1.4440000e+000	  7.1527357e+004	  3.0903645e+002	 -4.2101412e-001	
  1.4610000e+000	  7.1803832e+004	  3.0903799e+002	 -4.2617613e-001	
  1.4840000e+000	  7.2215474e+004	  3.0904007e+002	 -3.1285013e-001	
  1.5000000e+000	  7.1584700e+004	  3.0904152e+002	 -4.5874298e-001	
  1.5210000e+000	  7.1181250e+004	  3.0904343e+002	 -3.3263771e-001	
  1.5400000e+000	  7.1562172e+004	  3.0904515e+002	 -4.7595059e-001	
  1.5600000e+000	  5.9625381e+005	  3.0904697e+002	 -4.5470166e-001	
  1.5800000e+000	  5.9266168e+005	  3.0904878e+002	 -5.9291795e-001	
  1.6010000e+000	  5.8338643e+005	  3.0905069e+002	 -2.1597777e-001	
  1.6200000e+000	  5.7109657e+005	  3.0905242e+002	 -2.7090323e-001	
  1.6400000e+000	  5.6518818e+005	  3.0905423e+002	 -3.2153549e-001	
  1.6680000e+000	  5.6597255e+005	  3.0905678e+002	 -2.3732673e-001	
  1.6800000e+000	  5.6257292e+005	  3.0905787e+002	 -3.8267510e-001	
  1.7000000e+000	  5.5744276e+005	  3.0905969e+002	 -3.4497210e-001	
  1.7200000e+000	  5.6704978e+005	  3.0906151e+002	 -1.6629472e-001	
  1.7410000e+000	  5.7117234e+005	  3.0906342e+002	 -3.1666601e-001	
  1.7600000e+000	  5.7850816e+005	  3.0906515e+002	 -3.1559054e-001	
  1.7810000e+000	  5.8216174e+005	  3.0906707e+002	 -1.5510420e-001	
  1.8000000e+000	  5.9913735e+005	  3.0906880e+002	 -1.7744411e-001	
  1.8260000e+000	  6.0329063e+005	  3.0907117e+002	 -2.9266892e-001	
  1.8440000e+000	  5.9945274e+005	  3.0907281e+002	 -2.3173355e-001	
  1.8610000e+000	  5.8976995e+005	  3.0907436e+002	 -2.1185294e-001	
  1.8800000e+000	  5.9051745e+005	  3.0907609e+002	 -5.8663360e-002	
  1.9040000e+000	  6.0558436e+005	  3.0907828e+002	 -2.1101755e-001	
  1.9200000e+000	  6.1715334e+005	  3.0907974e+002	 -3.8176138e-002	
  1.9410000e+000	  6.1904566e+005	  3.0908166e+002	 -3.4885586e-002	
  1.9600000e+000	  6.1581396e+005	  3.0908340e+002	 -1.5610295e-001	
  1.9810000e+000	  6.1024758e+005	  3.0908532e+002	 -6.9273470e-002	
  2.0000000e+000	  6.0513790e+005	  3.0908705e+002	 -1.1503450e-001	
  2.0210000e+000	  5.9305693e+005	  3.0908897e+002	 -3.5856198e-002	
  2.0400000e+000	  5.8560233e+005	  3.0909071e+002	  5.7048453e-002	
  2.0610000e+000	  5.7477881e+005	  3.0909263e+002	  8.9416287e-002	
  2.0800000e+000	  5.6825603e+005	  3.0909437e+002	  1.1580371e-002	
  2.1000000e+000	  5.6323646e+005	  3.0909620e+002	  2.0298917e-001	
  2.1200000e+000	  5.6800004e+005	  3.0909803e+002	  1.0652795e-001	
  2.1400000e+000	  5.7599735e+005	  3.0909986e+002	  8.3324034e-002	
  2.1600000e+000	  5.8049265e+005	  3.0910169e+002	  1.2982563e-001	
  2.1800000e+000	  5.8743731e+005	  3.0910353e+002	 -6.4940770e-002	
  2.2000000e+000	  5.9508647e+005	  3.0910536e+002	  8.9059982e-002	
  2.2280000e+000	  5.9611250e+005	  3.0910793e+002	  2.4378926e-001	
  2.2410000e+000	  5.9701361e+005	  3.0910912e+002	  1.1414516e-001	
  2.2600000e+000	  5.9717335e+005	  3.0911086e+002	  2.9249149e-001	
  2.2810000e+000	  5.9563123e+005	  3.0911279e+002	  1.9633153e-001	
  2.3000000e+000	  5.9669003e+005	  3.0911453e+002	  1.6105972e-001	
  2.3210000e+000	  5.9858850e+005	  3.0911646e+002	  2.4537239e-001	
  2.3400000e+000	  5.9608588e+005	  3.0911821e+002	  5.2349067e-002	
  2.3650000e+000	  5.9378806e+005	  3.0912050e+002	  2.9419960e-001	
  2.3830000e+000	  5.9039458e+005	  3.0912216e+002	  2.0577572e-001	
  2.4010000e+000	  5.8990306e+005	  3.0912381e+002	  1.1509621e-001	
  2.4270000e+000	  5.8464797e+005	  3.0912620e+002	  3.5131987e-001	
  2.4430000e+000	  5.8496541e+005	  3.0912767e+002	  3.4761653e-001	
  2.4610000e+000	  5.8705229e+005	  3.0912933e+002	  4.0545436e-001	
  2.4810000e+000	  5.8934397e+005	  3.0913117e+002	  5.1835864e-001	
  2.5040000e+000	  7.2217522e+004	  3.0913328e+002	  5.1404331e-001	
  2.5210000e+000	  7.1648187e+004	  3.0913485e+002	  4.7366331e-001	
  2.5400000e+000	  7.1545788e+004	  3.0913660e+002	  4.9541650e-001	
  2.5610000e+000	  7.0640586e+004	  3.0913853e+002	  4.8595928e-001	
  2.5800000e+000	  7.1461822e+004	  3.0914028e+002	  3.6698670e-001	
  2.6010000e+000	  7.1377855e+004	  3.0914222e+002	  5.5895080e-001	
  2.6200000e+000	  7.1177154e+004	  3.0914397e+002	  2.2016956e-001	
  2.6440000e+000	  7.1279552e+004	  3.0914618e+002	  4.3817754e-001	
  2.6610000e+000	  7.1535548e+004	  3.0914775e+002	  3.1403959e-001	
  2.6800000e+000	  7.1758777e+004	  3.0914950e+002	  3.1299322e-001	
  2.7070000e+000	  7.2012726e+004	  3.0915199e+002	  4.7983785e-001	
  2.7210000e+000	  7.1709626e+004	  3.0915328e+002	  1.9747684e-001	
  2.7430000e+000	  7.1578556e+004	  3.0915531e+002	  3.2190385e-001	
  2.7610000e+000	  7.2053684e+004	  3.0915697e+002	  1.8187135e-001	
  2.7810000e+000	  7.1822264e+004	  3.0915882e+002	  3.3306533e-002	
  2.8000000e+000	  7.0929350e+004	  3.0916058e+002	  1.1772538e-001	
  2.8210000e+000	  7.1343040e+004	  3.0916252e+002	  1.3729327e-001	
  2.8400000e+000	  7.1427006e+004	  3.0916427e+002	 -8.2841747e-002	
  2.8610000e+000	  7.1531453e+004	  3.0916621e+002	 -1.0948125e-001	
  2.8800000e+000	  7.1646139e+004	  3.0916797e+002	  2.2619486e-002	
  2.9010000e+000	  7.1328704e+004	  3.0916991e+002	  7.0220670e-002	
  2.9240000e+000	  7.1590844e+004	  3.0917204e+002	 -7.8842823e-002	
  2.9410000e+000	  7.1125955e+004	  3.0917361e+002	  1.5587380e-001	
  2.9610000e+000	  7.1228353e+004	  3.0917546e+002	  3.7330841e-002	
  2.9810000e+000	  7.1535548e+004	  3.0917731e+002	 -6.8278824e-002	
  3.0000000e+000	  7.1633851e+004	  3.0917907e+002	 -2.1869543e-001	
  3.0210000e+000	  7.1162818e+004	  3.0918101e+002	 -5.1981850e-002	
  3.0400000e+000	  7.1648187e+004	  3.0918277e+002	 -8.3060175e-002	
  3.0610000e+000	  7.1478205e+004	  3.0918472e+002	 -1.6980901e-001	
  3.0840000e+000	  7.1410622e+004	  3.0918685e+002	 -1.0041410e-001	
  3.1040000e+000	  7.1478205e+004	  3.0918870e+002	 -1.3378457e-002	
  3.1200000e+000	  7.1173058e+004	  3.0919018e+002	 -2.2941020e-001	
  3.1410000e+000	  7.1820216e+004	  3.0919213e+002	 -7.4797834e-002	
  3.1640000e+000	  7.1883703e+004	  3.0919426e+002	 -2.3909803e-002	
  3.1810000e+000	  7.1398335e+004	  3.0919584e+002	 -2.2928701e-001	
  3.2000000e+000	  7.1498685e+004	  3.0919760e+002	 -2.4475949e-001	
  3.2210000e+000	  7.1465918e+004	  3.0919955e+002	 -2.2609394e-001	
  3.2410000e+000	  7.1388095e+004	  3.0920140e+002	 -3.3329056e-001	
  3.2600000e+000	  7.1580604e+004	  3.0920317e+002	 -2.9866268e-001	
  3.2810000e+000	  7.0859719e+004	  3.0920511e+002	 -4.7370226e-001	
  3.3000000e+000	  7.1295936e+004	  3.0920688e+002	 -2.6028023e-001	
  3.3210000e+000	  7.1764921e+004	  3.0920883e+002	 -1.9844776e-001	
  3.3410000e+000	  7.1642043e+004	  3.0921069e+002	 -4.5613706e-001	
  3.3650000e+000	  7.1713721e+004	  3.0921291e+002	 -2.1752475e-001	
  3.3840000e+000	  7.1828408e+004	  3.0921468e+002	 -1.2943534e-001	
  3.4050000e+000	  7.1136195e+004	  3.0921663e+002	 -2.5335015e-001	
  3.4240000e+000	  7.1523260e+004	  3.0921840e+002	 -4.7007187e-001	
  3.4410000e+000	  5.5932894e+005	  3.0921998e+002	 -1.2247639e-001	
  3.4630000e+000	  6.0320257e+005	  3.0922202e+002	 -5.6039402e-001	
  3.4810000e+000	  5.9948346e+005	  3.0922369e+002	 -2.9625253e-001	
  3.5000000e+000	  6.0173623e+005	  3.0922546e+002	 -5.3061892e-001	
  3.5210000e+000	  6.0158877e+005	  3.0922741e+002	 -1.8549824e-001	
  3.5400000e+000	  6.0519525e+005	  3.0922918e+002	 -1.6080207e-001	
  3.5610000e+000	  6.0609430e+005	  3.0923113e+002	 -3.3512664e-001	
  3.5800000e+000	  6.1320076e+005	  3.0923290e+002	 -2.4129718e-001	
  3.6010000e+000	  6.1252697e+005	  3.0923486e+002	 -2.4809383e-001	
  3.6250000e+000	  6.1227098e+005	  3.0923709e+002	 -1.5156172e-001	
  3.6410000e+000	  6.1284646e+005	  3.0923858e+002	 -3.3362797e-001	
  3.6640000e+000	  6.1071043e+005	  3.0924072e+002	 -1.3890168e-001	
  3.6810000e+000	  6.0768148e+005	  3.0924230e+002	 -1.4407745e-001	
  3.7000000e+000	  6.0631139e+005	  3.0924407e+002	 -1.8767823e-001	
  3.7280000e+000	  6.0334798e+005	  3.0924668e+002	 -2.5834314e-001	
  3.7410000e+000	  6.0042143e+005	  3.0924789e+002	 -9.4181000e-003	
  3.7610000e+000	  5.9855778e+005	  3.0924976e+002	 -2.0593329e-002	
  3.7810000e+000	  6.0233628e+005	  3.0925162e+002	 -1.0851404e-001	
  3.8010000e+000	  5.9825058e+005	  3.0925348e+002	 -2.2505792e-001	
  3.8210000e+000	  5.9843900e+005	  3.0925535e+002	  8.8806521e-002	
  3.8410000e+000	  6.0223593e+005	  3.0925721e+002	 -4.0074853e-003	
  3.8610000e+000	  6.0381082e+005	  3.0925908e+002	  5.0538284e-002	
  3.8800000e+000	  6.0255337e+005	  3.0926085e+002	 -6.6133141e-002	
  3.9080000e+000	  6.0392550e+005	  3.0926346e+002	 -2.4148396e-003	
  3.9200000e+000	  6.0531812e+005	  3.0926458e+002	 -1.2529610e-001	
  3.9410000e+000	  6.0434534e+005	  3.0926654e+002	  1.2987838e-001	
  3.9600000e+000	  6.0525054e+005	  3.0926831e+002	  1.5616098e-002	
  3.9810000e+000	  6.0603696e+005	  3.0927027e+002	 -5.7538950e-002	
  4.0000000e+000	  6.0736404e+005	  3.0927205e+002	  1.0490705e-001	
  4.0210000e+000	  6.0584445e+005	  3.0927401e+002	  5.9684286e-002	
  4.0400000e+000	  6.0697698e+005	  3.0927578e+002	 -1.7074933e-001	
  4.0690000e+000	  6.0819347e+005	  3.0927849e+002	  8.4926571e-002	
  4.0800000e+000	  6.0496383e+005	  3.0927951e+002	 -8.5699315e-003	
  4.1040000e+000	  6.0317800e+005	  3.0928175e+002	  2.7466607e-001	
  4.1200000e+000	  6.0455423e+005	  3.0928325e+002	  1.8913389e-001	
  4.1410000e+000	  6.0098462e+005	  3.0928521e+002	  1.9942528e-001	
  4.1640000e+000	  6.0051359e+005	  3.0928736e+002	  1.0966636e-001	
  4.1810000e+000	  6.0352410e+005	  3.0928895e+002	  1.2106330e-001	
  4.2000000e+000	  6.0118532e+005	  3.0929072e+002	  2.2432318e-001	
  4.2210000e+000	  6.0068562e+005	  3.0929268e+002	  1.6243543e-001	
  4.2410000e+000	  6.0265781e+005	  3.0929455e+002	  3.0416941e-001	
  4.2610000e+000	  6.0171984e+005	  3.0929642e+002	  3.0347344e-001	
  4.2840000e+000	  6.0394189e+005	  3.0929857e+002	  2.6221238e-001	
  4.3010000e+000	  6.0356916e+005	  3.0930016e+002	  1.2777727e-001	
  4.3250000e+000	  6.0332545e+005	  3.0930240e+002	  3.3008032e-001	
  4.3410000e+000	  6.0438835e+005	  3.0930390e+002	  2.1853041e-001	
  4.3670000e+000	  6.0165226e+005	  3.0930633e+002	  3.4927270e-001	
  4.3810000e+000	  3.0438345e+005	  3.0930764e+002	  2.5671384e-001	
  4.4050000e+000	  7.1715769e+004	  3.0930989e+002	  2.2019401e-001	
  4.4200000e+000	  7.1250881e+004	  3.0931129e+002	  2.3444282e-001	
  4.4410000e+000	  7.0960069e+004	  3.0931325e+002	  3.7626306e-001	
  4.4610000e+000	  7.0992836e+004	  3.0931512e+002	  5.2993326e-001	
  4.4810000e+000	  7.1625659e+004	  3.0931699e+002	  3.2865618e-001	
  4.5000000e+000	  7.1539644e+004	  3.0931877e+002	  1.1694991e-001	
  4.5210000e+000	  7.1719866e+004	  3.0932074e+002	  1.9042897e-001	
  4.5400000e+000	  7.1691194e+004	  3.0932252e+002	  2.3391241e-001	
  4.5610000e+000	  7.1910327e+004	  3.0932448e+002	  3.3591470e-001	
  4.5810000e+000	  7.1494589e+004	  3.0932635e+002	  2.8610019e-001	
  4.6010000e+000	  7.1869367e+004	  3.0932822e+002	  2.0425747e-001	
  4.6250000e+000	  7.1705530e+004	  3.0933047e+002	  1.8208670e-001	
  4.6440000e+000	  7.1615419e+004	  3.0933225e+002	  7.9133170e-002	
  4.6600000e+000	  7.1576508e+004	  3.0933375e+002	  7.2716079e-002	
  4.6810000e+000	  7.1173058e+004	  3.0933571e+002	  1.1092183e-001	
  4.7070000e+000	  7.1746489e+004	  3.0933815e+002	  2.9268299e-001	
  4.7210000e+000	  7.1545788e+004	  3.0933946e+002	 -7.8436005e-003	
  4.7410000e+000	  7.1666618e+004	  3.0934133e+002	  2.0155520e-002	
  4.7610000e+000	  7.1703482e+004	  3.0934321e+002	 -5.4655886e-002	
  4.7820000e+000	  7.1664570e+004	  3.0934517e+002	 -5.7383646e-002	
  4.8010000e+000	  7.1461821e+004	  3.0934695e+002	  3.7695125e-002	
  4.8210000e+000	  7.1570364e+004	  3.0934882e+002	 -1.3877858e-001	
  4.8410000e+000	  7.1074756e+004	  3.0935070e+002	  3.1838806e-002	
  4.8610000e+000	  7.1316416e+004	  3.0935257e+002	  5.4844275e-002	
  4.8810000e+000	  7.1326656e+004	  3.0935445e+002	  2.2641909e-002	
  4.9010000e+000	  7.1158722e+004	  3.0935632e+002	 -1.5106732e-001	
  4.9210000e+000	  7.1465918e+004	  3.0935819e+002	 -2.4319059e-002	
  4.9410000e+000	  7.2092596e+004	  3.0936007e+002	 -2.0429318e-001	
  4.9610000e+000	  7.1504829e+004	  3.0936194e+002	  2.6024441e-003	
  4.9810000e+000	  7.1599035e+004	  3.0936381e+002	 -7.4188938e-002	
  5.0010000e+000	  7.1773113e+004	  3.0936569e+002	 -2.6519519e-001	
  5.0250000e+000	  7.1611324e+004	  3.0936794e+002	 -2.6853524e-002	
  5.0410000e+000	  7.1789497e+004	  3.0936944e+002	 -1.4329221e-001	
  5.0610000e+000	  7.1701434e+004	  3.0937131e+002	 -2.4018071e-001	
  5.0800000e+000	  7.1197633e+004	  3.0937309e+002	 -3.1819212e-001	
  5.1010000e+000	  7.1367615e+004	  3.0937506e+002	 -2.4471204e-001	
  5.1200000e+000	  7.1691194e+004	  3.0937684e+002	 -1.9246554e-001	
  5.1410000e+000	  7.1562172e+004	  3.0937881e+002	 -3.7821037e-001	
  5.1640000e+000	  7.1797688e+004	  3.0938097e+002	 -2.5376171e-001	
  5.1810000e+000	  7.1687099e+004	  3.0938256e+002	 -2.2739965e-001	
  5.2010000e+000	  7.1470013e+004	  3.0938443e+002	 -2.0299639e-001	
  5.2210000e+000	  7.1754681e+004	  3.0938631e+002	 -4.2373505e-001	
  5.2420000e+000	  7.1338943e+004	  3.0938828e+002	 -5.4579745e-001	
  5.2610000e+000	  7.1556028e+004	  3.0939006e+002	 -1.9215087e-001	
  5.2820000e+000	  7.1377855e+004	  3.0939203e+002	 -4.3078509e-001	
  5.3010000e+000	  7.1046084e+004	  3.0939381e+002	 -1.7947571e-001	
  5.3240000e+000	  8.2041628e+004	  3.0939596e+002	 -2.5530588e-001	
  5.3410000e+000	  5.9928481e+005	  3.0939756e+002	 -2.8850099e-001	
  5.3620000e+000	  6.0397875e+005	  3.0939953e+002	 -3.1287498e-001	
  5.3810000e+000	  5.9596710e+005	  3.0940131e+002	 -3.8411819e-001	
  5.4010000e+000	  5.9284395e+005	  3.0940318e+002	 -3.1943554e-001	
  5.4240000e+000	  5.9869090e+005	  3.0940534e+002	 -1.7447986e-001	
  5.4410000e+000	  5.9682520e+005	  3.0940693e+002	 -1.6425333e-001	
  5.4610000e+000	  5.9306513e+005	  3.0940881e+002	 -2.2046423e-001	
  5.4810000e+000	  5.9521345e+005	  3.0941068e+002	 -3.2553228e-001	
  5.5030000e+000	  5.9894689e+005	  3.0941275e+002	 -2.3645201e-001	
  5.5210000e+000	  5.9510695e+005	  3.0941443e+002	 -1.2981176e-001	
  5.5410000e+000	  5.9429800e+005	  3.0941631e+002	 -1.7891121e-002	
  5.5620000e+000	  5.9845333e+005	  3.0941828e+002	 -6.1830541e-002	
  5.5840000e+000	  5.9519911e+005	  3.0942034e+002	 -5.3306930e-002	
  5.6010000e+000	  5.9133254e+005	  3.0942193e+002	 -4.2778842e-002	
  5.6200000e+000	  5.9787171e+005	  3.0942372e+002	 -1.4632934e-001	
  5.6410000e+000	  5.9850248e+005	  3.0942568e+002	 -1.4119887e-001	
  5.6610000e+000	  5.9708324e+005	  3.0942756e+002	 -6.5326661e-002	
  5.6810000e+000	  5.9672894e+005	  3.0942943e+002	 -1.0312122e-001	
  5.7010000e+000	  6.0176080e+005	  3.0943131e+002	 -1.7200950e-001	
  5.7210000e+000	  6.0022073e+005	  3.0943318e+002	 -1.2304419e-001	
  5.7420000e+000	  5.9602649e+005	  3.0943515e+002	 -4.8854748e-002	
  5.7620000e+000	  6.0063442e+005	  3.0943703e+002	 -9.3282825e-002	
  5.7830000e+000	  5.9998316e+005	  3.0943900e+002	  1.8906829e-001	
  5.8010000e+000	  5.9788605e+005	  3.0944068e+002	 -1.6528580e-001	
  5.8210000e+000	  6.0325991e+005	  3.0944256e+002	 -4.5152784e-002	
  5.8410000e+000	  6.0178128e+005	  3.0944443e+002	  9.6152357e-002	
  5.8640000e+000	  5.9675147e+005	  3.0944659e+002	  9.0379490e-002	
  5.8810000e+000	  5.9766486e+005	  3.0944818e+002	  1.8545232e-001	
  5.9010000e+000	  5.9649752e+005	  3.0945006e+002	  3.5286523e-002	
  5.9210000e+000	  5.9532199e+005	  3.0945193e+002	  1.4381578e-001	
  5.9410000e+000	  5.9392937e+005	  3.0945380e+002	  1.3720376e-001	
  5.9610000e+000	  5.9750512e+005	  3.0945568e+002	  2.5654974e-001	
  5.9810000e+000	  5.9755837e+005	  3.0945755e+002	  2.8946062e-001	
  6.0010000e+000	  5.9803350e+005	  3.0945943e+002	  1.4913815e-001	
  6.0250000e+000	  5.9705047e+005	  3.0946168e+002	  2.3978072e-001	
  6.0410000e+000	  5.9708324e+005	  3.0946318e+002	  2.1616314e-001	
  6.0640000e+000	  5.9623948e+005	  3.0946533e+002	  2.8962214e-002	
  6.0810000e+000	  5.9355869e+005	  3.0946692e+002	  2.7583124e-001	
  6.1010000e+000	  5.9343581e+005	  3.0946880e+002	  1.2912948e-001	
  6.1210000e+000	  5.9578688e+005	  3.0947067e+002	  3.2234625e-001	
  6.1450000e+000	  5.9117895e+005	  3.0947292e+002	  4.1113417e-001	
  6.1600000e+000	  5.9481614e+005	  3.0947432e+002	  3.4846387e-001	
  6.1810000e+000	  5.9404201e+005	  3.0947629e+002	  3.4783060e-001	
  6.2010000e+000	  5.9187321e+005	  3.0947816e+002	  2.6183113e-001	
  6.2210000e+000	  5.9179948e+005	  3.0948004e+002	  2.8834698e-001	
  6.2410000e+000	  5.9282961e+005	  3.0948191e+002	  4.5433617e-001	
  6.2640000e+000	  5.9632754e+005	  3.0948406e+002	  2.3920919e-001	
  6.2820000e+000	  7.1537597e+004	  3.0948575e+002	  1.8388246e-001	
  6.3010000e+000	  7.1168962e+004	  3.0948753e+002	  4.5240039e-001	
  6.3220000e+000	  7.1488445e+004	  3.0948949e+002	  3.1407042e-001	
  6.3410000e+000	  7.1568316e+004	  3.0949127e+002	  3.6167673e-001	
  6.3620000e+000	  7.1734202e+004	  3.0949324e+002	  1.1094414e-001	
  6.3810000e+000	  7.1377855e+004	  3.0949502e+002	  3.8348201e-001	
  6.4050000e+000	  7.1171010e+004	  3.0949726e+002	  3.4947136e-001	
  6.4210000e+000	  7.1103427e+004	  3.0949876e+002	  1.8262270e-001	
  6.4410000e+000	  7.2133555e+004	  3.0950063e+002	  3.1363387e-001	
  6.4610000e+000	  7.1674811e+004	  3.0950250e+002	  2.0632015e-001	
  6.4810000e+000	  7.1236545e+004	  3.0950437e+002	  2.6323475e-001	
  6.5010000e+000	  7.1443390e+004	  3.0950625e+002	  9.8996730e-002	
  6.5240000e+000	  7.1766969e+004	  3.0950840e+002	  4.2661737e-001	
  6.5410000e+000	  7.1314368e+004	  3.0950999e+002	  2.3010961e-001	
  6.5610000e+000	  7.1320512e+004	  3.0951186e+002	  1.4439156e-001	
  6.5810000e+000	  7.1830456e+004	  3.0951373e+002	  1.4875483e-001	
  6.6010000e+000	  7.1121859e+004	  3.0951560e+002	  2.0737873e-002	
  6.6210000e+000	  7.1515069e+004	  3.0951747e+002	  1.6806896e-001	
  6.6410000e+000	  7.1279552e+004	  3.0951934e+002	  5.1798558e-002	
  6.6610000e+000	  7.1041988e+004	  3.0952121e+002	 -5.7294192e-002	
  6.6850000e+000	  7.1769017e+004	  3.0952345e+002	 -4.5434074e-003	
  6.7010000e+000	  7.2203187e+004	  3.0952495e+002	  1.1595956e-001	
  6.7210000e+000	  7.1900087e+004	  3.0952682e+002	  6.2819085e-003	
  6.7410000e+000	  7.1386047e+004	  3.0952869e+002	  8.5637547e-002	
  6.7610000e+000	  7.1996341e+004	  3.0953056e+002	  1.8412932e-001	
  6.7820000e+000	  7.1500733e+004	  3.0953252e+002	 -2.5224807e-002	
  6.8010000e+000	  7.1168962e+004	  3.0953429e+002	 -6.3043810e-002	
  6.8220000e+000	  7.1644091e+004	  3.0953625e+002	 -6.7645377e-002	
  6.8440000e+000	  7.1775161e+004	  3.0953831e+002	 -8.0296326e-002	
  6.8610000e+000	  7.2235954e+004	  3.0953990e+002	 -6.6583099e-002	
  6.8810000e+000	  7.1562172e+004	  3.0954177e+002	  9.6147214e-002	
  6.9020000e+000	  7.1306176e+004	  3.0954373e+002	 -1.3965102e-001	
  6.9210000e+000	  7.1726010e+004	  3.0954550e+002	 -1.9034273e-001	
  6.9440000e+000	  7.1539645e+004	  3.0954765e+002	 -1.6947124e-001	
  6.9610000e+000	  7.1429054e+004	  3.0954923e+002	 -1.2254201e-001	
  6.9810000e+000	  7.2059828e+004	  3.0955110e+002	 -1.5116609e-001	
  7.0010000e+000	  7.1740345e+004	  3.0955297e+002	 -2.8572607e-001	
  7.0210000e+000	  7.0978501e+004	  3.0955483e+002	 -1.5585855e-001	
  7.0410000e+000	  7.1318464e+004	  3.0955670e+002	 -1.2152241e-001	
  7.0620000e+000	  7.1467966e+004	  3.0955866e+002	 -2.1891226e-001	
  7.0810000e+000	  7.1175106e+004	  3.0956043e+002	 -3.8537731e-001	
  7.1050000e+000	  7.1459774e+004	  3.0956267e+002	 -4.0868021e-001	
  7.1210000e+000	  7.1850936e+004	  3.0956416e+002	 -1.6854319e-001	
  7.1410000e+000	  7.1451581e+004	  3.0956602e+002	 -3.1662934e-001	
  7.1610000e+000	  7.1416766e+004	  3.0956789e+002	 -1.8046698e-001	
  7.1840000e+000	  7.1304128e+004	  3.0957003e+002	 -4.5212430e-001	
  7.2010000e+000	  7.1404478e+004	  3.0957162e+002	 -3.4685936e-001	
  7.2210000e+000	  5.9403177e+005	  3.0957348e+002	 -2.3894620e-001	
  7.2440000e+000	  5.9321463e+005	  3.0957562e+002	 -1.6083569e-001	
  7.2610000e+000	  5.9272312e+005	  3.0957721e+002	 -2.3380951e-001	
  7.2820000e+000	  5.9864175e+005	  3.0957916e+002	 -2.1274355e-001	
  7.3010000e+000	  5.9473422e+005	  3.0958093e+002	  5.5784562e-003	
  7.3220000e+000	  5.9060347e+005	  3.0958289e+002	 -1.8658505e-001	
  7.3410000e+000	  5.9582988e+005	  3.0958466e+002	 -2.9605600e-001	
  7.3620000e+000	  5.9565171e+005	  3.0958661e+002	 -2.8588429e-001	
  7.3810000e+000	  5.9164179e+005	  3.0958838e+002	 -1.9822324e-001	
  7.4020000e+000	  5.9046830e+005	  3.0959033e+002	 -1.6893956e-001	
  7.4210000e+000	  5.9933396e+005	  3.0959210e+002	 -1.1235303e-001	
  7.4410000e+000	  5.9780208e+005	  3.0959396e+002	 -2.2647355e-001	
  7.4680000e+000	  5.9616165e+005	  3.0959647e+002	 -1.3845781e-001	
  7.4820000e+000	  5.9747440e+005	  3.0959777e+002	  1.1039750e-001	
  7.5010000e+000	  5.9905748e+005	  3.0959954e+002	 -1.8469081e-001	
  7.5210000e+000	  5.9575821e+005	  3.0960140e+002	  1.7258075e-002	
  7.5410000e+000	  6.0045829e+005	  3.0960326e+002	 -8.9132476e-002	
  7.5610000e+000	  6.0007942e+005	  3.0960512e+002	 -5.9895879e-002	
  7.5840000e+000	  5.9776317e+005	  3.0960726e+002	 -3.0411827e-001	
  7.6020000e+000	  5.9283371e+005	  3.0960893e+002	 -1.5255838e-001	
  7.6210000e+000	  5.9505985e+005	  3.0961069e+002	 -1.1572042e-001	
  7.6420000e+000	  5.9607154e+005	  3.0961264e+002	 -8.0999555e-002	
  7.6610000e+000	  5.8836504e+005	  3.0961441e+002	  3.4959109e-002	
  7.6820000e+000	  5.9047445e+005	  3.0961636e+002	  8.3718428e-002	
  7.7010000e+000	  5.9021845e+005	  3.0961812e+002	  5.1277395e-003	
  7.7210000e+000	  5.8810904e+005	  3.0961998e+002	  3.0443237e-002	
  7.7420000e+000	  5.8547331e+005	  3.0962192e+002	  4.0359636e-002	
  7.7620000e+000	  5.9080007e+005	  3.0962378e+002	  1.8360039e-002	
  7.7840000e+000	  5.8733491e+005	  3.0962582e+002	  2.0826555e-001	
  7.8010000e+000	  5.8387384e+005	  3.0962740e+002	  1.6364864e-001	
  7.8220000e+000	  5.8373048e+005	  3.0962934e+002	 -4.1684140e-003	
  7.8410000e+000	  5.8345401e+005	  3.0963110e+002	  3.1234402e-001	
  7.8620000e+000	  5.7762549e+005	  3.0963305e+002	  2.5185895e-001	
  7.8810000e+000	  5.7354798e+005	  3.0963481e+002	  2.2542107e-001	
  7.9050000e+000	  5.7826036e+005	  3.0963703e+002	  1.9770559e-001	
  7.9210000e+000	  5.7469689e+005	  3.0963852e+002	  1.8929381e-001	
  7.9420000e+000	  5.7516998e+005	  3.0964046e+002	  2.4088914e-001	
  7.9610000e+000	  5.7852250e+005	  3.0964222e+002	  3.2600629e-002	
  7.9820000e+000	  5.8004209e+005	  3.0964416e+002	  1.3122884e-001	
  8.0010000e+000	  5.7630250e+005	  3.0964592e+002	  1.0501312e-001	
  8.0220000e+000	  5.7702748e+005	  3.0964786e+002	  2.4159843e-001	
  8.0410000e+000	  5.8434692e+005	  3.0964962e+002	  3.4579811e-001	
  8.0620000e+000	  5.8347244e+005	  3.0965156e+002	  2.7603302e-001	
  8.0810000e+000	  5.8007281e+005	  3.0965332e+002	  2.4253877e-001	
  8.1020000e+000	  5.8217198e+005	  3.0965526e+002	  3.1866018e-001	
  8.1210000e+000	  5.8298093e+005	  3.0965702e+002	  3.0048914e-001	
  8.1410000e+000	  5.7934578e+005	  3.0965887e+002	  4.6069219e-001	
  8.1640000e+000	  7.1297984e+004	  3.0966099e+002	  3.2895018e-001	
  8.1820000e+000	  7.1386047e+004	  3.0966265e+002	  3.2580364e-001	
  8.2010000e+000	  7.1572412e+004	  3.0966441e+002	  4.2955483e-001	
  8.2210000e+000	  7.1320512e+004	  3.0966626e+002	  2.4218597e-001	
  8.2420000e+000	  7.1879607e+004	  3.0966819e+002	  3.3914861e-001	
  8.2610000e+000	  7.1340992e+004	  3.0966995e+002	  2.7978717e-001	
  8.2840000e+000	  7.1427006e+004	  3.0967207e+002	  3.2307169e-001	
  8.3010000e+000	  7.1775161e+004	  3.0967364e+002	  3.0148873e-001	
  8.3220000e+000	  7.1984054e+004	  3.0967557e+002	  2.7562700e-001	
  8.3410000e+000	  7.1429054e+004	  3.0967732e+002	  2.5884515e-001	
  8.3620000e+000	  7.1369663e+004	  3.0967926e+002	  2.2794246e-001	
  8.3840000e+000	  7.1480254e+004	  3.0968129e+002	  1.7309619e-001	
  8.4020000e+000	  7.1502781e+004	  3.0968295e+002	  1.2754095e-001	
  8.4210000e+000	  7.1470014e+004	  3.0968470e+002	  2.0128689e-001	
  8.4420000e+000	  7.1353279e+004	  3.0968663e+002	  1.6355846e-002	
  8.4610000e+000	  7.1728058e+004	  3.0968838e+002	  1.2728680e-001	
  8.4820000e+000	  7.2012725e+004	  3.0969031e+002	 -1.8390974e-002	
  8.5040000e+000	  7.1859128e+004	  3.0969234e+002	  1.6819638e-001	
  8.5220000e+000	  7.1418815e+004	  3.0969399e+002	  2.3213444e-001	
  8.5410000e+000	  7.1418814e+004	  3.0969574e+002	  1.1323973e-001	
  8.5620000e+000	  7.1482301e+004	  3.0969767e+002	  1.1560671e-001	
  8.5810000e+000	  7.1488445e+004	  3.0969942e+002	 -3.9290018e-002	
  8.6020000e+000	  7.1533501e+004	  3.0970135e+002	  1.0774087e-001	
  8.6250000e+000	  7.1699386e+004	  3.0970346e+002	 -1.6393573e-001	
  8.6410000e+000	  7.1285696e+004	  3.0970493e+002	 -3.3732542e-002	
  8.6640000e+000	  7.1343039e+004	  3.0970704e+002	  1.1129487e-002	
  8.6810000e+000	  7.1510972e+004	  3.0970860e+002	 -2.4160807e-001	
  8.7010000e+000	  7.1252929e+004	  3.0971044e+002	 -3.0017900e-002	
  8.7220000e+000	  7.1822264e+004	  3.0971236e+002	 -2.0281004e-001	
  8.7420000e+000	  7.1070659e+004	  3.0971420e+002	 -2.0867218e-001	
  8.7620000e+000	  7.1238593e+004	  3.0971603e+002	 -1.4405712e-001	
  8.7820000e+000	  7.1580603e+004	  3.0971786e+002	 -1.7739279e-001	
  8.8040000e+000	  7.1670715e+004	  3.0971988e+002	 -2.6110501e-001	
  8.8220000e+000	  7.1517117e+004	  3.0972153e+002	 -9.7664328e-002	
  8.8420000e+000	  7.1703482e+004	  3.0972336e+002	 -4.0718418e-002	
  8.8620000e+000	  7.1363519e+004	  3.0972519e+002	 -1.2694724e-001	
  8.8810000e+000	  7.1482302e+004	  3.0972693e+002	 -3.4085671e-001	
  8.9050000e+000	  7.1418814e+004	  3.0972913e+002	 -3.9883650e-001	
  8.9210000e+000	  7.2127411e+004	  3.0973059e+002	 -2.0072476e-001	
  8.9420000e+000	  7.1510973e+004	  3.0973251e+002	 -3.1140450e-001	
  8.9620000e+000	  7.1173058e+004	  3.0973434e+002	 -2.5389504e-001	
  8.9820000e+000	  7.1687098e+004	  3.0973617e+002	 -3.6808953e-001	
  9.0010000e+000	  7.1678906e+004	  3.0973791e+002	 -3.3013761e-001	
  9.0220000e+000	  7.1779257e+004	  3.0973983e+002	 -8.0956900e-002	
  9.0410000e+000	  7.1265217e+004	  3.0974156e+002	 -2.3800774e-001	
  9.0620000e+000	  7.1498685e+004	  3.0974348e+002	 -2.4879745e-001	
  9.0810000e+000	  7.1474109e+004	  3.0974521e+002	 -2.3079814e-001	
  9.1050000e+000	  5.8226004e+005	  3.0974740e+002	 -2.5289871e-001	
  9.1210000e+000	  5.8205729e+005	  3.0974886e+002	 -4.7854639e-001	
  9.1420000e+000	  5.8489578e+005	  3.0975078e+002	 -1.7652249e-001	
  9.1610000e+000	  5.8457220e+005	  3.0975251e+002	 -1.9133243e-001	
  9.1820000e+000	  5.8647067e+005	  3.0975442e+002	 -3.3118721e-001	
  9.2040000e+000	  5.9062395e+005	  3.0975643e+002	 -1.8370657e-001	
  9.2220000e+000	  5.8561871e+005	  3.0975807e+002	 -3.7315393e-001	
  9.2420000e+000	  5.9109498e+005	  3.0975989e+002	 -3.8270021e-001	
  9.2620000e+000	  5.9073044e+005	  3.0976171e+002	 -6.1516246e-002	
  9.2820000e+000	  5.9382902e+005	  3.0976353e+002	 -9.7199056e-002	
  9.3010000e+000	  5.9291562e+005	  3.0976526e+002	 -2.8810612e-001	
  9.3250000e+000	  5.9716926e+005	  3.0976744e+002	 -2.9052576e-001	
  9.3420000e+000	  5.9488987e+005	  3.0976898e+002	 -1.2678838e-001	
  9.3620000e+000	  5.9644632e+005	  3.0977080e+002	 -1.8241000e-002	
  9.3810000e+000	  5.9657944e+005	  3.0977253e+002	 -1.8737020e-001	
  9.4050000e+000	  5.9869499e+005	  3.0977471e+002	 -2.8037710e-002	
  9.4220000e+000	  5.9727575e+005	  3.0977625e+002	  6.9245609e-002	
  9.4420000e+000	  5.9747236e+005	  3.0977806e+002	 -4.6734781e-003	
  9.4620000e+000	  6.0077163e+005	  3.0977988e+002	 -1.9957475e-001	
  9.4820000e+000	  5.9726141e+005	  3.0978169e+002	  4.3615409e-002	
  9.5010000e+000	  5.9727575e+005	  3.0978341e+002	 -5.2222879e-002	
  9.5220000e+000	  6.0000979e+005	  3.0978532e+002	 -5.7200133e-002	
  9.5440000e+000	  5.9656101e+005	  3.0978731e+002	  8.0976197e-002	
  9.5620000e+000	  5.9358736e+005	  3.0978894e+002	  2.9442434e-002	
  9.5840000e+000	  5.9738839e+005	  3.0979093e+002	  5.2892793e-002	
  9.6020000e+000	  5.9870728e+005	  3.0979256e+002	  1.0043153e-001	
  9.6210000e+000	  5.9617394e+005	  3.0979428e+002	  1.5277968e-001	
  9.6420000e+000	  5.9654258e+005	  3.0979618e+002	  1.1991471e-001	
  9.6610000e+000	  5.9983366e+005	  3.0979790e+002	  7.5795537e-002	
  9.6820000e+000	  5.9854754e+005	  3.0979980e+002	 -9.3878837e-002	
  9.7010000e+000	  5.9889365e+005	  3.0980151e+002	 -1.0152392e-002	
  9.7240000e+000	  5.9750922e+005	  3.0980359e+002	  2.7772574e-001	
  9.7420000e+000	  5.9435125e+005	  3.0980521e+002	  5.1109234e-002	
  9.7620000e+000	  5.9174828e+005	  3.0980702e+002	  3.4199815e-001	
  9.7820000e+000	  5.8846129e+005	  3.0980882e+002	  1.7887725e-001	
  9.8020000e+000	  5.8767487e+005	  3.0981063e+002	  3.1953006e-001	
  9.8220000e+000	  5.8563714e+005	  3.0981243e+002	  2.9688379e-001	
  9.8440000e+000	  5.8569654e+005	  3.0981441e+002	  2.1892857e-001	
  9.8630000e+000	  5.8403358e+005	  3.0981612e+002	  2.3797575e-001	
  9.8820000e+000	  5.8930301e+005	  3.0981783e+002	  1.4519972e-001	
  9.9020000e+000	  5.8557775e+005	  3.0981963e+002	  2.4346254e-001	
  9.9210000e+000	  5.8754380e+005	  3.0982134e+002	  2.0072238e-001	
  9.9420000e+000	  5.8766258e+005	  3.0982323e+002	  3.3126095e-001	
  9.9620000e+000	  5.9094138e+005	  3.0982503e+002	  3.5665100e-001	
  9.9820000e+000	  5.8760115e+005	  3.0982683e+002	  4.7888629e-001	
  1.0004000e+001	  5.8841829e+005	  3.0982880e+002	  3.6322380e-001	
  1.0022000e+001	  5.8749056e+005	  3.0983042e+002	  3.8613088e-001	
  1.0041000e+001	  7.1109571e+004	  3.0983213e+002	  2.4719412e-001	
  1.0062000e+001	  7.1191490e+004	  3.0983401e+002	  4.8774149e-001	
  1.0084000e+001	  7.1824312e+004	  3.0983598e+002	  4.6688977e-001	
  1.0102000e+001	  7.1173058e+004	  3.0983760e+002	  2.0386469e-001	
  1.0121000e+001	  7.1941046e+004	  3.0983930e+002	  3.0724655e-001	
  1.0142000e+001	  7.1201729e+004	  3.0984118e+002	  3.3988810e-001	
  1.0161000e+001	  7.0994885e+004	  3.0984288e+002	  2.2645824e-001	
  1.0182000e+001	  7.1732153e+004	  3.0984476e+002	  1.6540485e-001	
  1.0205000e+001	  7.1752633e+004	  3.0984682e+002	  1.8880634e-001	
  1.0222000e+001	  7.1506877e+004	  3.0984834e+002	  1.9043082e-001	
  1.0245000e+001	  7.0996933e+004	  3.0985040e+002	  5.1757122e-002	
  1.0262000e+001	  7.1603131e+004	  3.0985192e+002	  1.4556785e-001	
  1.0282000e+001	  7.1535548e+004	  3.0985370e+002	  2.5985159e-001	
  1.0302000e+001	  7.1472062e+004	  3.0985549e+002	  1.9150878e-002	
  1.0322000e+001	  7.1416767e+004	  3.0985728e+002	  1.8597668e-001	
  1.0342000e+001	  7.1320512e+004	  3.0985906e+002	  1.2829521e-001	
  1.0362000e+001	  7.1539644e+004	  3.0986084e+002	  8.5205359e-002	
  1.0382000e+001	  7.1525309e+004	  3.0986263e+002	  2.8991776e-001	
  1.0402000e+001	  7.1699386e+004	  3.0986441e+002	  1.3075237e-001	
  1.0422000e+001	  7.1343039e+004	  3.0986619e+002	  1.0710816e-001	
  1.0442000e+001	  7.1248833e+004	  3.0986797e+002	 -1.7024864e-001	
  1.0462000e+001	  7.1580604e+004	  3.0986975e+002	  1.7826539e-001	
  1.0482000e+001	  7.1068612e+004	  3.0987153e+002	  1.5462436e-001	
  1.0505000e+001	  7.1566268e+004	  3.0987358e+002	 -2.9540409e-002	
  1.0522000e+001	  7.1134147e+004	  3.0987509e+002	  5.9711131e-004	
  1.0544000e+001	  7.1726010e+004	  3.0987704e+002	 -9.9831192e-002	
  1.0562000e+001	  7.1510973e+004	  3.0987864e+002	 -4.3665424e-002	
  1.0582000e+001	  7.1351231e+004	  3.0988042e+002	 -1.7902403e-001	
  1.0602000e+001	  7.1523261e+004	  3.0988219e+002	 -5.0986026e-002	
  1.0621000e+001	  7.1523261e+004	  3.0988387e+002	 -7.5135087e-002	
  1.0645000e+001	  7.1406526e+004	  3.0988600e+002	 -1.4348197e-001	
  1.0662000e+001	  7.1492541e+004	  3.0988751e+002	 -5.6375773e-002	
  1.0682000e+001	  7.1596988e+004	  3.0988928e+002	 -1.1496892e-001	
  1.0701000e+001	  7.1613371e+004	  3.0989096e+002	 -1.9160552e-001	
  1.0722000e+001	  7.1291840e+004	  3.0989282e+002	 -1.9545584e-002	
  1.0742000e+001	  7.2008629e+004	  3.0989459e+002	 -2.0127036e-001	
  1.0762000e+001	  7.0976453e+004	  3.0989636e+002	 -1.6563231e-001	
  1.0782000e+001	  7.1689146e+004	  3.0989812e+002	 -1.9600575e-001	
  1.0802000e+001	  7.1578556e+004	  3.0989989e+002	 -2.2551179e-001	
  1.0822000e+001	  7.1115715e+004	  3.0990166e+002	 -2.7005288e-001	
  1.0845000e+001	  7.1445438e+004	  3.0990369e+002	 -5.5021022e-001	
  1.0863000e+001	  7.1406526e+004	  3.0990527e+002	 -2.8211577e-001	
  1.0882000e+001	  7.1750585e+004	  3.0990695e+002	 -3.1028321e-001	
  1.0902000e+001	  7.1766969e+004	  3.0990871e+002	 -3.1242372e-001	
  1.0922000e+001	  7.1400383e+004	  3.0991047e+002	 -2.4520333e-001	
  1.0942000e+001	  7.1779257e+004	  3.0991223e+002	 -5.2801749e-001	
  1.0962000e+001	  7.1410622e+004	  3.0991399e+002	 -2.1822361e-001	
  1.0985000e+001	  5.8614299e+005	  3.0991602e+002	 -1.4748317e-001	
  1.1001000e+001	  5.9184863e+005	  3.0991742e+002	 -3.1468393e-001	
  1.1022000e+001	  5.8861079e+005	  3.0991927e+002	 -2.8460541e-001	
  1.1042000e+001	  5.8593205e+005	  3.0992102e+002	 -2.9913693e-001	
  1.1062000e+001	  5.8524803e+005	  3.0992278e+002	 -2.0644889e-001	
  1.1082000e+001	  5.8600168e+005	  3.0992453e+002	 -1.8098706e-001	
  1.1102000e+001	  5.8640923e+005	  3.0992629e+002	 -3.1512516e-001	
  1.1122000e+001	  5.8791858e+005	  3.0992804e+002	 -3.2983060e-001	
  1.1142000e+001	  5.9088814e+005	  3.0992979e+002	 -1.4734991e-001	
  1.1161000e+001	  5.8565558e+005	  3.0993146e+002	 -2.5857369e-001	
  1.1185000e+001	  5.8622491e+005	  3.0993356e+002	 -1.0258763e-001	
  1.1201000e+001	  5.8367724e+005	  3.0993496e+002	 -1.5706837e-001	
  1.1222000e+001	  5.8404382e+005	  3.0993679e+002	 -1.1899135e-001	
  1.1242000e+001	  5.8809266e+005	  3.0993854e+002	 -2.3458599e-001	
  1.1265000e+001	  5.8856369e+005	  3.0994055e+002	 -2.2013065e-001	
  1.1282000e+001	  5.9162745e+005	  3.0994203e+002	  6.6767930e-004	
  1.1306000e+001	  5.8915351e+005	  3.0994413e+002	 -5.0238463e-002	
  1.1322000e+001	  5.8766054e+005	  3.0994552e+002	 -1.5884510e-001	
  1.1342000e+001	  5.8964707e+005	  3.0994726e+002	 -5.3793961e-002	
  1.1365000e+001	  5.8642356e+005	  3.0994927e+002	  7.2501914e-002	
  1.1382000e+001	  5.8629454e+005	  3.0995075e+002	 -8.2620002e-002	
  1.1403000e+001	  5.8907159e+005	  3.0995258e+002	 -1.2063693e-002	
  1.1422000e+001	  5.8769330e+005	  3.0995423e+002	  1.4363200e-001	
  1.1442000e+001	  5.8880740e+005	  3.0995597e+002	 -1.5393145e-001	
  1.1462000e+001	  5.8487735e+005	  3.0995770e+002	 -5.4820225e-002	
  1.1489000e+001	  5.8518454e+005	  3.0996005e+002	  8.4545165e-002	
  1.1502000e+001	  5.8724890e+005	  3.0996118e+002	 -1.0819982e-001	
  1.1522000e+001	  5.8579688e+005	  3.0996291e+002	  6.4784809e-002	
  1.1542000e+001	  5.9022050e+005	  3.0996465e+002	  7.0627880e-003	
  1.1566000e+001	  5.9137350e+005	  3.0996673e+002	  1.1004205e-001	
  1.1581000e+001	  5.8821349e+005	  3.0996803e+002	  1.1068755e-001	
  1.1602000e+001	  5.8803941e+005	  3.0996984e+002	  2.0125599e-001	
  1.1621000e+001	  5.9546125e+005	  3.0997149e+002	  1.8221284e-001	
  1.1646000e+001	  5.9406863e+005	  3.0997365e+002	  2.9491822e-001	
  1.1662000e+001	  5.9160492e+005	  3.0997503e+002	  1.3213497e-001	
  1.1682000e+001	  5.9416489e+005	  3.0997676e+002	  1.3538070e-001	
  1.1701000e+001	  5.9555546e+005	  3.0997840e+002	  2.8362198e-001	
  1.1722000e+001	  5.9241182e+005	  3.0998021e+002	  2.5213648e-001	
  1.1742000e+001	  5.9354230e+005	  3.0998194e+002	  1.5654069e-001	
  1.1762000e+001	  5.9340099e+005	  3.0998366e+002	  3.3371507e-001	
  1.1782000e+001	  5.9414441e+005	  3.0998538e+002	  3.8774197e-001	
  1.1805000e+001	  5.9146566e+005	  3.0998736e+002	  3.5035273e-001	
  1.1822000e+001	  5.9586675e+005	  3.0998882e+002	  5.0634841e-001	
  1.1842000e+001	  5.9648933e+005	  3.0999054e+002	  2.3071933e-001	
  1.1862000e+001	  5.9251627e+005	  3.0999226e+002	  4.1340817e-001	
  1.1882000e+001	  5.9398262e+005	  3.0999398e+002	  4.0138022e-001	
  1.1905000e+001	  5.9661221e+005	  3.0999595e+002	  3.7242513e-001	
  1.1922000e+001	  7.1470013e+004	  3.0999741e+002	  3.1899874e-001	
  1.1943000e+001	  7.1394238e+004	  3.0999921e+002	  1.5302859e-001	
  1.1962000e+001	  7.1629755e+004	  3.1000084e+002	  2.7416137e-001	
  1.1982000e+001	  7.1805880e+004	  3.1000255e+002	  3.3483645e-001	
  1.2002000e+001	  7.1345087e+004	  3.1000427e+002	  2.1411707e-001	
  1.2022000e+001	  7.1713722e+004	  3.1000598e+002	  2.2606313e-001	
  1.2042000e+001	  7.1371711e+004	  3.1000769e+002	  1.3181927e-001	
  1.2065000e+001	  7.1668666e+004	  3.1000965e+002	  2.9164386e-001	
  1.2082000e+001	  7.1326656e+004	  3.1001110e+002	  1.9916392e-001	
  1.2102000e+001	  7.2068020e+004	  3.1001281e+002	  1.8228618e-001	
  1.2124000e+001	  7.1769017e+004	  3.1001469e+002	  1.5155548e-001	
  1.2142000e+001	  7.1664571e+004	  3.1001622e+002	  1.5123886e-001	
  1.2162000e+001	  7.1257025e+004	  3.1001792e+002	  2.1268541e-001	
  1.2182000e+001	  7.1291840e+004	  3.1001963e+002	  2.0085598e-002	
  1.2201000e+001	  7.1674810e+004	  3.1002124e+002	  3.4824372e-001	
  1.2225000e+001	  7.1242689e+004	  3.1002328e+002	 -1.2481196e-002	
  1.2242000e+001	  7.1463870e+004	  3.1002473e+002	  2.2051507e-001	
  1.2262000e+001	  7.1934903e+004	  3.1002643e+002	  1.6128586e-001	
  1.2283000e+001	  7.1697338e+004	  3.1002821e+002	  5.3883520e-002	
  1.2302000e+001	  7.1545788e+004	  3.1002982e+002	  1.2218723e-001	
  1.2323000e+001	  7.1607227e+004	  3.1003160e+002	 -6.9076839e-002	
  1.2342000e+001	  7.1463870e+004	  3.1003321e+002	  1.1508399e-001	
  1.2362000e+001	  7.1941046e+004	  3.1003490e+002	  2.5042074e-003	
  1.2385000e+001	  7.1355327e+004	  3.1003685e+002	 -3.4957667e-002	
  1.2402000e+001	  7.1330751e+004	  3.1003829e+002	  3.1485485e-002	
  1.2422000e+001	  7.2008629e+004	  3.1003998e+002	  1.2727628e-002	
  1.2442000e+001	  7.1553980e+004	  3.1004166e+002	 -1.0972294e-001	
  1.2462000e+001	  7.1730105e+004	  3.1004335e+002	 -2.2750708e-001	
  1.2483000e+001	  7.1455678e+004	  3.1004512e+002	 -1.7983325e-001	
  1.2502000e+001	  7.1066564e+004	  3.1004672e+002	 -1.3948789e-001	
  1.2526000e+001	  7.1138242e+004	  3.1004875e+002	 -2.6226234e-001	
  1.2542000e+001	  7.1689146e+004	  3.1005009e+002	 -1.2085482e-001	
  1.2565000e+001	  7.1343040e+004	  3.1005203e+002	 -1.7156862e-001	
  1.2582000e+001	  7.1396287e+004	  3.1005346e+002	 -4.7744539e-002	
  1.2602000e+001	  7.1275456e+004	  3.1005514e+002	 -2.1058362e-001	
  1.2625000e+001	  7.1519165e+004	  3.1005707e+002	 -1.3773851e-001	
  1.2642000e+001	  7.1629755e+004	  3.1005849e+002	 -1.9049797e-001	
  1.2662000e+001	  7.1031748e+004	  3.1006017e+002	 -1.8503028e-001	
  1.2682000e+001	  7.1162818e+004	  3.1006185e+002	 -8.8689591e-002	
  1.2702000e+001	  7.1400382e+004	  3.1006352e+002	 -1.8133424e-001	
  1.2722000e+001	  7.1703482e+004	  3.1006520e+002	 -9.1398899e-002	
  1.2742000e+001	  7.1805880e+004	  3.1006687e+002	 -2.8574068e-001	
  1.2762000e+001	  7.1648187e+004	  3.1006854e+002	 -2.8156778e-001	
  1.2783000e+001	  7.1408574e+004	  3.1007029e+002	 -3.3386026e-001	
  1.2802000e+001	  7.1171010e+004	  3.1007188e+002	 -3.3573060e-001	
  1.2825000e+001	  7.1441342e+004	  3.1007380e+002	 -3.4803644e-001	
  1.2842000e+001	  7.1576508e+004	  3.1007521e+002	 -2.3794382e-001	
  1.2863000e+001	  5.8167637e+005	  3.1007696e+002	 -3.0706377e-001	
  1.2885000e+001	  5.8110908e+005	  3.1007879e+002	 -4.3096556e-001	
  1.2902000e+001	  5.8300141e+005	  3.1008021e+002	 -3.1144004e-001	
  1.2922000e+001	  5.8218836e+005	  3.1008187e+002	 -4.0063893e-001	
  1.2943000e+001	  5.8377349e+005	  3.1008361e+002	 -3.1884300e-001	
  1.2962000e+001	  5.7671005e+005	  3.1008519e+002	 -3.7388966e-001	
  1.2986000e+001	  5.7668342e+005	  3.1008718e+002	 -3.6697091e-001	
  1.3002000e+001	  5.8060733e+005	  3.1008851e+002	 -2.9814605e-001	
  1.3023000e+001	  5.7915532e+005	  3.1009025e+002	 -2.0574627e-001	
  1.3042000e+001	  5.8218836e+005	  3.1009182e+002	 -1.6755015e-001	
  1.3066000e+001	  5.8168252e+005	  3.1009380e+002	 -1.7204160e-001	
  1.3085000e+001	  5.8142857e+005	  3.1009537e+002	 -1.0093412e-001	
  1.3103000e+001	  5.8216993e+005	  3.1009686e+002	 -1.4327361e-001	
  1.3122000e+001	  5.8263892e+005	  3.1009843e+002	 -8.3443874e-002	
  1.3145000e+001	  5.8536476e+005	  3.1010033e+002	 -8.1236546e-002	
  1.3162000e+001	  5.7863719e+005	  3.1010173e+002	 -1.5587975e-001	
  1.3182000e+001	  5.8154530e+005	  3.1010337e+002	 -1.3084772e-001	
  1.3202000e+001	  5.8251194e+005	  3.1010502e+002	  2.0371188e-002	
  1.3222000e+001	  5.8324716e+005	  3.1010666e+002	 -2.5691630e-001	
  1.3242000e+001	  5.8246279e+005	  3.1010831e+002	 -9.3953248e-002	
  1.3262000e+001	  5.8301165e+005	  3.1010995e+002	 -4.9264848e-002	
  1.3283000e+001	  5.8433873e+005	  3.1011167e+002	 -7.1206293e-002	
  1.3305000e+001	  5.8417285e+005	  3.1011348e+002	 -3.3641893e-002	
  1.3323000e+001	  5.8538320e+005	  3.1011495e+002	 -1.0463307e-001	
  1.3342000e+001	  5.8537910e+005	  3.1011651e+002	 -8.3642562e-002	
  1.3363000e+001	  5.8489988e+005	  3.1011823e+002	  6.4375132e-002	
  1.3382000e+001	  5.8430187e+005	  3.1011978e+002	  4.5693643e-002	
  1.3403000e+001	  5.8337414e+005	  3.1012150e+002	 -1.3090368e-001	
  1.3426000e+001	  5.8267578e+005	  3.1012337e+002	  2.0642422e-001	
  1.3442000e+001	  5.8040458e+005	  3.1012468e+002	  1.7337762e-001	
  1.3462000e+001	  5.8432849e+005	  3.1012631e+002	  1.6202584e-002	
  1.3482000e+001	  5.8239316e+005	  3.1012794e+002	  1.2142303e-001	
  1.3505000e+001	  5.8131593e+005	  3.1012981e+002	 -9.3913165e-002	
  1.3522000e+001	  5.7931302e+005	  3.1013119e+002	  2.1607672e-001	
  1.3542000e+001	  5.8320416e+005	  3.1013282e+002	  1.5792704e-001	
  1.3563000e+001	  5.8153301e+005	  3.1013452e+002	  2.1842690e-001	
  1.3582000e+001	  5.8573749e+005	  3.1013606e+002	  2.9861737e-001	
  1.3602000e+001	  5.8259386e+005	  3.1013768e+002	  2.0510397e-001	
  1.3627000e+001	  5.7850202e+005	  3.1013971e+002	  1.7075033e-001	
  1.3642000e+001	  5.7771150e+005	  3.1014092e+002	  6.4048675e-002	
  1.3662000e+001	  5.7767874e+005	  3.1014254e+002	  1.5834510e-001	
  1.3683000e+001	  5.8053975e+005	  3.1014424e+002	  1.9496612e-001	
  1.3702000e+001	  5.7911232e+005	  3.1014577e+002	  2.8270314e-001	
  1.3722000e+001	  5.8090224e+005	  3.1014739e+002	  2.7991763e-001	
  1.3742000e+001	  5.7523141e+005	  3.1014900e+002	  3.8720860e-001	
  1.3765000e+001	  5.7887680e+005	  3.1015085e+002	  3.6847029e-001	
  1.3783000e+001	  5.7450848e+005	  3.1015230e+002	  4.3480467e-001	
  1.3802000e+001	  7.1625659e+004	  3.1015383e+002	  2.3947266e-001	
  1.3823000e+001	  7.1576508e+004	  3.1015552e+002	  3.5297066e-001	
  1.3842000e+001	  7.1365567e+004	  3.1015704e+002	  2.0561315e-001	
  1.3863000e+001	  7.1453630e+004	  3.1015873e+002	  2.9022951e-001	
  1.3882000e+001	  7.1687098e+004	  3.1016025e+002	  1.1409929e-001	
  1.3905000e+001	  7.1533501e+004	  3.1016210e+002	  1.7936803e-001	
  1.3922000e+001	  7.1631803e+004	  3.1016346e+002	  1.0505108e-001	
  1.3943000e+001	  7.1556028e+004	  3.1016514e+002	  1.4163208e-001	
  1.3962000e+001	  7.1195586e+004	  3.1016666e+002	 -9.2412435e-002	
  1.3982000e+001	  7.1652283e+004	  3.1016825e+002	  3.0751485e-001	
  1.4005000e+001	  7.1201730e+004	  3.1017009e+002	  6.7658389e-002	
  1.4023000e+001	  7.1328704e+004	  3.1017152e+002	  3.0026746e-001	
  1.4042000e+001	  7.1895991e+004	  3.1017304e+002	  6.6485946e-002	
  1.4063000e+001	  7.1611323e+004	  3.1017471e+002	  1.6758340e-001	
  1.4082000e+001	  7.1490493e+004	  3.1017622e+002	  1.4546567e-001	
  1.4103000e+001	  7.1304128e+004	  3.1017789e+002	  1.7151054e-001	
  1.4122000e+001	  7.1580604e+004	  3.1017940e+002	  6.0227511e-002	
  1.4146000e+001	  7.1666618e+004	  3.1018130e+002	 -2.0873758e-001	
  1.4162000e+001	  7.1834552e+004	  3.1018257e+002	 -1.5608859e-001	
  1.4182000e+001	  7.1441342e+004	  3.1018415e+002	 -1.3356942e-001	
  1.4202000e+001	  7.1558076e+004	  3.1018573e+002	  1.2867522e-001	
  1.4222000e+001	  7.1683002e+004	  3.1018732e+002	 -5.2568598e-002	
  1.4245000e+001	  7.1461822e+004	  3.1018913e+002	  9.2929414e-002	
  1.4262000e+001	  7.1412671e+004	  3.1019047e+002	  1.1666902e-001	
  1.4283000e+001	  7.1535549e+004	  3.1019213e+002	 -5.7649155e-002	
  1.4302000e+001	  7.0837191e+004	  3.1019363e+002	 -2.7929314e-002	
  1.4323000e+001	  7.1652283e+004	  3.1019528e+002	 -1.7328015e-001	
  1.4342000e+001	  7.1529405e+004	  3.1019678e+002	 -1.6167831e-001	
  1.4367000e+001	  7.1455678e+004	  3.1019874e+002	 -1.4885474e-001	
  1.4382000e+001	  7.1353279e+004	  3.1019992e+002	 -2.4535926e-001	
  1.4403000e+001	  7.1424958e+004	  3.1020157e+002	 -4.9138099e-002	
  1.4422000e+001	  7.1269312e+004	  3.1020305e+002	  2.8233417e-002	
  1.4446000e+001	  7.1818168e+004	  3.1020493e+002	 -1.6063862e-001	
  1.4462000e+001	  7.1275456e+004	  3.1020619e+002	 -8.1271966e-002	
  1.4483000e+001	  7.1304128e+004	  3.1020783e+002	 -3.4811513e-001	
  1.4502000e+001	  7.1758777e+004	  3.1020931e+002	 -1.4268591e-001	
  1.4522000e+001	  7.1246785e+004	  3.1021087e+002	 -3.3373986e-001	
  1.4542000e+001	  7.1457725e+004	  3.1021243e+002	 -1.9526192e-001	
  1.4563000e+001	  7.1697338e+004	  3.1021407e+002	 -3.2019706e-001	
  1.4585000e+001	  7.1822264e+004	  3.1021578e+002	 -1.3976226e-001	
  1.4603000e+001	  7.1388094e+004	  3.1021718e+002	 -1.9976392e-001	
  1.4622000e+001	  7.1664570e+004	  3.1021865e+002	 -3.3421500e-001	
  1.4645000e+001	  7.1052228e+004	  3.1022044e+002	 -2.0088609e-001	
  1.4662000e+001	  7.1879607e+004	  3.1022176e+002	 -3.7852182e-001	
  1.4683000e+001	  7.1873463e+004	  3.1022338e+002	 -9.0583371e-002	
  1.4702000e+001	  7.1736249e+004	  3.1022486e+002	 -3.1651411e-001	
  1.4723000e+001	  7.1259073e+004	  3.1022648e+002	 -2.7846865e-001	
  1.4742000e+001	  4.7376685e+005	  3.1022795e+002	 -4.6860460e-001	
  1.4763000e+001	  5.8294406e+005	  3.1022957e+002	 -2.6315560e-001	
  1.4783000e+001	  5.8493469e+005	  3.1023111e+002	 -3.3294494e-001	
  1.4805000e+001	  5.8248122e+005	  3.1023281e+002	 -2.1249221e-001	
  1.4823000e+001	  5.8540368e+005	  3.1023419e+002	 -2.1494266e-001	
  1.4843000e+001	  5.8229895e+005	  3.1023573e+002	 -2.1440755e-001	
  1.4863000e+001	  5.7988030e+005	  3.1023727e+002	 -3.6105141e-001	
  1.4886000e+001	  5.8065034e+005	  3.1023903e+002	 -1.9856638e-001	
  1.4903000e+001	  5.8120124e+005	  3.1024033e+002	 -2.8769083e-001	
  1.4922000e+001	  5.8043530e+005	  3.1024179e+002	 -1.9146334e-001	
  1.4943000e+001	  5.8389637e+005	  3.1024340e+002	 -1.0639505e-001	
  1.4962000e+001	  5.7968370e+005	  3.1024485e+002	 -1.3809488e-001	
  1.4983000e+001	  5.7951167e+005	  3.1024645e+002	 -1.6616845e-001	
  1.5002000e+001	  5.7600964e+005	  3.1024790e+002	 -1.8483864e-001	
  1.5023000e+001	  5.7809038e+005	  3.1024950e+002	 -5.2158402e-002	
  1.5042000e+001	  5.8048650e+005	  3.1025095e+002	 -4.3438110e-002	
  1.5063000e+001	  5.8175624e+005	  3.1025255e+002	 -1.8913177e-001	
  1.5085000e+001	  5.8301984e+005	  3.1025422e+002	  1.4937664e-001	
  1.5103000e+001	  5.8415851e+005	  3.1025559e+002	 -9.1973621e-002	
  1.5122000e+001	  5.8569449e+005	  3.1025703e+002	 -1.2409016e-002	
  1.5143000e+001	  5.8498589e+005	  3.1025862e+002	  2.0948543e-002	
  1.5162000e+001	  5.8666113e+005	  3.1026006e+002	 -1.7428454e-001	
  1.5182000e+001	  5.8463159e+005	  3.1026157e+002	  1.3853899e-001	
  1.5205000e+001	  5.8418104e+005	  3.1026331e+002	  9.3753826e-002	
  1.5223000e+001	  5.8315091e+005	  3.1026467e+002	  6.1095572e-002	
  1.5242000e+001	  5.8547535e+005	  3.1026611e+002	  1.3399495e-001	
  1.5267000e+001	  5.8140604e+005	  3.1026799e+002	  5.7066816e-002	
  1.5283000e+001	  5.8205525e+005	  3.1026919e+002	 -3.0435310e-002	
  1.5302000e+001	  5.8530332e+005	  3.1027062e+002	  4.3555252e-002	
  1.5324000e+001	  5.8525622e+005	  3.1027227e+002	  2.7008721e-002	
  1.5342000e+001	  5.8292154e+005	  3.1027363e+002	  1.1806482e-001	
  1.5366000e+001	  5.8359941e+005	  3.1027542e+002	  2.2479554e-001	
  1.5383000e+001	  5.8680653e+005	  3.1027670e+002	  1.5867012e-001	
  1.5403000e+001	  5.8590543e+005	  3.1027819e+002	  8.6407751e-002	
  1.5422000e+001	  5.8684545e+005	  3.1027961e+002	  9.5491885e-002	
  1.5443000e+001	  5.8764211e+005	  3.1028118e+002	  3.5057596e-001	
  1.5462000e+001	  5.8679834e+005	  3.1028260e+002	  2.1366251e-001	
  1.5483000e+001	  5.8604469e+005	  3.1028416e+002	  1.0878238e-001	
  1.5502000e+001	  5.8787353e+005	  3.1028558e+002	 -6.3058686e-003	
  1.5523000e+001	  5.8592181e+005	  3.1028714e+002	  1.0000811e-001	
  1.5542000e+001	  5.8785100e+005	  3.1028855e+002	  1.6043604e-001	
  1.5563000e+001	  5.8541187e+005	  3.1029011e+002	  2.3898357e-001	
  1.5582000e+001	  5.8516611e+005	  3.1029152e+002	  3.7510856e-001	
  1.5603000e+001	  5.8415441e+005	  3.1029307e+002	  2.4457168e-001	
  1.5622000e+001	  5.8439608e+005	  3.1029448e+002	  3.0403194e-001	
  1.5643000e+001	  5.8210030e+005	  3.1029603e+002	  3.0429339e-001	
  1.5666000e+001	  5.8287853e+005	  3.1029773e+002	  3.4247760e-001	
  1.5683000e+001	  3.7753075e+005	  3.1029898e+002	  4.1323248e-001	
  1.5702000e+001	  7.1410622e+004	  3.1030038e+002	  3.0003360e-001	
  1.5726000e+001	  7.1381951e+004	  3.1030215e+002	  1.9608463e-001	
  1.5742000e+001	  7.1308224e+004	  3.1030332e+002	  1.4532482e-001	
  1.5763000e+001	  7.1699386e+004	  3.1030486e+002	  2.0851840e-001	
  1.5788000e+001	  7.1431102e+004	  3.1030670e+002	  2.4910525e-001	
  1.5802000e+001	  7.1070659e+004	  3.1030772e+002	  3.0357984e-001	
  1.5823000e+001	  7.1517117e+004	  3.1030926e+002	  1.8707798e-001	
  1.5843000e+001	  7.1719865e+004	  3.1031072e+002	  1.6637878e-001	
  1.5863000e+001	  7.1570364e+004	  3.1031218e+002	  3.5001462e-002	
  1.5883000e+001	  7.1218113e+004	  3.1031364e+002	  1.4946279e-001	
  1.5903000e+001	  7.1930807e+004	  3.1031510e+002	  2.8416769e-001	
  1.5923000e+001	  7.1613371e+004	  3.1031655e+002	  3.3041871e-001	
  1.5943000e+001	  7.1345087e+004	  3.1031801e+002	  1.6111321e-001	
  1.5963000e+001	  7.1814072e+004	  3.1031946e+002	  5.1743520e-002	
  1.5983000e+001	  7.1680955e+004	  3.1032091e+002	  6.4291532e-002	
  1.6002000e+001	  7.1621563e+004	  3.1032229e+002	  2.8253470e-002	
  1.6026000e+001	  7.1824312e+004	  3.1032402e+002	  7.1353452e-002	
  1.6042000e+001	  7.1506877e+004	  3.1032518e+002	  1.2183888e-001	
  1.6063000e+001	  7.1152578e+004	  3.1032670e+002	  3.7927306e-002	
  1.6082000e+001	  7.1451582e+004	  3.1032807e+002	  8.5088852e-002	
  1.6103000e+001	  7.2008629e+004	  3.1032958e+002	 -2.2796479e-002	
  1.6122000e+001	  7.1934902e+004	  3.1033095e+002	 -1.7663503e-002	
  1.6143000e+001	  7.1232449e+004	  3.1033246e+002	  1.6966192e-001	
  1.6165000e+001	  7.1586748e+004	  3.1033404e+002	 -8.3445443e-002	
  1.6183000e+001	  7.1453630e+004	  3.1033533e+002	  9.5876921e-003	
  1.6202000e+001	  7.1717818e+004	  3.1033669e+002	 -2.6056775e-002	
  1.6223000e+001	  7.1330752e+004	  3.1033819e+002	 -2.3922623e-001	
  1.6242000e+001	  7.1271361e+004	  3.1033955e+002	 -2.1860333e-002	
  1.6263000e+001	  7.1347135e+004	  3.1034105e+002	  5.5720795e-002	
  1.6283000e+001	  7.1386047e+004	  3.1034247e+002	  3.3696149e-002	
  1.6303000e+001	  7.1343039e+004	  3.1034390e+002	 -1.1400786e-001	
  1.6323000e+001	  7.1330751e+004	  3.1034532e+002	 -2.1027918e-001	
  1.6343000e+001	  7.1357375e+004	  3.1034674e+002	 -3.7339952e-001	
  1.6363000e+001	  7.1408574e+004	  3.1034816e+002	 -1.8773916e-001	
  1.6383000e+001	  7.1678907e+004	  3.1034958e+002	 -2.2698111e-001	
  1.6403000e+001	  7.1433150e+004	  3.1035100e+002	 -3.1880827e-001	
  1.6423000e+001	  7.1771065e+004	  3.1035241e+002	 -2.4741590e-001	
  1.6444000e+001	  7.1476158e+004	  3.1035389e+002	 -3.3022532e-001	
  1.6462000e+001	  7.1236545e+004	  3.1035516e+002	 -3.8682934e-001	
  1.6483000e+001	  7.2092596e+004	  3.1035664e+002	 -3.3085955e-001	
  1.6502000e+001	  7.1609275e+004	  3.1035798e+002	 -2.3910844e-001	
  1.6527000e+001	  7.1586747e+004	  3.1035974e+002	 -3.4372455e-001	
  1.6542000e+001	  7.1551932e+004	  3.1036079e+002	 -3.4445599e-001	
  1.6563000e+001	  7.1764920e+004	  3.1036226e+002	 -4.8267227e-001	
  1.6583000e+001	  7.1603131e+004	  3.1036366e+002	 -2.8823448e-001	
  1.6603000e+001	  7.1621563e+004	  3.1036506e+002	 -3.7675465e-001	
  1.6622000e+001	  1.1014590e+005	  3.1036639e+002	 -4.9550099e-001	
  1.6646000e+001	  5.7745141e+005	  3.1036807e+002	 -4.7325665e-001	
  1.6663000e+001	  5.7889933e+005	  3.1036925e+002	 -2.3096647e-001	
  1.6683000e+001	  5.7524370e+005	  3.1037064e+002	 -3.7373994e-001	
  1.6703000e+001	  5.7849588e+005	  3.1037203e+002	 -4.0530568e-001	
  1.6723000e+001	  5.7814567e+005	  3.1037342e+002	 -3.2096601e-001	
  1.6742000e+001	  5.7834433e+005	  3.1037474e+002	 -4.1424127e-001	
  1.6766000e+001	  5.7626154e+005	  3.1037640e+002	 -2.9740043e-001	
  1.6783000e+001	  5.7296841e+005	  3.1037758e+002	 -3.5551249e-001	
  1.6803000e+001	  5.7589905e+005	  3.1037896e+002	 -1.5498905e-001	
  1.6823000e+001	  5.7404359e+005	  3.1038034e+002	 -2.0286287e-001	
  1.6843000e+001	  5.7468051e+005	  3.1038172e+002	 -1.9918175e-001	
  1.6863000e+001	  5.8011787e+005	  3.1038309e+002	 -1.5489823e-001	
  1.6883000e+001	  5.7489555e+005	  3.1038447e+002	 -7.7932983e-002	
  1.6903000e+001	  5.7707254e+005	  3.1038584e+002	 -1.4505114e-001	
  1.6922000e+001	  5.8024894e+005	  3.1038714e+002	 -1.1670975e-001	
  1.6947000e+001	  5.7841396e+005	  3.1038886e+002	 -3.2125190e-001	
  1.6963000e+001	  5.7649092e+005	  3.1038995e+002	 -3.6748231e-002	
  1.6983000e+001	  5.7618577e+005	  3.1039132e+002	 -8.6947739e-002	
  1.7002000e+001	  5.7961407e+005	  3.1039261e+002	 -4.5030586e-002	
  1.7023000e+001	  5.7414394e+005	  3.1039404e+002	 -7.2435887e-002	
  1.7043000e+001	  5.7253014e+005	  3.1039540e+002	 -1.2974004e-001	
  1.7064000e+001	  5.7523961e+005	  3.1039683e+002	  2.0497303e-002	
  1.7083000e+001	  5.7578232e+005	  3.1039812e+002	 -8.7929197e-003	
  1.7103000e+001	  5.7169457e+005	  3.1039947e+002	  1.0068094e-001	
  1.7123000e+001	  5.7345992e+005	  3.1040083e+002	  1.2141645e-001	
  1.7143000e+001	  5.7470713e+005	  3.1040218e+002	  1.0943713e-001	
  1.7163000e+001	  5.7186251e+005	  3.1040353e+002	  1.2609156e-001	
  1.7183000e+001	  5.7382856e+005	  3.1040488e+002	  4.7806651e-002	
  1.7203000e+001	  5.8116643e+005	  3.1040622e+002	  2.2774476e-001	
  1.7223000e+001	  5.7472761e+005	  3.1040757e+002	  4.0371940e-002	
  1.7242000e+001	  5.7200996e+005	  3.1040884e+002	  1.1517711e-001	
  1.7263000e+001	  5.7465389e+005	  3.1041025e+002	  2.3018247e-001	
  1.7283000e+001	  5.7341282e+005	  3.1041159e+002	  9.4212217e-002	
  1.7303000e+001	  5.7294179e+005	  3.1041293e+002	  1.9007774e-001	
  1.7323000e+001	  5.7453715e+005	  3.1041426e+002	  2.4301855e-001	
  1.7343000e+001	  5.7505939e+005	  3.1041560e+002	  1.9325858e-001	
  1.7364000e+001	  5.7474605e+005	  3.1041699e+002	  3.0729210e-001	
  1.7383000e+001	  5.7639876e+005	  3.1041826e+002	  1.7525505e-001	
  1.7403000e+001	  5.7524780e+005	  3.1041959e+002	  4.4073970e-002	
  1.7423000e+001	  5.7567173e+005	  3.1042091e+002	  3.5000192e-001	
  1.7443000e+001	  5.7813339e+005	  3.1042224e+002	  3.4184921e-001	
  1.7463000e+001	  5.7730805e+005	  3.1042356e+002	  2.8118425e-001	
  1.7483000e+001	  5.7910822e+005	  3.1042488e+002	  2.8686080e-001	
  1.7503000e+001	  5.7653597e+005	  3.1042620e+002	  3.4304897e-001	
  1.7526000e+001	  5.7738383e+005	  3.1042771e+002	  3.9702246e-001	
  1.7543000e+001	  5.8006052e+005	  3.1042883e+002	  3.8945811e-001	
  1.7563000e+001	  5.7941541e+005	  3.1043014e+002	  3.5442827e-001	
  1.7583000e+001	  7.1128002e+004	  3.1043145e+002	  4.8282816e-001	
  1.7603000e+001	  7.1453630e+004	  3.1043276e+002	  2.9607412e-001	
  1.7623000e+001	  7.1572412e+004	  3.1043407e+002	  3.5716372e-001	
  1.7643000e+001	  7.1732153e+004	  3.1043538e+002	  3.6067096e-001	
  1.7662000e+001	  7.1252928e+004	  3.1043662e+002	  2.0671730e-001	
  1.7686000e+001	  7.1330751e+004	  3.1043818e+002	  5.9239946e-002	
  1.7703000e+001	  7.1381951e+004	  3.1043928e+002	  1.5317421e-001	
  1.7723000e+001	  7.1627707e+004	  3.1044058e+002	  1.2911652e-001	
  1.7742000e+001	  7.1762873e+004	  3.1044181e+002	  2.6423249e-001	
  1.7763000e+001	  7.1738298e+004	  3.1044317e+002	  3.0995540e-001	
  1.7783000e+001	  7.1967670e+004	  3.1044446e+002	  3.2445240e-001	
  1.7803000e+001	  7.1859127e+004	  3.1044576e+002	  3.1689930e-001	
  1.7826000e+001	  7.1562172e+004	  3.1044724e+002	  5.2438467e-002	
  1.7843000e+001	  7.1242689e+004	  3.1044833e+002	  2.2474241e-001	
  1.7863000e+001	  7.1726010e+004	  3.1044962e+002	  2.2480019e-001	
  1.7886000e+001	  7.1427006e+004	  3.1045109e+002	  1.0033395e-001	
  1.7903000e+001	  7.1390143e+004	  3.1045218e+002	 -1.4309031e-001	
  1.7923000e+001	  7.1549884e+004	  3.1045346e+002	  3.2679768e-002	
  1.7943000e+001	  7.1609275e+004	  3.1045474e+002	  2.1735798e-002	
  1.7963000e+001	  7.1662523e+004	  3.1045601e+002	  1.9307113e-001	
  1.7983000e+001	  7.1316416e+004	  3.1045728e+002	  1.2167440e-001	
  1.8003000e+001	  7.1439294e+004	  3.1045856e+002	 -8.7129899e-002	
  1.8023000e+001	  7.1304128e+004	  3.1045983e+002	 -1.2001832e-001	
  1.8043000e+001	  7.1383999e+004	  3.1046109e+002	 -1.1552432e-001	
  1.8063000e+001	  7.1365567e+004	  3.1046236e+002	  3.9387097e-002	
  1.8086000e+001	  7.1392191e+004	  3.1046381e+002	 -2.8147891e-002	
  1.8103000e+001	  7.1449534e+004	  3.1046488e+002	 -1.0694104e-002	
  1.8123000e+001	  7.1615419e+004	  3.1046614e+002	 -7.0879525e-002	
  1.8147000e+001	  7.1158722e+004	  3.1046765e+002	 -1.1137765e-002	
  1.8163000e+001	  7.1523260e+004	  3.1046866e+002	 -1.3954506e-001	
  1.8183000e+001	  7.1683003e+004	  3.1046991e+002	 -1.4037160e-001	
  1.8203000e+001	  7.2012726e+004	  3.1047116e+002	 -2.6691209e-001	
  1.8223000e+001	  7.1490493e+004	  3.1047241e+002	 -1.2328800e-001	
  1.8243000e+001	  7.1381951e+004	  3.1047366e+002	 -3.4081191e-001	
  1.8263000e+001	  7.1203778e+004	  3.1047491e+002	 -1.6893319e-001	
  1.8283000e+001	  7.1400382e+004	  3.1047615e+002	 -1.1014732e-001	
  1.8303000e+001	  7.0898630e+004	  3.1047740e+002	 -1.6748096e-001	
  1.8326000e+001	  7.1320512e+004	  3.1047882e+002	 -1.7896444e-001	
  1.8343000e+001	  7.1351231e+004	  3.1047987e+002	 -1.8663537e-001	
  1.8363000e+001	  7.1474109e+004	  3.1048111e+002	 -1.5431481e-001	
  1.8383000e+001	  7.1947190e+004	  3.1048234e+002	 -4.0611410e-001	
  1.8403000e+001	  7.1300032e+004	  3.1048358e+002	 -3.4793186e-001	
  1.8426000e+001	  7.1472061e+004	  3.1048499e+002	 -2.4672336e-001	
  1.8444000e+001	  7.1529404e+004	  3.1048610e+002	 -2.9452951e-001	
  1.8463000e+001	  7.1621564e+004	  3.1048726e+002	 -5.1454136e-001	
  1.8483000e+001	  7.1476157e+004	  3.1048849e+002	 -3.8724322e-001	
  1.8503000e+001	  7.1080900e+004	  3.1048971e+002	 -4.0751119e-001	
  1.8523000e+001	  5.7333909e+005	  3.1049093e+002	 -4.7258684e-001	
  1.8543000e+001	  5.7387975e+005	  3.1049215e+002	 -2.5807057e-001	
  1.8563000e+001	  5.7589905e+005	  3.1049336e+002	 -3.3209150e-001	
  1.8583000e+001	  5.7435079e+005	  3.1049458e+002	 -2.9398021e-001	
  1.8606000e+001	  5.7610795e+005	  3.1049597e+002	 -3.0435064e-001	
  1.8623000e+001	  5.7476038e+005	  3.1049700e+002	 -3.7163960e-001	
  1.8643000e+001	  5.7386952e+005	  3.1049821e+002	 -2.4913649e-001	
  1.8663000e+001	  5.7402721e+005	  3.1049941e+002	 -1.9361149e-001	
  1.8683000e+001	  5.7552018e+005	  3.1050062e+002	 -1.5259880e-001	
  1.8703000e+001	  5.7395143e+005	  3.1050182e+002	 -2.2370126e-001	
  1.8723000e+001	  5.7850612e+005	  3.1050302e+002	 -1.9228227e-001	
  1.8742000e+001	  5.7773813e+005	  3.1050416e+002	 -2.0623435e-001	
  1.8763000e+001	  5.7803918e+005	  3.1050541e+002	 -1.5107944e-001	
  1.8783000e+001	  5.7905702e+005	  3.1050661e+002	 -1.0416155e-001	
  1.8803000e+001	  5.7984754e+005	  3.1050780e+002	 -1.2832501e-001	
  1.8824000e+001	  5.8060119e+005	  3.1050905e+002	 -1.3305698e-003	
  1.8843000e+001	  5.7687798e+005	  3.1051018e+002	 -1.6622450e-001	
  1.8863000e+001	  5.7544850e+005	  3.1051136e+002	 -2.0451315e-001	
  1.8886000e+001	  5.7505324e+005	  3.1051272e+002	 -1.1978954e-001	
  1.8903000e+001	  5.7625540e+005	  3.1051373e+002	 -7.4140835e-002	
  1.8923000e+001	  5.7663222e+005	  3.1051491e+002	 -9.9066033e-002	
  1.8944000e+001	  5.7645405e+005	  3.1051614e+002	  2.2392646e-002	
  1.8967000e+001	  5.7775042e+005	  3.1051749e+002	 -2.0500125e-001	
  1.8983000e+001	  5.7587243e+005	  3.1051843e+002	  1.6357308e-001	
  1.9006000e+001	  5.7317321e+005	  3.1051978e+002	  1.5423095e-001	
  1.9023000e+001	  5.7131160e+005	  3.1052077e+002	 -7.8211163e-002	
  1.9043000e+001	  5.7496108e+005	  3.1052194e+002	  6.3927174e-002	
  1.9063000e+001	  5.7696604e+005	  3.1052310e+002	  1.1713321e-001	
  1.9083000e+001	  5.7733468e+005	  3.1052427e+002	  6.6425462e-002	
  1.9103000e+001	  5.7876621e+005	  3.1052543e+002	  1.6890491e-001	
  1.9123000e+001	  5.7918399e+005	  3.1052659e+002	 -9.3318630e-003	
  1.9143000e+001	  5.7994584e+005	  3.1052774e+002	  2.4740053e-001	
  1.9163000e+001	  5.8020388e+005	  3.1052890e+002	  2.1980052e-001	
  1.9183000e+001	  5.8439198e+005	  3.1053005e+002	  2.5969102e-001	
  1.9203000e+001	  5.8114595e+005	  3.1053120e+002	  8.9505643e-002	
  1.9223000e+001	  5.8330451e+005	  3.1053235e+002	  2.4925250e-001	
  1.9243000e+001	  5.8091248e+005	  3.1053349e+002	  9.2036004e-002	
  1.9266000e+001	  5.8185455e+005	  3.1053481e+002	 -9.4316068e-003	
  1.9283000e+001	  5.8186274e+005	  3.1053578e+002	  2.4149764e-001	
  1.9303000e+001	  5.8045783e+005	  3.1053692e+002	  4.5737111e-001	
  1.9326000e+001	  5.8229691e+005	  3.1053822e+002	  3.5610648e-001	
  1.9343000e+001	  5.8209621e+005	  3.1053919e+002	  2.1721802e-001	
  1.9364000e+001	  5.7903859e+005	  3.1054038e+002	  2.3997793e-001	
  1.9383000e+001	  5.7784667e+005	  3.1054145e+002	  3.3313704e-001	
  1.9404000e+001	  5.7477677e+005	  3.1054264e+002	  3.0389398e-001	
  1.9423000e+001	  5.7609975e+005	  3.1054371e+002	  2.1337294e-001	
  1.9444000e+001	  5.7882560e+005	  3.1054489e+002	  2.8659203e-001	
  1.9463000e+001	  7.1433150e+004	  3.1054596e+002	  2.9693332e-001	
  1.9483000e+001	  7.1576508e+004	  3.1054708e+002	  4.6363747e-001	
  1.9503000e+001	  7.0976453e+004	  3.1054819e+002	  5.9460954e-001	
  1.9523000e+001	  7.1357375e+004	  3.1054931e+002	  2.9371405e-001	
  1.9543000e+001	  7.1232449e+004	  3.1055042e+002	  2.4048327e-001	
  1.9564000e+001	  7.1805880e+004	  3.1055159e+002	  1.6010183e-001	
  1.9586000e+001	  7.1287744e+004	  3.1055281e+002	  2.2947267e-001	
  1.9603000e+001	  7.1474109e+004	  3.1055375e+002	  1.6365043e-001	
  1.9623000e+001	  7.1967670e+004	  3.1055486e+002	  9.6244379e-002	
  1.9647000e+001	  7.1961526e+004	  3.1055618e+002	  2.6162175e-001	
  1.9663000e+001	  7.1805880e+004	  3.1055706e+002	  3.0684177e-001	
  1.9683000e+001	  7.1623611e+004	  3.1055816e+002	  2.8089640e-001	
  1.9703000e+001	  7.1476157e+004	  3.1055925e+002	  3.1051787e-001	
  1.9724000e+001	  7.1711673e+004	  3.1056040e+002	  5.3332115e-002	
  1.9743000e+001	  7.1594940e+004	  3.1056144e+002	  9.3415738e-002	
  1.9763000e+001	  7.1865272e+004	  3.1056253e+002	  1.1205826e-001	
  1.9783000e+001	  7.1748537e+004	  3.1056362e+002	 -2.0971187e-002	
  1.9803000e+001	  7.1601083e+004	  3.1056470e+002	  2.7240257e-001	
  1.9824000e+001	  7.1506877e+004	  3.1056584e+002	  4.0888514e-002	
  1.9846000e+001	  7.1685050e+004	  3.1056703e+002	  2.3246895e-002	
  1.9864000e+001	  7.1717818e+004	  3.1056800e+002	  1.3045304e-001	
  1.9883000e+001	  7.1664570e+004	  3.1056902e+002	 -4.1888667e-002	
  1.9904000e+001	  7.1893943e+004	  3.1057015e+002	  1.5216659e-001	
  1.9923000e+001	  7.1113667e+004	  3.1057117e+002	  1.5931572e-001	
  1.9946000e+001	  7.1222209e+004	  3.1057240e+002	  1.3063941e-001	
  1.9963000e+001	  7.1676858e+004	  3.1057330e+002	  2.7023587e-001	
  1.9983000e+001	  7.1936950e+004	  3.1057437e+002	  1.0502964e-001	
  2.0006000e+001	  7.1644090e+004	  3.1057559e+002	 -1.4997063e-001	
  2.0024000e+001	  7.1769017e+004	  3.1057655e+002	 -9.0999753e-002	
  2.0043000e+001	  7.1222209e+004	  3.1057755e+002	 -2.9667268e-002	
  2.0063000e+001	  7.1537597e+004	  3.1057861e+002	 -2.2068371e-001	
  2.0083000e+001	  7.2242098e+004	  3.1057966e+002	 -8.5802081e-002	
  2.0106000e+001	  7.1359423e+004	  3.1058087e+002	 -8.4431952e-002	
  2.0123000e+001	  7.1566268e+004	  3.1058176e+002	 -1.7550660e-001	
  2.0143000e+001	  7.1623611e+004	  3.1058281e+002	 -2.2351568e-001	
  2.0163000e+001	  7.1504829e+004	  3.1058386e+002	 -2.7505879e-001	
  2.0184000e+001	  7.1549884e+004	  3.1058495e+002	 -3.2351661e-001	
  2.0203000e+001	  7.1738297e+004	  3.1058594e+002	 -7.5851326e-002	
  2.0223000e+001	  7.1420862e+004	  3.1058698e+002	 -3.2704697e-001	
  2.0246000e+001	  7.0986693e+004	  3.1058817e+002	 -1.7471694e-001	
  2.0263000e+001	  7.1775161e+004	  3.1058905e+002	 -2.2882891e-001	
  2.0283000e+001	  7.1504829e+004	  3.1059008e+002	 -2.9624264e-001	
  2.0304000e+001	  7.1912375e+004	  3.1059116e+002	 -3.9266845e-001	
  2.0324000e+001	  7.1717818e+004	  3.1059218e+002	 -4.1621804e-001	
  2.0343000e+001	  7.2108980e+004	  3.1059316e+002	 -2.6479500e-001	
  2.0364000e+001	  7.1517117e+004	  3.1059423e+002	 -3.0488499e-001	
  2.0386000e+001	  7.1115715e+004	  3.1059535e+002	 -4.7238535e-001	
  2.0404000e+001	  5.8364857e+005	  3.1059627e+002	 -2.9515936e-001	
  2.0423000e+001	  5.7819278e+005	  3.1059723e+002	 -2.7895156e-001	
  2.0444000e+001	  5.8213921e+005	  3.1059830e+002	 -3.0917740e-001	
  2.0463000e+001	  5.8006872e+005	  3.1059926e+002	 -1.5849292e-001	
  2.0484000e+001	  5.7856551e+005	  3.1060032e+002	 -6.6123390e-002	
  2.0503000e+001	  5.7963045e+005	  3.1060127e+002	 -1.3797323e-001	
  2.0527000e+001	  5.8071997e+005	  3.1060248e+002	 -2.2895544e-001	
  2.0543000e+001	  5.7779752e+005	  3.1060328e+002	 -9.7856384e-002	
  2.0564000e+001	  5.7467232e+005	  3.1060433e+002	 -2.5939055e-001	
  2.0583000e+001	  5.7805966e+005	  3.1060527e+002	 -2.7042266e-001	
  2.0604000e+001	  5.7109452e+005	  3.1060632e+002	 -1.8035821e-001	
  2.0623000e+001	  5.7302166e+005	  3.1060726e+002	 -1.0436840e-001	
  2.0643000e+001	  5.6792017e+005	  3.1060825e+002	 -4.7713103e-002	
  2.0666000e+001	  5.7290492e+005	  3.1060938e+002	 -2.9334029e-001	
  2.0683000e+001	  5.6658694e+005	  3.1061022e+002	 -8.5242911e-002	
  2.0703000e+001	  5.7202634e+005	  3.1061120e+002	  3.3398765e-002	
  2.0724000e+001	  5.6748804e+005	  3.1061223e+002	  4.5944642e-002	
  2.0743000e+001	  5.7058253e+005	  3.1061316e+002	 -1.0520062e-001	
  2.0764000e+001	  5.6629203e+005	  3.1061419e+002	 -1.6118448e-001	
  2.0783000e+001	  5.7110066e+005	  3.1061511e+002	 -1.9886933e-001	
  2.0804000e+001	  5.6910389e+005	  3.1061613e+002	 -1.5779465e-001	
  2.0824000e+001	  5.7005825e+005	  3.1061710e+002	 -6.8067666e-002	
  2.0843000e+001	  5.7106175e+005	  3.1061802e+002	 -7.5642938e-003	
  2.0867000e+001	  5.7610180e+005	  3.1061917e+002	 -1.5040608e-001	
  2.0883000e+001	  5.7394939e+005	  3.1061994e+002	 -1.2077753e-001	
  2.0904000e+001	  5.7427501e+005	  3.1062095e+002	 -1.8139325e-002	
  2.0923000e+001	  5.7623492e+005	  3.1062186e+002	  2.1711471e-002	
  2.0948000e+001	  5.7862080e+005	  3.1062305e+002	  8.8174797e-002	
  2.0964000e+001	  5.7445728e+005	  3.1062381e+002	  9.8312543e-003	
  2.0984000e+001	  5.8012196e+005	  3.1062476e+002	  2.3871261e-001	
  2.1004000e+001	  5.7851021e+005	  3.1062571e+002	  3.8004368e-001	
  2.1024000e+001	  5.8071383e+005	  3.1062665e+002	  4.1552928e-002	
  2.1043000e+001	  5.7610590e+005	  3.1062755e+002	  9.0462141e-002	
  2.1068000e+001	  5.7666294e+005	  3.1062872e+002	  2.7215295e-001	
  2.1083000e+001	  5.7400673e+005	  3.1062943e+002	  1.7487334e-001	
  2.1104000e+001	  5.7243799e+005	  3.1063041e+002	  2.8529271e-001	
  2.1123000e+001	  5.7584990e+005	  3.1063129e+002	  1.8801610e-001	
  2.1144000e+001	  5.7389614e+005	  3.1063227e+002	  7.7808479e-002	
  2.1164000e+001	  5.7282505e+005	  3.1063320e+002	  2.1943528e-001	
  2.1183000e+001	  5.7398830e+005	  3.1063408e+002	  1.7400058e-001	
  2.1203000e+001	  5.7601374e+005	  3.1063500e+002	  2.4118272e-001	
  2.1224000e+001	  5.7233764e+005	  3.1063597e+002	  2.4822067e-001	
  2.1243000e+001	  5.7388795e+005	  3.1063684e+002	  3.0702959e-001	
  2.1264000e+001	  5.7428116e+005	  3.1063780e+002	  3.0659828e-001	
  2.1283000e+001	  5.7172529e+005	  3.1063867e+002	  4.9234331e-001	
  2.1304000e+001	  5.7283939e+005	  3.1063962e+002	  4.5258755e-001	
  2.1324000e+001	  5.7575774e+005	  3.1064053e+002	  3.7548755e-001	
  2.1346000e+001	  7.1592891e+004	  3.1064153e+002	  5.1354298e-001	
  2.1364000e+001	  7.1689146e+004	  3.1064234e+002	  6.0078535e-001	
  2.1383000e+001	  7.1410622e+004	  3.1064320e+002	  3.3393381e-001	
  2.1404000e+001	  7.1549884e+004	  3.1064414e+002	  3.4821260e-001	
  2.1426000e+001	  7.1611323e+004	  3.1064513e+002	  1.5244671e-001	
  2.1444000e+001	  7.1482302e+004	  3.1064593e+002	  1.9954670e-001	
  2.1464000e+001	  7.1746489e+004	  3.1064682e+002	  3.4827999e-001	
  2.1484000e+001	  7.1173058e+004	  3.1064771e+002	  2.3964274e-001	
  2.1506000e+001	  7.1316416e+004	  3.1064869e+002	  2.1040550e-001	
  2.1524000e+001	  7.1676858e+004	  3.1064948e+002	  9.6559568e-002	
  2.1543000e+001	  7.1617467e+004	  3.1065032e+002	  2.8675418e-001	
  2.1564000e+001	  7.1705530e+004	  3.1065124e+002	  2.4747912e-001	
  2.1583000e+001	  7.1607227e+004	  3.1065207e+002	  2.1852017e-001	
  2.1604000e+001	  7.2014773e+004	  3.1065299e+002	  2.5480209e-001	
  2.1626000e+001	  7.1336896e+004	  3.1065395e+002	  6.8057753e-002	
  2.1644000e+001	  7.1713722e+004	  3.1065473e+002	  1.5277248e-001	
  2.1663000e+001	  7.1513021e+004	  3.1065555e+002	  1.0312614e-001	
  2.1684000e+001	  7.1449534e+004	  3.1065646e+002	  2.3425506e-001	
  2.1703000e+001	  7.1316416e+004	  3.1065728e+002	  6.0398176e-002	
  2.1723000e+001	  7.1637947e+004	  3.1065814e+002	  9.3374907e-002	
  2.1746000e+001	  7.1297984e+004	  3.1065912e+002	  1.2222928e-002	
  2.1764000e+001	  7.1912374e+004	  3.1065989e+002	  5.1438918e-002	
  2.1783000e+001	  7.1867319e+004	  3.1066070e+002	 -5.0485817e-002	
  2.1803000e+001	  7.1449534e+004	  3.1066155e+002	 -1.6386699e-001	
  2.1824000e+001	  7.1889847e+004	  3.1066244e+002	 -3.1357404e-002	
  2.1844000e+001	  7.1461821e+004	  3.1066328e+002	 -5.2901457e-002	
  2.1864000e+001	  7.1662523e+004	  3.1066412e+002	 -1.0571124e-002	
  2.1887000e+001	  7.1480253e+004	  3.1066509e+002	  2.5354412e-002	
  2.1904000e+001	  7.1349183e+004	  3.1066580e+002	 -5.8400685e-002	
  2.1923000e+001	  7.1697338e+004	  3.1066659e+002	 -1.3571552e-001	
  2.1944000e+001	  7.1394239e+004	  3.1066746e+002	 -1.0484603e-001	
  2.1964000e+001	  7.1035844e+004	  3.1066829e+002	 -3.4128176e-001	
  2.1984000e+001	  7.1494589e+004	  3.1066912e+002	 -1.5092367e-001	
  2.2003000e+001	  7.1279553e+004	  3.1066990e+002	 -1.4747190e-001	
  2.2029000e+001	  7.1365567e+004	  3.1067097e+002	 -7.3540815e-002	
  2.2043000e+001	  7.1410622e+004	  3.1067154e+002	 -3.6714949e-001	
  2.2064000e+001	  7.1105475e+004	  3.1067240e+002	 -7.7576580e-002	
  2.2083000e+001	  7.1185346e+004	  3.1067317e+002	 -2.0473018e-001	
  2.2104000e+001	  7.1443390e+004	  3.1067402e+002	 -2.1664103e-001	
  2.2123000e+001	  7.1312320e+004	  3.1067479e+002	 -2.8122181e-001	
  2.2144000e+001	  7.1613371e+004	  3.1067563e+002	 -3.5734664e-001	
  2.2163000e+001	  7.2002486e+004	  3.1067640e+002	 -2.6792052e-001	
  2.2184000e+001	  7.1672763e+004	  3.1067724e+002	 -1.6529079e-001	
  2.2207000e+001	  7.1146434e+004	  3.1067816e+002	 -2.4473569e-001	
  2.2224000e+001	  7.0872006e+004	  3.1067883e+002	 -3.4036114e-001	
  2.2243000e+001	  7.1072708e+004	  3.1067958e+002	 -3.8235352e-001	
  2.2267000e+001	  7.1775161e+004	  3.1068053e+002	 -2.4737690e-001	
  2.2283000e+001	  5.7770331e+005	  3.1068116e+002	 -2.4169372e-001	
  2.2304000e+001	  5.8091043e+005	  3.1068199e+002	 -4.1952588e-001	
  2.2324000e+001	  5.7762754e+005	  3.1068277e+002	 -2.9038022e-001	
  2.2343000e+001	  5.8359122e+005	  3.1068351e+002	 -3.1749301e-001	
  2.2364000e+001	  5.7866995e+005	  3.1068433e+002	 -2.4636514e-001	
  2.2387000e+001	  5.8212488e+005	  3.1068522e+002	 -1.6683293e-001	
  2.2404000e+001	  5.7659741e+005	  3.1068587e+002	 -1.4982257e-001	
  2.2424000e+001	  5.7977381e+005	  3.1068664e+002	 -2.9693355e-001	
  2.2444000e+001	  5.7944409e+005	  3.1068741e+002	 -1.3400922e-001	
  2.2464000e+001	  5.7823578e+005	  3.1068817e+002	 -1.1482062e-001	
  2.2484000e+001	  5.7549355e+005	  3.1068893e+002	 -9.8948738e-002	
  2.2504000e+001	  5.7791630e+005	  3.1068969e+002	 -2.5967712e-001	
  2.2524000e+001	  5.7345787e+005	  3.1069045e+002	 -1.2192961e-001	
  2.2548000e+001	  5.7434260e+005	  3.1069135e+002	 -1.2975246e-001	
  2.2564000e+001	  5.7288239e+005	  3.1069195e+002	 -1.5497157e-001	
  2.2583000e+001	  5.7469689e+005	  3.1069266e+002	 -1.5064118e-001	
  2.2604000e+001	  5.7441837e+005	  3.1069345e+002	 -1.2613068e-001	
  2.2623000e+001	  5.7508191e+005	  3.1069415e+002	 -1.8842037e-001	
  2.2644000e+001	  5.7330837e+005	  3.1069493e+002	 -4.3975336e-002	
  2.2664000e+001	  5.7611819e+005	  3.1069567e+002	 -1.7012707e-001	
  2.2684000e+001	  5.7256291e+005	  3.1069640e+002	 -1.2527151e-001	
  2.2703000e+001	  5.7716674e+005	  3.1069710e+002	  9.0853159e-002	
  2.2726000e+001	  5.7547717e+005	  3.1069794e+002	  1.3662969e-002	
  2.2743000e+001	  5.7333909e+005	  3.1069856e+002	 -1.0187847e-001	
  2.2764000e+001	  5.7147339e+005	  3.1069932e+002	  1.9962784e-001	
  2.2788000e+001	  5.7224138e+005	  3.1070018e+002	  4.7101064e-002	
  2.2804000e+001	  5.7106789e+005	  3.1070076e+002	  6.1497832e-002	
  2.2824000e+001	  5.6782186e+005	  3.1070147e+002	 -2.9076821e-002	
  2.2844000e+001	  5.6991489e+005	  3.1070219e+002	  8.0712469e-002	
  2.2865000e+001	  5.7246666e+005	  3.1070293e+002	 -7.6343306e-002	
  2.2884000e+001	  5.7487097e+005	  3.1070361e+002	  1.4681086e-002	
  2.2904000e+001	  5.8044964e+005	  3.1070431e+002	  2.0352747e-001	
  2.2923000e+001	  5.8033495e+005	  3.1070498e+002	  1.4830941e-001	
  2.2944000e+001	  5.8413598e+005	  3.1070572e+002	  3.0735009e-001	
  2.2963000e+001	  5.8685159e+005	  3.1070638e+002	  2.0079781e-001	
  2.2984000e+001	  5.8787762e+005	  3.1070711e+002	  1.9952584e-001	
  2.3007000e+001	  5.8798821e+005	  3.1070790e+002	  1.6479909e-001	
  2.3024000e+001	  5.8206753e+005	  3.1070849e+002	  3.4610352e-001	
  2.3043000e+001	  5.8222318e+005	  3.1070914e+002	  2.6366253e-001	
  2.3064000e+001	  5.8172757e+005	  3.1070986e+002	  2.9481761e-001	
  2.3084000e+001	  5.7767259e+005	  3.1071054e+002	  3.1012309e-001	
  2.3104000e+001	  5.7720770e+005	  3.1071122e+002	  4.7028252e-001	
  2.3123000e+001	  5.7705615e+005	  3.1071186e+002	  4.6328369e-001	
  2.3144000e+001	  5.7824602e+005	  3.1071257e+002	  3.9402718e-001	
  2.3164000e+001	  5.7530105e+005	  3.1071324e+002	  4.1488262e-001	
  2.3184000e+001	  5.7519660e+005	  3.1071391e+002	  3.7179608e-001	
  2.3204000e+001	  5.7303804e+005	  3.1071457e+002	  4.8241382e-001	
  2.3224000e+001	  7.1799737e+004	  3.1071524e+002	  3.0533472e-001	
  2.3244000e+001	  7.1134147e+004	  3.1071590e+002	  3.9677820e-001	
  2.3264000e+001	  7.1775161e+004	  3.1071655e+002	  1.8066905e-001	
  2.3283000e+001	  7.1726009e+004	  3.1071717e+002	  3.2605816e-001	
  2.3306000e+001	  7.1748537e+004	  3.1071792e+002	  3.3412985e-001	
  2.3324000e+001	  7.1084995e+004	  3.1071851e+002	  3.1573513e-001	
  2.3344000e+001	  7.1560124e+004	  3.1071915e+002	  1.4501403e-001	
  2.3367000e+001	  7.1541692e+004	  3.1071989e+002	  2.9546194e-001	
  2.3384000e+001	  7.1388095e+004	  3.1072044e+002	  3.3464606e-001	
  2.3404000e+001	  7.1777209e+004	  3.1072107e+002	  2.7857269e-001	
  2.3426000e+001	  7.1803832e+004	  3.1072177e+002	  3.1444865e-001	
  2.3444000e+001	  7.1398334e+004	  3.1072234e+002	  1.5742229e-001	
  2.3464000e+001	  7.1410622e+004	  3.1072297e+002	  1.1717517e-001	
  2.3487000e+001	  7.1865271e+004	  3.1072369e+002	  9.4462065e-002	
  2.3503000e+001	  7.1576508e+004	  3.1072419e+002	  2.6495925e-001	
  2.3524000e+001	  7.1441342e+004	  3.1072484e+002	  1.0859900e-001	
  2.3543000e+001	  7.1214017e+004	  3.1072543e+002	  6.9972145e-002	
  2.3564000e+001	  7.1414718e+004	  3.1072607e+002	  1.6379810e-001	
  2.3587000e+001	  7.1177154e+004	  3.1072678e+002	  2.8245453e-001	
  2.3604000e+001	  7.1574460e+004	  3.1072730e+002	 -2.2501712e-002	
  2.3623000e+001	  7.1095235e+004	  3.1072787e+002	 -4.9570374e-003	
  2.3644000e+001	  7.1928759e+004	  3.1072851e+002	 -4.1246004e-002	
  2.3664000e+001	  7.0882247e+004	  3.1072911e+002	  2.4891798e-001	
  2.3684000e+001	  7.1642043e+004	  3.1072971e+002	 -5.1559239e-002	
  2.3704000e+001	  7.1590844e+004	  3.1073030e+002	  1.3153371e-001	
  2.3724000e+001	  7.1261121e+004	  3.1073090e+002	  2.7677770e-002	
  2.3744000e+001	  7.1281600e+004	  3.1073149e+002	  1.1108590e-001	
  2.3764000e+001	  7.1359423e+004	  3.1073207e+002	 -2.6183257e-002	
  2.3786000e+001	  7.1465918e+004	  3.1073272e+002	  5.6858260e-002	
  2.3804000e+001	  7.1439294e+004	  3.1073324e+002	 -1.9220144e-002	
  2.3825000e+001	  7.1617467e+004	  3.1073385e+002	 -1.3320434e-001	
  2.3844000e+001	  7.1613371e+004	  3.1073440e+002	 -7.5009667e-002	
  2.3865000e+001	  7.1097283e+004	  3.1073500e+002	 -9.7147186e-002	
  2.3884000e+001	  7.1537597e+004	  3.1073554e+002	 -2.7186552e-002	
  2.3904000e+001	  7.1732153e+004	  3.1073611e+002	 -2.2986593e-001	
  2.3927000e+001	  7.1136195e+004	  3.1073676e+002	 -1.9878109e-001	
  2.3944000e+001	  7.1910327e+004	  3.1073723e+002	 -2.6926560e-001	
  2.3964000e+001	  7.1691194e+004	  3.1073779e+002	 -2.1200081e-001	
  2.3984000e+001	  7.1726010e+004	  3.1073835e+002	 -1.9293808e-001	
  2.4004000e+001	  7.1181250e+004	  3.1073890e+002	 -2.6109801e-001	
  2.4027000e+001	  7.1214017e+004	  3.1073953e+002	 -2.8570193e-001	
  2.4044000e+001	  7.1515069e+004	  3.1074000e+002	 -2.2634383e-001	
  2.4064000e+001	  7.1246785e+004	  3.1074054e+002	 -2.3603900e-001	
  2.4084000e+001	  7.1758777e+004	  3.1074109e+002	 -2.9003781e-001	
  2.4104000e+001	  7.1703481e+004	  3.1074162e+002	 -3.3273605e-001	
  2.4123000e+001	  7.1420863e+004	  3.1074213e+002	 -1.1816234e-001	
  2.4147000e+001	  7.1613371e+004	  3.1074277e+002	 -4.2256070e-001	
  2.4163000e+001	  5.8140809e+005	  3.1074320e+002	 -2.8081423e-001	
  2.4184000e+001	  5.8318573e+005	  3.1074375e+002	 -3.3044909e-001	
  2.4204000e+001	  5.8372434e+005	  3.1074428e+002	 -1.1443240e-001	
  2.4224000e+001	  5.8586856e+005	  3.1074480e+002	 -2.2815635e-001	
  2.4247000e+001	  5.8873982e+005	  3.1074539e+002	 -1.4985459e-001	
  2.4264000e+001	  5.8671233e+005	  3.1074583e+002	  5.5552276e-003	
  2.4284000e+001	  5.8566582e+005	  3.1074634e+002	 -1.8696742e-001	
  2.4304000e+001	  5.8844081e+005	  3.1074685e+002	 -7.4764475e-002	
  2.4325000e+001	  5.8523574e+005	  3.1074739e+002	 -4.5418288e-002	
  2.4344000e+001	  5.8438174e+005	  3.1074787e+002	 -1.5893182e-001	
  2.4364000e+001	  5.8648910e+005	  3.1074837e+002	 -2.1927552e-001	
  2.4387000e+001	  5.8284986e+005	  3.1074894e+002	 -2.9028891e-001	
  2.4404000e+001	  5.8117052e+005	  3.1074936e+002	 -1.6475476e-001	
  2.4424000e+001	  5.7926591e+005	  3.1074985e+002	  2.3070417e-003	
  2.4444000e+001	  5.7962431e+005	  3.1075034e+002	 -1.4932157e-001	
  2.4467000e+001	  5.7967346e+005	  3.1075090e+002	 -9.4045730e-002	
  2.4485000e+001	  5.7376097e+005	  3.1075134e+002	  3.4551897e-002	
  2.4504000e+001	  5.7829108e+005	  3.1075179e+002	  3.6305215e-002	
  2.4524000e+001	  5.7232125e+005	  3.1075227e+002	  4.4390122e-002	
