  0.0000000e+000	  5.8721844e-011	  3.1415927e+000	  7.8968499e+003	  3.1415927e+000	
  2.4414063e-002	  4.3231311e-003	  7.6115353e-001	  5.1320850e+003	  6.1586494e+000	
  4.8828125e-002	  1.5537824e-002	  3.7426212e+000	  1.0212842e+003	  3.3956019e+000	
  7.3242188e-002	  1.4036809e-002	  6.1626246e+000	  6.0100434e+002	  1.8823108e+000	
  9.7656250e-002	  5.7075472e-003	  8.0973734e+000	  5.3753757e+002	  3.7377129e+000	
  1.2207031e-001	  1.6205737e-002	  1.0821172e+001	  5.4916302e+002	  6.1073157e+000	
  1.4648438e-001	  1.2320904e-002	  1.0293780e+001	  5.9805346e+002	  9.0024832e+000	
  1.7089844e-001	  5.9133417e-003	  7.9287198e+000	  2.1339205e+002	  6.3926109e+000	
  1.9531250e-001	  8.2844332e-003	  5.1524805e+000	  3.3851112e+002	  5.1342006e+000	
  2.1972656e-001	  1.2878104e-002	  2.7789288e+000	  1.2709022e+003	  8.1445445e+000	
  2.4414063e-001	  2.1731015e-002	  5.5909363e-001	  5.1400663e+002	  6.7513353e+000	
  2.6855469e-001	  5.1274689e-002	 -3.6355338e-001	  4.5618634e+003	  8.1033637e+000	
  2.9296875e-001	  9.3219272e-002	  5.5406545e-001	  4.0820652e+004	  8.2833914e+000	
  3.1738281e-001	  3.2827782e-001	 -2.3945041e+000	  1.4354890e+005	  5.3725028e+000	
  3.4179688e-001	  2.8163566e-001	 -5.3313798e+000	  1.3523752e+005	  2.4588051e+000	
  3.6621094e-001	  1.0346683e-001	 -8.2802898e+000	  3.1582821e+004	 -4.4580325e-001	
  3.9062500e-001	  6.3445294e-002	 -8.0399546e+000	  4.1980353e+003	 -1.4877390e-001	
  4.1503906e-001	  4.0729049e-002	 -7.4613343e+000	  2.0943615e+003	 -4.1754776e-001	
  4.3945313e-001	  2.4750698e-002	 -8.2926653e+000	  3.6641947e+002	  8.0376175e-001	
  4.6386719e-001	  1.6568636e-002	 -5.2921183e+000	  2.9896869e+002	  2.1261741e+000	
  4.8828125e-001	  6.4305073e-003	 -8.0871166e+000	  6.5733568e+002	 -2.4139917e-001	
  5.1269531e-001	  3.7304236e-003	 -1.0891784e+001	  6.1115272e+002	 -3.3389727e+000	
  5.3710938e-001	  8.8219060e-003	 -1.3620764e+001	  1.4752473e+002	 -4.2019105e-001	
  5.6152344e-001	  6.4331843e-003	 -1.0523482e+001	  3.1241097e+002	  1.9256755e-001	
  5.8593750e-001	  6.0410679e-003	 -8.2783859e+000	  4.7771001e+002	 -2.6769883e+000	
  6.1035156e-001	  1.0282169e-002	 -1.0566189e+001	  4.9181568e+002	  4.5176800e-001	
  6.3476563e-001	  1.3850965e-002	 -1.2656396e+001	  2.7470981e+002	  3.5018246e+000	
  6.5917969e-001	  1.0653421e-002	 -1.5497340e+001	  6.8839084e+001	  4.3998383e+000	
  6.8359375e-001	  1.4089704e-002	 -1.3204638e+001	  3.5293966e+002	  6.5354963e+000	
  7.0800781e-001	  1.6315280e-002	 -1.1732907e+001	  2.8350999e+002	  3.4255036e+000	
  7.3242188e-001	  8.7619574e-003	 -1.4867094e+001	  9.4956890e+001	  5.4075844e+000	
  7.5683594e-001	  9.6784353e-003	 -1.2144020e+001	  1.9413059e+002	  7.2642479e+000	
  7.8125000e-001	  1.5466116e-002	 -9.3473192e+000	  4.0353162e+002	  9.3763583e+000	
  8.0566406e-001	  6.5430147e-003	 -1.2174297e+001	  5.3212431e+002	  6.3648427e+000	
  8.3007813e-001	  2.8664211e-003	 -1.4130411e+001	  2.9548189e+002	  9.4765630e+000	
  8.5449219e-001	  1.0367082e-002	 -1.6514372e+001	  1.4520387e+002	  9.0393399e+000	
  8.7890625e-001	  3.6356632e-003	 -1.8339556e+001	  8.9790494e+002	  6.3584183e+000	
  9.0332031e-001	  3.6289677e-003	 -1.9870693e+001	  9.3369990e+002	  3.5328723e+000	
  9.2773438e-001	  4.2832443e-003	 -2.2044435e+001	  1.9019777e+003	  6.5704319e+000	
  9.5214844e-001	  8.5140754e-003	 -1.9862274e+001	  1.6611149e+004	  6.6912616e+000	
  9.7656250e-001	  3.8058141e-002	 -2.2797322e+001	  5.0041699e+004	  3.7779711e+000	
  1.0009766e+000	  2.6420094e-002	 -2.5631971e+001	  4.1916025e+004	  8.6292157e-001	
  1.0253906e+000	  1.6177755e-002	 -2.7839437e+001	  7.9372403e+003	 -2.0464887e+000	
  1.0498047e+000	  1.0923286e-002	 -2.8856009e+001	  9.5306054e+002	 -1.4614254e+000	
  1.0742188e+000	  9.4035167e-003	 -3.1934818e+001	  1.3813480e+003	 -2.0345361e+000	
  1.0986328e+000	  6.1832845e-003	 -3.4656106e+001	  3.2851072e+002	 -5.1534848e+000	
  1.1230469e+000	  4.9426217e-003	 -3.6393807e+001	  2.7447144e+002	 -6.5183645e+000	
  1.1474609e+000	  3.1131707e-003	 -3.9213312e+001	  5.1496788e+002	 -8.4052606e+000	
  1.1718750e+000	  1.9498225e-003	 -3.6608977e+001	  6.2766520e+002	 -1.1545123e+001	
  1.1962891e+000	  4.6903123e-003	 -3.5183492e+001	  3.8077571e+002	 -8.7256687e+000	
  1.2207031e+000	  1.9925708e-003	 -3.8250085e+001	  3.3418767e+001	 -6.5959984e+000	
  1.2451172e+000	  6.5436847e-003	 -4.0962147e+001	  3.4328969e+002	 -5.9667040e+000	
  1.2695313e+000	  4.7030474e-003	 -4.3696056e+001	  4.7636769e+002	 -8.6807332e+000	
  1.2939453e+000	  2.6158427e-003	 -4.6281252e+001	  3.9216957e+002	 -1.1356414e+001	
  1.3183594e+000	  1.0448735e-003	 -4.7644551e+001	  1.4070555e+002	 -1.4493493e+001	
  1.3427734e+000	  1.0167252e-002	 -5.0307610e+001	  1.8554870e+002	 -1.4266176e+001	
  1.3671875e+000	  6.1814521e-003	 -5.3068004e+001	  2.6354125e+002	 -1.1361226e+001	
  1.3916016e+000	  6.1637113e-003	 -5.3791643e+001	  1.4198572e+002	 -8.9069780e+000	
  1.4160156e+000	  8.4132063e-003	 -5.6803476e+001	  1.4929744e+002	 -6.3015244e+000	
  1.4404297e+000	  6.5638080e-003	 -5.9895696e+001	  1.5077500e+002	 -5.2675567e+000	
  1.4648438e+000	  6.4362641e-003	 -6.2508023e+001	  3.0835353e+002	 -8.1939849e+000	
  1.4892578e+000	  6.0029776e-004	 -6.4501967e+001	  2.6036481e+002	 -5.4577785e+000	
  1.5136719e+000	  7.3894102e-003	 -6.7254857e+001	  3.1631599e+002	 -4.1795946e+000	
  1.5380859e+000	  5.8159722e-003	 -6.6243415e+001	  8.1901322e+002	 -1.3025980e+000	
  1.5625000e+000	  2.1153957e-003	 -6.8799424e+001	  6.1341486e+002	 -4.3696127e+000	
  1.5869141e+000	  6.8500207e-003	 -6.9915327e+001	  5.1274617e+002	 -1.6836670e+000	
  1.6113281e+000	  3.7926559e-003	 -7.2222093e+001	  1.2233619e+004	 -1.1570272e+000	
  1.6357422e+000	  1.4186187e-002	 -7.4985311e+001	  3.0971452e+004	 -4.0911617e+000	
  1.6601563e+000	  7.6925098e-003	 -7.7824447e+001	  2.2951981e+004	 -7.0072494e+000	
  1.6845703e+000	  6.4227729e-003	 -7.8277571e+001	  3.3096096e+003	 -9.9060039e+000	
  1.7089844e+000	  6.1936935e-003	 -8.1246299e+001	  3.8156006e+002	 -8.6354661e+000	
  1.7333984e+000	  2.5183865e-003	 -7.8434867e+001	  1.1719364e+003	 -9.9705674e+000	
  1.7578125e+000	  2.4830121e-003	 -7.6731815e+001	  3.6919875e+002	 -7.3150264e+000	
  1.7822266e+000	  9.4182123e-003	 -7.3791484e+001	  6.4897523e+001	 -5.4534751e+000	
  1.8066406e+000	  2.0363215e-003	 -7.6701586e+001	  3.8113795e+002	 -3.4489384e+000	
  1.8310547e+000	  3.2082934e-003	 -7.8749432e+001	  4.2473885e+002	 -5.6967815e-001	
  1.8554688e+000	  1.6255065e-003	 -8.1651475e+001	  2.6419775e+002	  1.9652968e+000	
  1.8798828e+000	  7.8379234e-003	 -7.8535672e+001	  2.5038358e+002	  4.3240321e+000	
  1.9042969e+000	  6.0295096e-003	 -7.5430204e+001	  2.3237800e+002	  7.1358632e+000	
  1.9287109e+000	  9.1165987e-003	 -7.2332454e+001	  1.2684190e+002	  9.8788717e+000	
  1.9531250e+000	  2.8877761e-003	 -7.5333481e+001	  1.4958972e+002	  1.1203468e+001	
  1.9775391e+000	  2.3963972e-003	 -7.2211519e+001	  2.4549030e+002	  1.3713019e+001	
  2.0019531e+000	  7.2008488e-003	 -7.0320295e+001	  2.9299235e+002	  1.6033174e+001	
  2.0263672e+000	  1.0984736e-002	 -6.7891024e+001	  2.7917519e+002	  1.8569144e+001	
  2.0507813e+000	  8.8220642e-003	 -6.4903518e+001	  8.3842425e+001	  2.1130675e+001	
  2.0751953e+000	  6.9485951e-003	 -6.3022173e+001	  1.9862527e+002	  2.2190342e+001	
  2.0996094e+000	  3.2725920e-003	 -5.9939035e+001	  4.2130632e+002	  2.5068124e+001	
  2.1240234e+000	  5.9783194e-003	 -6.1982442e+001	  4.0441464e+002	  2.1984614e+001	
  2.1484375e+000	  4.6054588e-004	 -6.4470695e+001	  1.4354822e+002	  2.4424047e+001	
  2.1728516e+000	  2.2554083e-003	 -6.1426800e+001	  4.7996157e+002	  2.5363903e+001	
  2.1972656e+000	  2.5217631e-003	 -5.8421615e+001	  9.5864974e+002	  2.2328888e+001	
  2.2216797e+000	  5.0081878e-003	 -6.0542972e+001	  9.2152701e+002	  1.9292495e+001	
  2.2460938e+000	  7.5763255e-003	 -6.1169451e+001	  2.6232082e+002	  1.6223712e+001	
  2.2705078e+000	  3.5931504e-003	 -6.1632317e+001	  1.0285931e+004	  1.6086881e+001	
  2.2949219e+000	  1.3001348e-002	 -6.3952674e+001	  2.2730662e+004	  1.3162396e+001	
  2.3193359e+000	  3.4149181e-003	 -6.6592099e+001	  1.4930106e+004	  1.0245018e+001	
  2.3437500e+000	  2.2371439e-003	 -6.8922077e+001	  1.5960131e+003	  7.2990080e+000	
  2.3681641e+000	  4.1172559e-003	 -6.9400748e+001	  4.9587478e+002	  9.6654931e+000	
  2.3925781e+000	  4.3373580e-003	 -7.2252605e+001	  1.2288011e+003	  7.3026603e+000	
  2.4169922e+000	  2.1952041e-003	 -7.4037464e+001	  3.5754649e+002	  1.0405440e+001	
  2.4414063e+000	  2.8671729e-003	 -7.1273009e+001	  9.6128954e+001	  9.9900805e+000	
  2.4658203e+000	  9.0277809e-003	 -6.8630557e+001	  4.4150935e+002	  7.4287195e+000	
  2.4902344e+000	  4.5291176e-003	 -7.1575149e+001	  4.5890833e+002	  4.3772898e+000	
  2.5146484e+000	  6.2138357e-003	 -7.2240047e+001	  1.1096574e+002	  7.2963205e+000	
  2.5390625e+000	  3.0452998e-003	 -7.4757193e+001	  1.3779384e+002	  7.9402629e+000	
  2.5634766e+000	  2.0899640e-003	 -7.2968614e+001	  1.7151962e+002	  1.0668398e+001	
  2.5878906e+000	  3.8850369e-003	 -7.5443242e+001	  1.2473418e+002	  1.3438702e+001	
  2.6123047e+000	  2.8852742e-003	 -7.7416119e+001	  1.3167722e+002	  1.5714853e+001	
  2.6367188e+000	  2.0582221e-003	 -7.7363209e+001	  1.5799443e+002	  1.8174700e+001	
  2.6611328e+000	  8.1853599e-003	 -7.9985865e+001	  2.1411184e+002	  2.0485341e+001	
  2.6855469e+000	  4.6373515e-003	 -8.2702359e+001	  2.5551870e+002	  2.2835289e+001	
  2.7099609e+000	  5.4719284e-003	 -8.4711770e+001	  2.1443788e+002	  2.5392144e+001	
  2.7343750e+000	  5.2022139e-003	 -8.6834959e+001	  1.6260209e+002	  2.7001645e+001	
  2.7587891e+000	  2.9088811e-003	 -8.9417997e+001	  4.1147641e+002	  2.9561924e+001	
  2.7832031e+000	  3.9032541e-003	 -8.8749526e+001	  3.4813444e+002	  2.6424422e+001	
  2.8076172e+000	  2.4175311e-003	 -8.5683437e+001	  1.9584630e+002	  2.8930575e+001	
  2.8320313e+000	  7.5090382e-003	 -8.8781543e+001	  4.0814414e+002	  2.9885265e+001	
  2.8564453e+000	  6.2916097e-003	 -9.1700657e+001	  8.3426904e+002	  2.6911425e+001	
  2.8808594e+000	  3.8505146e-003	 -9.1307735e+001	  7.9469363e+002	  2.3953050e+001	
  2.9052734e+000	  8.4690506e-003	 -9.3949672e+001	  2.7876022e+002	  2.3230079e+001	
  2.9296875e+000	  4.1352030e-003	 -9.4716265e+001	  9.3174745e+003	  2.0769446e+001	
  2.9541016e+000	  1.3120816e-002	 -9.7064803e+001	  1.7862672e+004	  1.7851678e+001	
  2.9785156e+000	  2.8926906e-003	 -9.9739745e+001	  1.0306732e+004	  1.4941527e+001	
  3.0029297e+000	  1.2607518e-003	 -1.0008880e+002	  6.9661676e+002	  1.2051937e+001	
  3.0273438e+000	  2.3304886e-003	 -9.7410545e+001	  5.2153549e+002	  1.4649301e+001	
  3.0517578e+000	  2.6489980e-003	 -1.0051278e+002	  1.0975866e+003	  1.2003823e+001	
  3.0761719e+000	  2.9014029e-003	 -1.0029941e+002	  4.0610783e+002	  8.9525067e+000	
  3.1005859e+000	  9.8815728e-003	 -1.0326561e+002	  4.7259658e+001	  8.7041227e+000	
  3.1250000e+000	  2.7983085e-003	 -1.0634814e+002	  3.8807166e+002	  6.0354271e+000	
  3.1494141e+000	  2.2553847e-003	 -1.0376896e+002	  4.2106007e+002	  9.0398920e+000	
  3.1738281e+000	  1.9926078e-003	 -1.0152490e+002	  1.7884944e+002	  1.1647173e+001	
  3.1982422e+000	  4.9293491e-003	 -1.0378960e+002	  1.9268248e+002	  1.2866509e+001	
  3.2226563e+000	  5.8298309e-003	 -1.0527906e+002	  3.0498906e+002	  1.5519785e+001	
  3.2470703e+000	  2.2227983e-003	 -1.0792878e+002	  1.9969580e+002	  1.8482897e+001	
  3.2714844e+000	  1.9249992e-003	 -1.1063990e+002	  7.4510685e+001	  2.0104593e+001	
  3.2958984e+000	  2.8213070e-003	 -1.1341951e+002	  1.9910503e+002	  2.2366212e+001	
  3.3203125e+000	  5.5084352e-003	 -1.1053960e+002	  2.7167558e+002	  2.5121283e+001	
  3.3447266e+000	  7.6666270e-004	 -1.1326400e+002	  2.4824434e+002	  2.7814622e+001	
  3.3691406e+000	  6.9898252e-003	 -1.1561163e+002	  1.3893882e+002	  3.0371784e+001	
  3.3935547e+000	  8.4421018e-003	 -1.1818355e+002	  1.2567641e+002	  3.1956279e+001	
  3.4179688e+000	  5.4546732e-003	 -1.1991698e+002	  3.4230899e+002	  3.4480704e+001	
  3.4423828e+000	  3.2411874e-003	 -1.1677766e+002	  3.3918839e+002	  3.1435614e+001	
  3.4667969e+000	  3.0156956e-003	 -1.1494441e+002	  1.3013300e+002	  3.3889812e+001	
  3.4912109e+000	  5.8829878e-003	 -1.1219148e+002	  4.7376083e+002	  3.4654081e+001	
  3.5156250e+000	  5.4859135e-003	 -1.1513212e+002	  8.7919000e+002	  3.1637946e+001	
  3.5400391e+000	  4.4493996e-003	 -1.1331147e+002	  8.4080874e+002	  2.8524100e+001	
  3.5644531e+000	  6.8745173e-003	 -1.1051569e+002	  5.3320243e+002	  2.8283476e+001	
  3.5888672e+000	  4.4198153e-003	 -1.0745764e+002	  8.6398371e+003	  2.5453800e+001	
  3.6132813e+000	  7.9334132e-003	 -1.0439049e+002	  1.4579822e+004	  2.2534620e+001	
  3.6376953e+000	  3.5092334e-003	 -1.0688764e+002	  7.3821213e+003	  1.9628508e+001	
  3.6621094e+000	  6.4721441e-003	 -1.0949454e+002	  3.0314629e+002	  1.6608324e+001	
  3.6865234e+000	  1.1266452e-003	 -1.1263462e+002	  7.6765920e+002	  1.9440437e+001	
  3.7109375e+000	  5.9256996e-003	 -1.0954865e+002	  1.0729403e+003	  1.6615994e+001	
  3.7353516e+000	  4.2501171e-003	 -1.0657686e+002	  3.1172229e+002	  1.3481990e+001	
  3.7597656e+000	  3.5503336e-003	 -1.0448140e+002	  1.7935231e+002	  1.3544979e+001	
  3.7841797e+000	  3.0476814e-003	 -1.0725724e+002	  4.9050171e+002	  1.0526931e+001	
  3.8085938e+000	  1.4132316e-003	 -1.0940138e+002	  4.1890513e+002	  1.3614582e+001	
  3.8330078e+000	  4.9655602e-003	 -1.1193508e+002	  1.2591104e+002	  1.5958143e+001	
  3.8574219e+000	  5.1760570e-003	 -1.1441886e+002	  2.0682909e+002	  1.7350147e+001	
  3.8818359e+000	  4.5968194e-003	 -1.1584617e+002	  2.9078824e+002	  2.0121147e+001	
  3.9062500e+000	  6.0899221e-003	 -1.1836122e+002	  2.1641914e+002	  2.2944582e+001	
  3.9306641e+000	  5.3073411e-004	 -1.2139637e+002	  1.5116987e+002	  2.5368873e+001	
  3.9550781e+000	  1.8106623e-003	 -1.2089048e+002	  1.7402063e+002	  2.7268838e+001	
  3.9794922e+000	  6.7855599e-003	 -1.2372798e+002	  2.9127303e+002	  2.9776673e+001	
  4.0039063e+000	  4.5787693e-003	 -1.2624946e+002	  2.3760167e+002	  3.2286957e+001	
  4.0283203e+000	  3.5181317e-003	 -1.2925489e+002	  1.9343450e+002	  3.4447255e+001	
  4.0527344e+000	  1.6016321e-003	 -1.2671383e+002	  2.0001547e+002	  3.6527256e+001	
  4.0771484e+000	  1.7959255e-003	 -1.2386497e+002	  3.7757203e+002	  3.9083394e+001	
  4.1015625e+000	  9.1907768e-003	 -1.2686162e+002	  3.2063717e+002	  4.2160142e+001	
  4.1259766e+000	  3.7862182e-003	 -1.2962875e+002	  1.3834357e+002	  4.4310321e+001	
  4.1503906e+000	  2.4191456e-003	 -1.3137713e+002	  5.3919306e+002	  4.5592302e+001	
  4.1748047e+000	  2.1143454e-003	 -1.3422542e+002	  8.4292222e+002	  4.2563512e+001	
  4.1992188e+000	  4.0418083e-003	 -1.3156415e+002	  7.4065295e+002	  4.5702058e+001	
  4.2236328e+000	  6.7474458e-003	 -1.3448615e+002	  9.1242154e+002	  4.5641603e+001	
  4.2480469e+000	  2.3740525e-003	 -1.3441995e+002	  8.2285783e+003	  4.2717022e+001	
  4.2724609e+000	  7.7684610e-003	 -1.3159720e+002	  1.2201671e+004	  3.9793779e+001	
  4.2968750e+000	  9.8392535e-003	 -1.2904033e+002	  5.3825133e+003	  3.6877845e+001	
  4.3212891e+000	  4.5427105e-003	 -1.2596346e+002	  1.5659069e+002	  3.9469128e+001	
  4.3457031e+000	  7.3107882e-003	 -1.2894070e+002	  8.4875462e+002	  3.6803606e+001	
  4.3701172e+000	  3.1564322e-003	 -1.3149351e+002	  9.5789964e+002	  3.3916796e+001	
  4.3945313e+000	  7.5981763e-004	 -1.2975353e+002	  2.4134791e+002	  3.0823516e+001	
  4.4189453e+000	  5.8113089e-003	 -1.3267412e+002	  2.0191508e+002	  3.0879226e+001	
  4.4433594e+000	  1.7399567e-003	 -1.3544715e+002	  4.5280845e+002	  2.7862915e+001	
  4.4677734e+000	  2.8434954e-003	 -1.3604839e+002	  3.5043384e+002	  3.0954641e+001	
  4.4921875e+000	  5.4111013e-003	 -1.3846052e+002	  1.2858839e+002	  3.2945308e+001	
  4.5166016e+000	  3.2505427e-003	 -1.4134779e+002	  2.1962602e+002	  3.4798932e+001	
  4.5410156e+000	  3.0449527e-003	 -1.3839670e+002	  2.9461871e+002	  3.7521890e+001	
  4.5654297e+000	  4.5496620e-003	 -1.3648202e+002	  1.8144458e+002	  4.0436687e+001	
  4.5898438e+000	  3.8600623e-003	 -1.3940795e+002	  1.0277931e+002	  4.2340973e+001	
  4.6142578e+000	  2.4804133e-003	 -1.4168590e+002	  1.4277481e+002	  4.4434489e+001	
  4.6386719e+000	  4.0156740e-003	 -1.4111119e+002	  2.3216541e+002	  4.6831559e+001	
  4.6630859e+000	  5.5662925e-003	 -1.4295612e+002	  2.2024012e+002	  4.9644363e+001	
  4.6875000e+000	  3.0532715e-003	 -1.4541135e+002	  1.0489295e+002	  5.1933389e+001	
  4.7119141e+000	  3.9236498e-003	 -1.4716405e+002	  1.8546950e+002	  5.3452258e+001	
  4.7363281e+000	  3.2965307e-003	 -1.4940315e+002	  3.8780713e+002	  5.6241918e+001	
  4.7607422e+000	  4.0138785e-003	 -1.5223219e+002	  3.1884809e+002	  5.9339848e+001	
  4.7851563e+000	  5.8065908e-003	 -1.5510353e+002	  9.1561265e+001	  6.1558874e+001	
  4.8095703e+000	  4.2357496e-003	 -1.5749005e+002	  6.0563275e+002	  6.2770579e+001	
  4.8339844e+000	  3.0952976e-003	 -1.5779137e+002	  9.0333976e+002	  5.9803107e+001	
  4.8583984e+000	  8.6205570e-004	 -1.6022630e+002	  7.7385914e+002	  6.2917201e+001	
  4.8828125e+000	  8.1398178e-004	 -1.5945193e+002	  1.1249542e+003	  6.2901556e+001	
  4.9072266e+000	  3.3989388e-003	 -1.6233272e+002	  7.7902621e+003	  5.9969601e+001	
  4.9316406e+000	  1.4677527e-003	 -1.5959691e+002	  1.0299013e+004	  5.7051043e+001	
  4.9560547e+000	  4.4258633e-003	 -1.5801754e+002	  3.9078234e+003	  5.4148524e+001	
  4.9804688e+000	  7.3028132e-004	 -1.6099261e+002	  1.2311562e+002	  5.6182192e+001	
  5.0048828e+000	  4.4562902e-003	 -1.6342957e+002	  9.8714625e+002	  5.4065332e+001	
  5.0292969e+000	  3.1150654e-003	 -1.6443499e+002	  9.2811713e+002	  5.1129963e+001	
  5.0537109e+000	  5.1073269e-003	 -1.6652424e+002	  2.1706970e+002	  5.4220099e+001	
  5.0781250e+000	  2.7843878e-003	 -1.6832285e+002	  1.9413506e+002	  5.4588353e+001	
  5.1025391e+000	  4.0447699e-003	 -1.7133942e+002	  4.2936109e+002	  5.7618461e+001	
  5.1269531e+000	  8.3150628e-003	 -1.6853636e+002	  3.5097250e+002	  6.0602104e+001	
  5.1513672e+000	  1.5094358e-003	 -1.7103550e+002	  1.4303258e+002	  6.2986892e+001	
  5.1757813e+000	  7.4631650e-003	 -1.7265999e+002	  1.2876710e+002	  6.4456248e+001	
  5.2001953e+000	  2.3853648e-003	 -1.6953425e+002	  2.3580979e+002	  6.7023489e+001	
  5.2246094e+000	  2.7538879e-003	 -1.6728764e+002	  1.8141266e+002	  6.9801905e+001	
  5.2490234e+000	  4.0679779e-003	 -1.6556226e+002	  1.2482526e+002	  7.1935313e+001	
  5.2734375e+000	  1.9982694e-003	 -1.6284569e+002	  1.7586218e+002	  7.4047305e+001	
  5.2978516e+000	  2.1865373e-003	 -1.6591390e+002	  2.4329961e+002	  7.6683123e+001	
  5.3222656e+000	  4.5896192e-003	 -1.6903282e+002	  1.8960711e+002	  7.9410065e+001	
  5.3466797e+000	  2.7855982e-003	 -1.6717983e+002	  1.1506403e+002	  8.1535968e+001	
  5.3710938e+000	  7.8056590e-004	 -1.6524915e+002	  2.0735159e+002	  8.3225461e+001	
  5.3955078e+000	  4.4389628e-003	 -1.6238978e+002	  4.1700941e+002	  8.6097384e+001	
  5.4199219e+000	  4.0163140e-003	 -1.6087858e+002	  3.2241530e+002	  8.9179584e+001	
  5.4443359e+000	  4.2650320e-003	 -1.6401444e+002	  1.0778940e+002	  9.0860733e+001	
  5.4687500e+000	  9.8291473e-004	 -1.6656207e+002	  6.5579939e+002	  9.2686012e+001	
  5.4931641e+000	  3.2285023e-003	 -1.6374933e+002	  8.5710475e+002	  8.9693717e+001	
  5.5175781e+000	  4.7104634e-003	 -1.6180048e+002	  6.3305360e+002	  9.2762320e+001	
  5.5419922e+000	  3.5248119e-003	 -1.5957282e+002	  1.4938618e+003	  9.2737702e+001	
  5.5664063e+000	  7.6600796e-003	 -1.5733385e+002	  7.4974218e+003	  8.9792728e+001	
  5.5908203e+000	  2.7918759e-003	 -1.5430351e+002	  8.7596988e+003	  8.6872717e+001	
  5.6152344e+000	  5.3253944e-003	 -1.5274972e+002	  2.8468145e+003	  8.3971709e+001	
  5.6396484e+000	  4.0080520e-003	 -1.5556132e+002	  1.8448957e+002	  8.6161412e+001	
  5.6640625e+000	  3.4546666e-003	 -1.5329211e+002	  1.0783631e+003	  8.3899086e+001	
  5.6884766e+000	  1.2943828e-003	 -1.5632819e+002	  8.5318552e+002	  8.0935075e+001	
  5.7128906e+000	  2.3993295e-003	 -1.5885173e+002	  1.6941393e+002	  7.7811387e+001	
  5.7373047e+000	  3.1475001e-003	 -1.6130523e+002	  2.1320326e+002	  7.7880468e+001	
  5.7617188e+000	  4.3145371e-003	 -1.6383903e+002	  4.3588774e+002	  7.4820752e+001	
  5.7861328e+000	  5.0361946e-003	 -1.6114064e+002	  2.9000144e+002	  7.1683835e+001	
  5.8105469e+000	  1.0913119e-003	 -1.6411134e+002	  8.1010290e+001	  7.3212695e+001	
  5.8349609e+000	  4.0837028e-003	 -1.6539153e+002	  2.1281911e+002	  7.5349748e+001	
  5.8593750e+000	  8.1637643e-003	 -1.6814243e+002	  2.7661323e+002	  7.8292521e+001	
  5.8837891e+000	  7.3596015e-003	 -1.6502893e+002	  1.5523925e+002	  8.1058148e+001	
  5.9082031e+000	  3.1392237e-003	 -1.6301052e+002	  1.1525684e+002	  8.2642439e+001	
  5.9326172e+000	  2.1723345e-003	 -1.6008773e+002	  1.9946294e+002	  8.4842549e+001	
  5.9570313e+000	  4.2775516e-003	 -1.6280960e+002	  2.5216528e+002	  8.7532177e+001	
  5.9814453e+000	  3.4013703e-003	 -1.6075238e+002	  1.6425182e+002	  9.0359778e+001	
  6.0058594e+000	  1.5123702e-003	 -1.5889443e+002	  7.0220125e+001	  9.2083103e+001	
  6.0302734e+000	  4.0931683e-003	 -1.5681597e+002	  2.3817123e+002	  9.4019148e+001	
  6.0546875e+000	  3.2111412e-003	 -1.5447157e+002	  3.8551146e+002	  9.7112491e+001	
  6.0791016e+000	  4.2595985e-003	 -1.5156372e+002	  2.5238979e+002	  1.0020240e+002	
  6.1035156e+000	  5.7966440e-003	 -1.5076952e+002	  6.7336698e+001	  1.0108956e+002	
  6.1279297e+000	  1.2418781e-003	 -1.5360913e+002	  6.6317905e+002	  1.0354550e+002	
  6.1523438e+000	  3.3866565e-003	 -1.5073938e+002	  8.4620742e+002	  1.0061557e+002	
  6.1767578e+000	  8.0547584e-003	 -1.4801352e+002	  6.3689858e+002	  1.0373248e+002	
  6.2011719e+000	  7.4568752e-003	 -1.5091736e+002	  1.6834035e+003	  1.0368899e+002	
  6.2255859e+000	  6.8465590e-003	 -1.5281140e+002	  7.1468090e+003	  1.0075978e+002	
  6.2500000e+000	  7.7864141e-003	 -1.5441763e+002	  7.4449524e+003	  9.7840783e+001	
  6.2744141e+000	  5.7556255e-003	 -1.5661384e+002	  2.0173686e+003	  9.4941849e+001	
  6.2988281e+000	  7.8688450e-003	 -1.5934724e+002	  2.6798187e+002	  9.7385133e+001	
  6.3232422e+000	  3.1579665e-003	 -1.5624921e+002	  1.2147557e+003	  9.4887914e+001	
  6.3476563e+000	  5.0162592e-003	 -1.5550407e+002	  8.3497879e+002	  9.1904469e+001	
  6.3720703e+000	  1.7573718e-003	 -1.5276741e+002	  9.3958071e+001	  9.5043446e+001	
  6.3964844e+000	  3.9733376e-003	 -1.5359401e+002	  2.9527949e+002	  9.5169113e+001	
  6.4208984e+000	  9.3091362e-003	 -1.5672722e+002	  4.7471281e+002	  9.8270762e+001	
  6.4453125e+000	  2.8858353e-003	 -1.5383147e+002	  3.0948841e+002	  1.0129756e+002	
  6.4697266e+000	  3.5968777e-003	 -1.5132462e+002	  6.4333779e+001	  1.0316140e+002	
  6.4941406e+000	  3.5916007e-003	 -1.4823065e+002	  1.8284727e+002	  1.0460167e+002	
  6.5185547e+000	  6.4198616e-003	 -1.5115342e+002	  2.5715522e+002	  1.0753421e+002	
  6.5429688e+000	  7.8153590e-003	 -1.5402429e+002	  1.9817294e+002	  1.1028347e+002	
  6.5673828e+000	  1.7577997e-003	 -1.5633825e+002	  1.5336290e+002	  1.1268364e+002	
  6.5917969e+000	  3.0703129e-003	 -1.5684479e+002	  1.7701120e+002	  1.1472875e+002	
  6.6162109e+000	  8.0366067e-003	 -1.5891251e+002	  2.5395958e+002	  1.1720093e+002	
  6.6406250e+000	  2.0202317e-003	 -1.6073909e+002	  2.1322741e+002	  1.1986116e+002	
  6.6650391e+000	  5.9275412e-003	 -1.6298418e+002	  1.1542308e+002	  1.2215268e+002	
  6.6894531e+000	  4.1417734e-003	 -1.6276948e+002	  2.4374600e+002	  1.2371169e+002	
  6.7138672e+000	  2.9994738e-003	 -1.6587550e+002	  3.9945118e+002	  1.2058323e+002	
  6.7382813e+000	  1.9495394e-003	 -1.6445718e+002	  2.1621447e+002	  1.2369434e+002	
  6.7626953e+000	  1.1132879e-002	 -1.6169483e+002	  1.5711349e+002	  1.2426637e+002	
  6.7871094e+000	  2.8800004e-003	 -1.5860565e+002	  6.9925141e+002	  1.2709677e+002	
  6.8115234e+000	  6.5437016e-003	 -1.5725691e+002	  7.4978100e+002	  1.2413320e+002	
  6.8359375e+000	  7.4402326e-003	 -1.6000469e+002	  4.2316989e+002	  1.2725614e+002	
  6.8603516e+000	  5.4999268e-003	 -1.6291536e+002	  2.0501191e+003	  1.2723758e+002	
  6.8847656e+000	  2.9150178e-003	 -1.6543377e+002	  6.8659212e+003	  1.2430102e+002	
  6.9091797e+000	  2.0238810e-003	 -1.6262654e+002	  6.3201906e+003	  1.2138386e+002	
  6.9335938e+000	  9.9316091e-003	 -1.5967231e+002	  1.3750365e+003	  1.1849425e+002	
  6.9580078e+000	  5.6261633e-003	 -1.6267818e+002	  3.1293053e+002	  1.2093009e+002	
  6.9824219e+000	  5.1103268e-003	 -1.5960350e+002	  1.2199696e+003	  1.1839673e+002	
  7.0068359e+000	  2.6330368e-003	 -1.5666252e+002	  7.7873589e+002	  1.1538107e+002	
  7.0312500e+000	  7.1716366e-003	 -1.5361044e+002	  5.1064976e+001	  1.1839432e+002	
  7.0556641e+000	  4.5968931e-003	 -1.5672165e+002	  3.6247190e+002	  1.1872135e+002	
  7.0800781e+000	  3.1407736e-003	 -1.5974225e+002	  4.8119753e+002	  1.1562255e+002	
  7.1044922e+000	  4.0716993e-003	 -1.6260553e+002	  2.4759781e+002	  1.1851930e+002	
  7.1289063e+000	  2.8213337e-003	 -1.6555149e+002	  1.3121478e+002	  1.2022740e+002	
  7.1533203e+000	  3.2897168e-003	 -1.6363598e+002	  1.9120731e+002	  1.2230510e+002	
  7.1777344e+000	  1.3048838e-003	 -1.6117787e+002	  2.4136049e+002	  1.2505036e+002	
  7.2021484e+000	  8.2462126e-004	 -1.5804851e+002	  1.7931862e+002	  1.2757526e+002	
  7.2265625e+000	  8.3012302e-003	 -1.6100022e+002	  1.8702791e+002	  1.2983096e+002	
  7.2509766e+000	  3.4306600e-003	 -1.5810845e+002	  2.4409934e+002	  1.3222367e+002	
  7.2753906e+000	  1.0941890e-003	 -1.5725645e+002	  2.4057341e+002	  1.3476102e+002	
  7.2998047e+000	  6.9860777e-003	 -1.5435465e+002	  1.6658453e+002	  1.3692571e+002	
  7.3242188e+000	  2.0161548e-003	 -1.5704317e+002	  1.6023043e+002	  1.3899089e+002	
  7.3486328e+000	  4.9155342e-003	 -1.5957894e+002	  2.8207958e+002	  1.4091123e+002	
  7.3730469e+000	  5.4938340e-003	 -1.5669019e+002	  4.1793075e+002	  1.4397614e+002	
  7.3974609e+000	  3.6860742e-003	 -1.5978022e+002	  2.3625040e+002	  1.4711072e+002	
  7.4218750e+000	  4.3543384e-003	 -1.5691218e+002	  2.1501044e+002	  1.4753193e+002	
  7.4462891e+000	  8.3113421e-003	 -1.5430526e+002	  8.1859878e+002	  1.5065391e+002	
  7.4707031e+000	  8.2315998e-003	 -1.5709598e+002	  7.8342054e+002	  1.4772802e+002	
  7.4951172e+000	  4.4856926e-003	 -1.5987309e+002	  2.9083104e+002	  1.5086367e+002	
  7.5195313e+000	  3.7022814e-003	 -1.5728571e+002	  2.3451098e+003	  1.5079154e+002	
  7.5439453e+000	  6.1300675e-003	 -1.5444302e+002	  6.5715063e+003	  1.4784434e+002	
  7.5683594e+000	  4.4832476e-003	 -1.5740001e+002	  5.4141729e+003	  1.4492150e+002	
  7.5927734e+000	  1.8269104e-003	 -1.5977970e+002	  1.0216281e+003	  1.4197945e+002	
  7.6171875e+000	  2.9449618e-004	 -1.6115951e+002	  4.4451151e+002	  1.4463114e+002	
  7.6416016e+000	  2.3415262e-003	 -1.6393930e+002	  1.1813043e+003	  1.4197583e+002	
  7.6660156e+000	  7.8359094e-003	 -1.6083383e+002	  6.7299141e+002	  1.3897168e+002	
  7.6904297e+000	  7.2439602e-003	 -1.5954453e+002	  3.7185134e+001	  1.3584456e+002	
  7.7148438e+000	  3.4295240e-003	 -1.6268115e+002	  3.5918814e+002	  1.3585777e+002	
  7.7392578e+000	  2.4215530e-003	 -1.5954064e+002	  5.1574202e+002	  1.3281935e+002	
  7.7636719e+000	  3.3150400e-003	 -1.5749366e+002	  2.6245067e+002	  1.2984338e+002	
  7.7880859e+000	  7.2275508e-004	 -1.5475166e+002	  7.4075083e+001	  1.2973093e+002	
  7.8125000e+000	  3.6524043e-003	 -1.5183285e+002	  2.7523800e+002	  1.2685226e+002	
  7.8369141e+000	  4.0997740e-003	 -1.4925759e+002	  2.3546358e+002	  1.2377143e+002	
  7.8613281e+000	  6.0999936e-003	 -1.4638893e+002	  1.0844331e+002	  1.2566482e+002	
  7.8857422e+000	  4.4752743e-003	 -1.4919037e+002	  1.5308452e+002	  1.2806669e+002	
  7.9101563e+000	  3.3305568e-003	 -1.4789577e+002	  1.5300909e+002	  1.3018276e+002	
  7.9345703e+000	  2.2119117e-003	 -1.4507767e+002	  2.0308829e+002	  1.3286015e+002	
  7.9589844e+000	  7.1837492e-003	 -1.4219167e+002	  9.6527178e+001	  1.3561699e+002	
  7.9833984e+000	  2.6769092e-003	 -1.4484431e+002	  8.0105863e+001	  1.3678883e+002	
  8.0078125e+000	  1.6038020e-003	 -1.4676868e+002	  2.8471850e+002	  1.3919459e+002	
  8.0322266e+000	  1.5985031e-003	 -1.4392459e+002	  3.7549717e+002	  1.3608593e+002	
  8.0566406e+000	  2.1987563e-003	 -1.4081528e+002	  2.0597930e+002	  1.3894403e+002	
  8.0810547e+000	  1.6046056e-003	 -1.3973085e+002	  1.9913293e+002	  1.3979158e+002	
  8.1054688e+000	  3.2803179e-003	 -1.3670815e+002	  6.8572737e+002	  1.4269152e+002	
  8.1298828e+000	  1.5902633e-003	 -1.3417539e+002	  6.7656857e+002	  1.3970297e+002	
  8.1542969e+000	  2.4172274e-003	 -1.3191715e+002	  2.4542352e+002	  1.3670202e+002	
  8.1787109e+000	  3.7426170e-003	 -1.2940370e+002	  2.5447508e+003	  1.3658770e+002	
  8.2031250e+000	  7.7043438e-004	 -1.2752381e+002	  6.2722979e+003	  1.3367185e+002	
  8.2275391e+000	  2.9993852e-003	 -1.2491081e+002	  4.5633947e+003	  1.3076796e+002	
  8.2519531e+000	  2.8672796e-003	 -1.2672375e+002	  6.8427671e+002	  1.2787030e+002	
  8.2763672e+000	  6.3052605e-003	 -1.2954788e+002	  6.1647253e+002	  1.3063283e+002	
  8.3007813e+000	  4.8237165e-003	 -1.2993884e+002	  1.3034816e+003	  1.2781171e+002	
  8.3251953e+000	  3.0734488e-003	 -1.3256511e+002	  6.8940206e+002	  1.2474151e+002	
  8.3496094e+000	  4.6614553e-003	 -1.3511995e+002	  5.6606655e+001	  1.2743637e+002	
  8.3740234e+000	  2.5957400e-003	 -1.3791339e+002	  3.3858797e+002	  1.2798156e+002	
  8.3984375e+000	  2.9198852e-003	 -1.3513032e+002	  4.5739416e+002	  1.2487173e+002	
  8.4228516e+000	  4.5282622e-003	 -1.3619345e+002	  2.4576221e+002	  1.2771280e+002	
  8.4472656e+000	  5.6065614e-003	 -1.3808750e+002	  1.5061840e+002	  1.2952552e+002	
  8.4716797e+000	  5.5403861e-003	 -1.4108523e+002	  2.4429782e+002	  1.3165133e+002	
  8.4960938e+000	  1.9102823e-003	 -1.4281781e+002	  2.7451094e+002	  1.3440822e+002	
  8.5205078e+000	  1.0404198e-002	 -1.4439305e+002	  1.8998120e+002	  1.3695193e+002	
  8.5449219e+000	  7.4539002e-003	 -1.4687254e+002	  1.2247762e+002	  1.3907503e+002	
  8.5693359e+000	  5.2910656e-003	 -1.4975706e+002	  1.9658523e+002	  1.4098771e+002	
  8.5937500e+000	  4.2107791e-003	 -1.5270938e+002	  2.4029364e+002	  1.4371241e+002	
  8.6181641e+000	  6.1366594e-003	 -1.5439214e+002	  1.6420845e+002	  1.4629350e+002	
  8.6425781e+000	  4.4972687e-003	 -1.5639304e+002	  1.4526706e+002	  1.4832829e+002	
  8.6669922e+000	  2.0263530e-003	 -1.5869839e+002	  2.8658124e+002	  1.5047453e+002	
  8.6914063e+000	  1.7785810e-003	 -1.6099440e+002	  3.3037596e+002	  1.5349298e+002	
  8.7158203e+000	  4.5050134e-003	 -1.6371869e+002	  1.4396799e+002	  1.5619522e+002	
  8.7402344e+000	  3.0639508e-003	 -1.6067782e+002	  2.9940096e+002	  1.5701001e+002	
  8.7646484e+000	  1.7301177e-003	 -1.5878692e+002	  7.8991809e+002	  1.6010768e+002	
  8.7890625e+000	  8.8765399e-004	 -1.5645595e+002	  7.2849939e+002	  1.5710366e+002	
  8.8134766e+000	  4.8201296e-003	 -1.5337315e+002	  1.4036337e+002	  1.5433293e+002	
  8.8378906e+000	  4.1476275e-003	 -1.5604363e+002	  2.7790524e+003	  1.5386371e+002	
  8.8623047e+000	  6.8597412e-003	 -1.5807006e+002	  5.9232631e+003	  1.5093723e+002	
  8.8867188e+000	  3.3495086e-003	 -1.6117141e+002	  3.7959002e+003	  1.4803189e+002	
  8.9111328e+000	  3.3942060e-003	 -1.5807937e+002	  4.4304264e+002	  1.4512090e+002	
  8.9355469e+000	  5.3805931e-003	 -1.6111251e+002	  7.1068460e+002	  1.4792817e+002	
  8.9599609e+000	  1.9103779e-003	 -1.6417124e+002	  1.2306198e+003	  1.4506063e+002	
  8.9843750e+000	  1.8032655e-003	 -1.6390805e+002	  5.2756279e+002	  1.4197990e+002	
  9.0087891e+000	  1.9086270e-003	 -1.6079778e+002	  7.2473739e+001	  1.4259251e+002	
  9.0332031e+000	  2.3944399e-003	 -1.5878481e+002	  3.9578627e+002	  1.4523922e+002	
  9.0576172e+000	  1.1517527e-003	 -1.6185303e+002	  4.3839042e+002	  1.4212548e+002	
  9.0820313e+000	  1.6459120e-003	 -1.6342937e+002	  1.2941224e+002	  1.4499477e+002	
  9.1064453e+000	  8.9539280e-003	 -1.6629638e+002	  1.6203235e+002	  1.4571106e+002	
  9.1308594e+000	  1.3880709e-003	 -1.6902782e+002	  3.0349420e+002	  1.4859619e+002	
  9.1552734e+000	  2.9987264e-003	 -1.7045913e+002	  2.5626191e+002	  1.5159716e+002	
  9.1796875e+000	  1.5235656e-003	 -1.7216331e+002	  1.3548162e+002	  1.5399081e+002	
  9.2041016e+000	  4.5184813e-003	 -1.7504926e+002	  1.1523020e+002	  1.5585950e+002	
  9.2285156e+000	  3.5929575e-003	 -1.7772490e+002	  2.2238836e+002	  1.5809784e+002	
  9.2529297e+000	  5.5506869e-003	 -1.7883091e+002	  2.4558310e+002	  1.6094959e+002	
  9.2773438e+000	  1.7700356e-003	 -1.8172091e+002	  1.3598739e+002	  1.6360465e+002	
  9.3017578e+000	  2.9446110e-003	 -1.7892908e+002	  1.1248089e+002	  1.6508267e+002	
  9.3261719e+000	  3.5599633e-003	 -1.7812654e+002	  3.3326349e+002	  1.6756421e+002	
  9.3505859e+000	  2.1972973e-003	 -1.7948386e+002	  3.3312023e+002	  1.7070327e+002	
  9.3750000e+000	  3.4132409e-003	 -1.8213846e+002	  1.0651541e+002	  1.7315796e+002	
  9.3994141e+000	  7.1006163e-003	 -1.8466858e+002	  3.6742106e+002	  1.7405970e+002	
  9.4238281e+000	  6.4829290e-003	 -1.8664965e+002	  7.7614868e+002	  1.7093348e+002	
  9.4482422e+000	  1.3307851e-003	 -1.8919668e+002	  6.2976230e+002	  1.6788316e+002	
  9.4726563e+000	  1.7324008e-003	 -1.8942052e+002	  4.8269836e+001	  1.6781871e+002	
  9.4970703e+000	  4.6431254e-003	 -1.8875988e+002	  2.9665418e+003	  1.6483830e+002	
  9.5214844e+000	  1.0908574e-002	 -1.8573835e+002	  5.5291203e+003	  1.6190979e+002	
  9.5458984e+000	  1.7371905e-003	 -1.8273464e+002	  3.0893266e+003	  1.5901128e+002	
  9.5703125e+000	  2.8262911e-003	 -1.8076046e+002	  2.6003598e+002	  1.5597471e+002	
  9.5947266e+000	  4.1398140e-003	 -1.8366773e+002	  8.3512355e+002	  1.5888401e+002	
  9.6191406e+000	  5.9734087e-003	 -1.8669281e+002	  1.2323108e+003	  1.5599880e+002	
  9.6435547e+000	  3.8335139e-003	 -1.8871458e+002	  4.8671126e+002	  1.5294414e+002	
  9.6679688e+000	  1.4672815e-003	 -1.9086385e+002	  9.3086509e+001	  1.5312872e+002	
  9.6923828e+000	  3.8686941e-003	 -1.8858380e+002	  4.2192832e+002	  1.5623637e+002	
  9.7167969e+000	  3.2610703e-003	 -1.8620809e+002	  4.4510026e+002	  1.5315202e+002	
  9.7412109e+000	  2.8205181e-003	 -1.8409774e+002	  1.6481730e+002	  1.5586166e+002	
  9.7656250e+000	  5.3523406e-003	 -1.8680900e+002	  1.5035320e+002	  1.5719461e+002	
  9.7900391e+000	  9.7013070e-004	 -1.8884933e+002	  2.7396002e+002	  1.5969236e+002	
  9.8144531e+000	  4.5220417e-003	 -1.9104350e+002	  2.5803847e+002	  1.6253233e+002	
  9.8388672e+000	  2.6415048e-003	 -1.9413825e+002	  1.3737651e+002	  1.6483617e+002	
  9.8632813e+000	  6.1776680e-003	 -1.9719139e+002	  1.5549507e+002	  1.6665738e+002	
  9.8876953e+000	  2.2838730e-003	 -1.9977015e+002	  2.4123469e+002	  1.6913551e+002	
  9.9121094e+000	  5.7139638e-003	 -2.0057085e+002	  2.1951414e+002	  1.7192820e+002	
  9.9365234e+000	  4.9948751e-003	 -1.9980408e+002	  1.0676329e+002	  1.7425655e+002	
  9.9609375e+000	  3.4172053e-003	 -2.0266774e+002	  1.3098337e+002	  1.7586116e+002	
  9.9853516e+000	  9.4850720e-004	 -2.0314273e+002	  3.0835874e+002	  1.7842450e+002	
  1.0009766e+001	  5.5360965e-003	 -2.0500207e+002	  3.0000105e+002	  1.8155643e+002	
  1.0034180e+001	  4.5105591e-003	 -2.0489972e+002	  1.0755093e+002	  1.8403713e+002	
  1.0058594e+001	  3.8764438e-003	 -2.0700014e+002	  3.9833472e+002	  1.8504678e+002	
  1.0083008e+001	  3.9154797e-003	 -2.0703930e+002	  7.9499436e+002	  1.8196900e+002	
  1.0107422e+001	  2.4958623e-003	 -2.0927701e+002	  6.2746441e+002	  1.7890663e+002	
  1.0131836e+001	  6.0249039e-003	 -2.1186502e+002	  1.8366273e+002	  1.7883903e+002	
  1.0156250e+001	  3.1761059e-003	 -2.1443534e+002	  3.1351368e+003	  1.7581446e+002	
  1.0180664e+001	  5.7069429e-004	 -2.1695310e+002	  5.1611677e+003	  1.7287645e+002	
  1.0205078e+001	  9.8061375e-004	 -2.1853288e+002	  2.5243877e+003	  1.6997401e+002	
  1.0229492e+001	  7.7386705e-003	 -2.1544370e+002	  2.2128646e+002	  1.7292730e+002	
  1.0253906e+001	  4.1037194e-003	 -2.1836024e+002	  9.9638157e+002	  1.6987718e+002	
  1.0278320e+001	  4.6965455e-003	 -2.2021583e+002	  1.2214792e+003	  1.6695880e+002	
  1.0302734e+001	  1.9122904e-003	 -2.2275962e+002	  4.1474867e+002	  1.7003806e+002	
  1.0327148e+001	  2.0967924e-003	 -2.2050011e+002	  1.6589275e+002	  1.7082274e+002	
  1.0351563e+001	  5.4743761e-003	 -2.1834849e+002	  4.4481051e+002	  1.7355696e+002	
  1.0375977e+001	  2.2399499e-003	 -2.1530685e+002	  4.1236068e+002	  1.7668898e+002	
  1.0400391e+001	  2.8890631e-003	 -2.1814552e+002	  1.1318562e+002	  1.7928194e+002	
  1.0424805e+001	  1.2153224e-003	 -2.1525304e+002	  1.5142448e+002	  1.8031727e+002	
  1.0449219e+001	  3.8360282e-003	 -2.1834551e+002	  2.6099944e+002	  1.8307540e+002	
  1.0473633e+001	  6.2152228e-003	 -2.2126318e+002	  2.1160353e+002	  1.8587883e+002	
  1.0498047e+001	  4.8286907e-003	 -2.1835599e+002	  1.5217062e+002	  1.8822795e+002	
  1.0522461e+001	  4.4269447e-003	 -2.1543207e+002	  1.3999420e+002	  1.9019564e+002	
  1.0546875e+001	  4.5383999e-004	 -2.1352943e+002	  2.3225391e+002	  1.9260487e+002	
  1.0571289e+001	  5.4531543e-003	 -2.1124481e+002	  1.8934029e+002	  1.9530154e+002	
  1.0595703e+001	  2.3063212e-003	 -2.1386425e+002	  1.2799606e+002	  1.9749884e+002	
  1.0620117e+001	  4.0282539e-003	 -2.1589148e+002	  1.6729080e+002	  1.9933281e+002	
  1.0644531e+001	  9.0713415e-004	 -2.1806197e+002	  3.7885487e+002	  2.0203517e+002	
  1.0668945e+001	  3.1768618e-003	 -2.2104716e+002	  3.3945768e+002	  1.9891887e+002	
  1.0693359e+001	  6.1350371e-003	 -2.1848947e+002	  9.0190244e+001	  2.0157324e+002	
  1.0717773e+001	  5.0286257e-003	 -2.1796538e+002	  4.2070587e+002	  2.0219250e+002	
  1.0742188e+001	  2.5708416e-003	 -2.2092366e+002	  7.5301933e+002	  1.9918592e+002	
  1.0766602e+001	  4.6476618e-004	 -2.1856595e+002	  5.3141511e+002	  1.9612151e+002	
  1.0791016e+001	  4.7191080e-003	 -2.1602539e+002	  3.9007659e+002	  1.9604071e+002	
  1.0815430e+001	  6.3423626e-003	 -2.1311248e+002	  3.3095500e+003	  1.9306567e+002	
  1.0839844e+001	  4.5688987e-003	 -2.1091553e+002	  4.7905032e+003	  1.9013633e+002	
  1.0864258e+001	  2.7805071e-003	 -2.1266980e+002	  2.0195107e+003	  1.8723974e+002	
  1.0888672e+001	  4.0235426e-003	 -2.0955244e+002	  2.1090630e+002	  1.9007053e+002	
  1.0913086e+001	  5.1301257e-003	 -2.0654617e+002	  1.1004706e+003	  1.8717363e+002	
  1.0937500e+001	  1.4753862e-003	 -2.0417391e+002	  1.1764147e+003	  1.8421197e+002	
  1.0961914e+001	  6.6800093e-003	 -2.0682583e+002	  3.7896404e+002	  1.8733958e+002	
  1.0986328e+001	  8.1961244e-003	 -2.0856706e+002	  1.2620692e+002	  1.8743701e+002	
  1.1010742e+001	  3.3443854e-003	 -2.1074552e+002	  4.4688231e+002	  1.8430184e+002	
  1.1035156e+001	  3.9086783e-003	 -2.1364734e+002	  3.9762033e+002	  1.8125542e+002	
  1.1059570e+001	  2.9140388e-004	 -2.1437036e+002	  1.1470662e+002	  1.8353210e+002	
  1.1083984e+001	  4.3379628e-003	 -2.1747649e+002	  2.0168065e+002	  1.8520348e+002	
  1.1108398e+001	  4.9554698e-003	 -2.1529889e+002	  2.6879362e+002	  1.8791223e+002	
  1.1132813e+001	  3.4293065e-003	 -2.1841884e+002	  1.9790463e+002	  1.9052375e+002	
  1.1157227e+001	  5.2417998e-003	 -2.2121226e+002	  1.5223158e+002	  1.9264612e+002	
  1.1181641e+001	  4.3314769e-003	 -2.2414962e+002	  1.7856017e+002	  1.9479988e+002	
  1.1206055e+001	  2.5600613e-003	 -2.2107325e+002	  2.3782542e+002	  1.9724197e+002	
  1.1230469e+001	  5.3345947e-003	 -2.2002071e+002	  2.1425956e+002	  1.9985642e+002	
  1.1254883e+001	  8.5290758e-003	 -2.2286820e+002	  1.2061760e+002	  2.0205938e+002	
  1.1279297e+001	  3.8464523e-003	 -2.1985812e+002	  2.1608749e+002	  2.0384053e+002	
  1.1303711e+001	  3.3908533e-003	 -2.1739975e+002	  3.5103114e+002	  2.0678757e+002	
  1.1328125e+001	  1.7534293e-003	 -2.2021442e+002	  2.1453238e+002	  2.0986677e+002	
  1.1352539e+001	  3.6322115e-003	 -2.2082110e+002	  7.7412507e+001	  2.1113830e+002	
  1.1376953e+001	  1.7867094e-003	 -2.2305934e+002	  4.9352418e+002	  2.1316548e+002	
  1.1401367e+001	  1.2021101e-003	 -2.2414966e+002	  7.7485521e+002	  2.1015789e+002	
  1.1425781e+001	  6.0868870e-003	 -2.2710912e+002	  5.0843131e+002	  2.0711659e+002	
  1.1450195e+001	  2.6702909e-003	 -2.2468731e+002	  5.8456799e+002	  2.0698310e+002	
  1.1474609e+001	  4.0413250e-003	 -2.2184804e+002	  3.4577199e+003	  2.0403482e+002	
  1.1499023e+001	  2.3797602e-003	 -2.2129348e+002	  4.4288725e+003	  2.0110676e+002	
  1.1523438e+001	  4.2765280e-003	 -2.2408770e+002	  1.6141423e+003	  1.9821309e+002	
  1.1547852e+001	  4.5974505e-003	 -2.2471962e+002	  2.4751009e+002	  2.0091058e+002	
  1.1572266e+001	  1.7732137e-003	 -2.2779464e+002	  1.2049753e+003	  1.9814906e+002	
  1.1596680e+001	  7.1280051e-004	 -2.2510461e+002	  1.1519624e+003	  1.9520060e+002	
  1.1621094e+001	  8.0261637e-003	 -2.2814072e+002	  2.8880439e+002	  1.9833636e+002	
  1.1645508e+001	  3.4860777e-003	 -2.2542594e+002	  2.3625804e+002	  1.9857072e+002	
  1.1669922e+001	  3.4841833e-003	 -2.2285579e+002	  5.0968547e+002	  2.0167209e+002	
  1.1694336e+001	  6.3339156e-003	 -2.1981777e+002	  4.0077766e+002	  1.9853567e+002	
  1.1718750e+001	  6.1737490e-003	 -2.2279017e+002	  1.1763698e+002	  2.0088787e+002	
  1.1743164e+001	  1.3928093e-003	 -2.2484303e+002	  1.7836443e+002	  2.0213036e+002	
  1.1767578e+001	  5.8201514e-003	 -2.2592621e+002	  3.0852773e+002	  2.0499751e+002	
  1.1791992e+001	  3.4517055e-003	 -2.2826012e+002	  2.1065162e+002	  2.0798866e+002	
  1.1816406e+001	  9.0590885e-004	 -2.2990101e+002	  7.5672956e+001	  2.1009299e+002	
  1.1840820e+001	  5.6213591e-004	 -2.3292908e+002	  1.5741404e+002	  2.1155121e+002	
  1.1865234e+001	  8.7368338e-003	 -2.2981064e+002	  2.7464280e+002	  2.1430321e+002	
  1.1889648e+001	  1.4983395e-003	 -2.3277876e+002	  2.3579490e+002	  2.1709156e+002	
  1.1914063e+001	  3.9212858e-003	 -2.2977153e+002	  1.4552014e+002	  2.1951665e+002	
  1.1938477e+001	  4.4004481e-003	 -2.2771425e+002	  1.8193981e+002	  2.2109907e+002	
  1.1962891e+001	  4.8658066e-003	 -2.2489913e+002	  3.5266000e+002	  2.2394507e+002	
  1.1987305e+001	  5.1656834e-003	 -2.2482009e+002	  2.4270865e+002	  2.2703367e+002	
  1.2011719e+001	  4.3822037e-003	 -2.2727672e+002	  7.2724010e+001	  2.2851829e+002	
  1.2036133e+001	  2.8666735e-003	 -2.3020345e+002	  5.1713841e+002	  2.3045334e+002	
  1.2060547e+001	  6.5238163e-003	 -2.2754103e+002	  7.3245809e+002	  2.2743978e+002	
  1.2084961e+001	  4.0475540e-004	 -2.2475698e+002	  4.2214879e+002	  2.3057293e+002	
  1.2109375e+001	  8.3378757e-003	 -2.2776591e+002	  7.3337068e+002	  2.3056476e+002	
  1.2133789e+001	  5.9423838e-003	 -2.3032199e+002	  3.4548099e+003	  2.2756718e+002	
  1.2158203e+001	  5.0956564e-003	 -2.3258041e+002	  3.9435906e+003	  2.2463567e+002	
  1.2182617e+001	  4.4069322e-003	 -2.3467507e+002	  1.1867472e+003	  2.2172331e+002	
  1.2207031e+001	  3.8841471e-003	 -2.3711951e+002	  2.9645563e+002	  2.2424107e+002	
  1.2231445e+001	  1.7758241e-003	 -2.3961730e+002	  1.2452097e+003	  2.2164389e+002	
  1.2255859e+001	  4.0114350e-003	 -2.4206327e+002	  1.0666964e+003	  2.1866956e+002	
  1.2280273e+001	  2.1590940e-003	 -2.3905311e+002	  2.4574155e+002	  2.2165927e+002	
  1.2304688e+001	  3.4930291e-003	 -2.3653940e+002	  2.5879758e+002	  2.2209792e+002	
  1.2329102e+001	  3.4626719e-003	 -2.3902317e+002	  5.0995361e+002	  2.2515340e+002	
  1.2353516e+001	  7.9514986e-003	 -2.4129844e+002	  3.4804194e+002	  2.2827568e+002	
  1.2377930e+001	  1.2793899e-003	 -2.3844710e+002	  9.4504367e+001	  2.3004980e+002	
  1.2402344e+001	  2.2101753e-003	 -2.3633998e+002	  2.3379366e+002	  2.3200233e+002	
  1.2426758e+001	  3.7134813e-003	 -2.3903713e+002	  2.8650557e+002	  2.3493526e+002	
  1.2451172e+001	  2.6244165e-003	 -2.3858448e+002	  1.7396693e+002	  2.3747410e+002	
  1.2475586e+001	  7.1426805e-003	 -2.4156150e+002	  1.5516975e+002	  2.3975168e+002	
  1.2500000e+001	  2.9821573e-003	 -2.3885642e+002	  1.2730037e+002	  2.4174851e+002	
  1.2524414e+001	  5.8208053e-003	 -2.3681406e+002	  2.1434509e+002	  2.4421517e+002	
  1.2548828e+001	  4.8713838e-003	 -2.3431053e+002	  1.3763227e+002	  2.4691530e+002	
  1.2573242e+001	  3.2659353e-003	 -2.3128905e+002	  1.4168750e+002	  2.4855720e+002	
  1.2597656e+001	  2.8903873e-003	 -2.2910995e+002	  2.7259598e+002	  2.5093176e+002	
  1.2622070e+001	  1.5650852e-003	 -2.3167090e+002	  3.6673795e+002	  2.5383829e+002	
  1.2646484e+001	  1.9421784e-004	 -2.2899577e+002	  2.0625639e+002	  2.5680088e+002	
  1.2670898e+001	  6.6515705e-003	 -2.3206249e+002	  1.0966922e+002	  2.5764862e+002	
  1.2695313e+001	  3.5260132e-003	 -2.2902545e+002	  5.8918332e+002	  2.6021930e+002	
  1.2719727e+001	  6.5597269e-003	 -2.2778722e+002	  7.3328603e+002	  2.5719199e+002	
  1.2744141e+001	  1.8706366e-003	 -2.2477526e+002	  3.9843460e+002	  2.6028932e+002	
  1.2768555e+001	  3.9925967e-003	 -2.2402199e+002	  9.1078057e+002	  2.6035878e+002	
  1.2792969e+001	  2.4652533e-003	 -2.2119687e+002	  3.5495834e+003	  2.5738967e+002	
  1.2817383e+001	  5.9068677e-003	 -2.1806166e+002	  3.5824547e+003	  2.5448041e+002	
  1.2841797e+001	  7.1294974e-004	 -2.2113905e+002	  9.0955674e+002	  2.5162949e+002	
  1.2866211e+001	  3.0108537e-003	 -2.2361925e+002	  4.1192579e+002	  2.5429891e+002	
  1.2890625e+001	  4.8864386e-003	 -2.2635418e+002	  1.3624584e+003	  2.5151169e+002	
  1.2915039e+001	  5.3700370e-003	 -2.2504236e+002	  9.9241521e+002	  2.4853349e+002	
  1.2939453e+001	  2.3879100e-003	 -2.2816651e+002	  1.3501344e+002	  2.5148779e+002	
  1.2963867e+001	  2.7248713e-003	 -2.3068697e+002	  3.3800371e+002	  2.5184116e+002	
  1.2988281e+001	  5.2687685e-003	 -2.3296707e+002	  5.4365099e+002	  2.5497339e+002	
  1.3012695e+001	  3.2670058e-003	 -2.3567345e+002	  3.3435289e+002	  2.5811437e+002	
  1.3037109e+001	  5.9649040e-004	 -2.3756662e+002	  8.4490943e+001	  2.5980769e+002	
  1.3061523e+001	  5.6741394e-003	 -2.3958989e+002	  2.1775559e+002	  2.6179340e+002	
  1.3085938e+001	  4.4340499e-003	 -2.4074030e+002	  2.8400845e+002	  2.6465893e+002	
  1.3110352e+001	  4.1389077e-003	 -2.4139169e+002	  2.0332265e+002	  2.6730453e+002	
  1.3134766e+001	  2.8482166e-003	 -2.4315414e+002	  1.4806182e+002	  2.6942072e+002	
  1.3159180e+001	  9.6998670e-003	 -2.4601864e+002	  1.9637642e+002	  2.7143346e+002	
  1.3183594e+001	  5.9568877e-003	 -2.4295091e+002	  2.4960787e+002	  2.7402879e+002	
  1.3208008e+001	  9.6117503e-004	 -2.4592159e+002	  1.5924108e+002	  2.7668968e+002	
  1.3232422e+001	  7.8509705e-003	 -2.4839179e+002	  1.1398184e+002	  2.7843269e+002	
  1.3256836e+001	  6.2403003e-003	 -2.4964623e+002	  2.7308353e+002	  2.8051560e+002	
  1.3281250e+001	  1.7235035e-003	 -2.5269010e+002	  3.9449599e+002	  2.8350021e+002	
  1.3305664e+001	  4.3883418e-003	 -2.5020203e+002	  2.1050417e+002	  2.8640238e+002	
  1.3330078e+001	  6.2820255e-003	 -2.5205237e+002	  1.5839132e+002	  2.8742334e+002	
  1.3354492e+001	  1.7755960e-003	 -2.4907999e+002	  6.0974112e+002	  2.9007152e+002	
  1.3378906e+001	  2.3593550e-003	 -2.4631114e+002	  6.9998000e+002	  2.8704824e+002	
  1.3403320e+001	  3.6355959e-003	 -2.4661493e+002	  3.2862316e+002	  2.9014265e+002	
  1.3427734e+001	  4.4452167e-003	 -2.4917921e+002	  1.0974644e+003	  2.9019933e+002	
  1.3452148e+001	  3.4545732e-003	 -2.5120097e+002	  3.5741592e+003	  2.8721957e+002	
  1.3476563e+001	  7.1388604e-003	 -2.5308566e+002	  3.2211154e+003	  2.8430058e+002	
  1.3500977e+001	  1.5520707e-003	 -2.5559764e+002	  6.7426720e+002	  2.8141855e+002	
  1.3525391e+001	  3.0125685e-003	 -2.5791622e+002	  5.3239090e+002	  2.8414361e+002	
  1.3549805e+001	  4.9757059e-003	 -2.5552280e+002	  1.4434689e+003	  2.8133914e+002	
  1.3574219e+001	  5.6887750e-003	 -2.5299568e+002	  9.5808765e+002	  2.7834247e+002	
  1.3598633e+001	  6.8901895e-003	 -2.4991704e+002	  1.4247764e+002	  2.8135429e+002	
  1.3623047e+001	  1.6188305e-003	 -2.5303598e+002	  3.0660044e+002	  2.8161495e+002	
  1.3647461e+001	  2.9055125e-003	 -2.5602107e+002	  4.9917347e+002	  2.7854696e+002	
  1.3671875e+001	  5.3410672e-003	 -2.5817388e+002	  2.4684662e+002	  2.8166255e+002	
  1.3696289e+001	  3.1493419e-003	 -2.5877044e+002	  1.1569824e+002	  2.8268817e+002	
  1.3720703e+001	  6.5581169e-003	 -2.6164203e+002	  2.4685123e+002	  2.8524856e+002	
  1.3745117e+001	  4.9825073e-003	 -2.6462738e+002	  2.7351237e+002	  2.8811356e+002	
  1.3769531e+001	  5.1202979e-003	 -2.6725729e+002	  1.7715346e+002	  2.9072687e+002	
  1.3793945e+001	  3.3396452e-003	 -2.6744096e+002	  1.2176132e+002	  2.9259851e+002	
  1.3818359e+001	  6.1509169e-003	 -2.7024903e+002	  2.2710209e+002	  2.9472490e+002	
  1.3842773e+001	  4.3059961e-003	 -2.7292592e+002	  2.8082071e+002	  2.9743768e+002	
  1.3867188e+001	  5.1657007e-003	 -2.7383917e+002	  1.7133965e+002	  3.0012101e+002	
  1.3891602e+001	  3.9491802e-003	 -2.7664389e+002	  1.4627051e+002	  3.0167950e+002	
  1.3916016e+001	  7.8958205e-003	 -2.7414489e+002	  3.1914911e+002	  3.0419069e+002	
  1.3940430e+001	  4.7724992e-003	 -2.7145001e+002	  3.4037468e+002	  3.0724404e+002	
  1.3964844e+001	  2.7290796e-003	 -2.6911596e+002	  1.3491655e+002	  3.1018491e+002	
  1.3989258e+001	  1.7388697e-003	 -2.6655377e+002	  1.6701257e+002	  3.1040883e+002	
  1.4013672e+001	  6.5027975e-003	 -2.6341423e+002	  6.4030958e+002	  3.1350032e+002	
  1.4038086e+001	  2.0761629e-003	 -2.6638695e+002	  6.6596281e+002	  3.1053786e+002	
  1.4062500e+001	  3.0476949e-003	 -2.6555583e+002	  2.2488682e+002	  3.1352179e+002	
  1.4086914e+001	  2.3480993e-003	 -2.6805033e+002	  1.2981837e+003	  3.1375911e+002	
  1.4111328e+001	  3.0420397e-003	 -2.7091421e+002	  3.5475440e+003	  3.1075747e+002	
  1.4135742e+001	  4.8551713e-003	 -2.6831123e+002	  2.8359237e+003	  3.0783286e+002	
  1.4160156e+001	  8.1885376e-003	 -2.6605919e+002	  4.6007103e+002	  3.0486036e+002	
  1.4184570e+001	  2.0383175e-003	 -2.6885893e+002	  6.8457386e+002	  3.0762228e+002	
  1.4208984e+001	  3.9951252e-003	 -2.7052966e+002	  1.5463358e+003	  3.0487749e+002	
  1.4233398e+001	  3.9896215e-003	 -2.7279387e+002	  8.7560784e+002	  3.0194730e+002	
  1.4257813e+001	  3.8383496e-003	 -2.7561894e+002	  2.6792147e+001	  3.0352007e+002	
  1.4282227e+001	  3.4701565e-003	 -2.7810681e+002	  3.9097532e+002	  3.0524395e+002	
  1.4306641e+001	  6.3847250e-003	 -2.7892707e+002	  5.2330281e+002	  3.0834604e+002	
  1.4331055e+001	  4.8857409e-003	 -2.8120065e+002	  2.5312253e+002	  3.1141531e+002	
  1.4355469e+001	  3.8552102e-003	 -2.8362747e+002	  1.1313013e+002	  3.1230623e+002	
  1.4379883e+001	  6.2220628e-003	 -2.8667829e+002	  2.7043807e+002	  3.1520623e+002	
  1.4404297e+001	  2.7419518e-003	 -2.8401061e+002	  2.0519405e+002	  3.1824064e+002	
  1.4428711e+001	  6.1836554e-003	 -2.8148047e+002	  1.3488234e+002	  3.2024848e+002	
  1.4453125e+001	  6.1951800e-003	 -2.7990340e+002	  1.2316011e+002	  3.2244167e+002	
  1.4477539e+001	  6.6109086e-003	 -2.7723772e+002	  2.2836628e+002	  3.2461217e+002	
  1.4501953e+001	  5.6248571e-003	 -2.7654113e+002	  2.2025871e+002	  3.2727820e+002	
  1.4526367e+001	  6.5058057e-003	 -2.7439447e+002	  2.4298294e+002	  3.2946402e+002	
  1.4550781e+001	  6.4637795e-003	 -2.7257043e+002	  2.0741428e+002	  3.3209306e+002	
  1.4575195e+001	  3.8921914e-003	 -2.6965083e+002	  3.1179669e+002	  3.3386393e+002	
  1.4599609e+001	  2.1129661e-003	 -2.7208817e+002	  4.0282141e+002	  3.3699095e+002	
  1.4624023e+001	  1.5319525e-003	 -2.7471080e+002	  1.3435929e+002	  3.4009672e+002	
  1.4648438e+001	  5.0511300e-003	 -2.7761600e+002	  1.9790421e+002	  3.4012279e+002	
  1.4672852e+001	  5.6144438e-003	 -2.8027565e+002	  6.2741845e+002	  3.4322289e+002	
  1.4697266e+001	  6.5728704e-003	 -2.8299596e+002	  6.7515379e+002	  3.4027620e+002	
  1.4721680e+001	  4.1559420e-003	 -2.8566283e+002	  2.4948282e+002	  3.3742130e+002	
  1.4746094e+001	  3.1742690e-003	 -2.8774965e+002	  1.4784710e+003	  3.3722533e+002	
  1.4770508e+001	  2.2938600e-003	 -2.8873663e+002	  3.5150374e+003	  3.3430116e+002	
  1.4794922e+001	  4.5349409e-003	 -2.8584533e+002	  2.4677862e+003	  3.3136972e+002	
  1.4819336e+001	  4.0012492e-003	 -2.8341838e+002	  3.8490016e+002	  3.3447248e+002	
  1.4843750e+001	  5.0689589e-004	 -2.8055208e+002	  7.8507604e+002	  3.3748115e+002	
  1.4868164e+001	  5.2909501e-003	 -2.8317365e+002	  1.4036150e+003	  3.3466547e+002	
  1.4892578e+001	  3.3768541e-003	 -2.8290559e+002	  7.3935828e+002	  3.3169820e+002	
  1.4916992e+001	  5.4386756e-003	 -2.8504044e+002	  4.1478567e+001	  3.3020790e+002	
  1.4941406e+001	  4.8214209e-003	 -2.8728761e+002	  4.4927712e+002	  3.2860862e+002	
  1.4965820e+001	  2.3842319e-003	 -2.9022947e+002	  5.6726179e+002	  3.2559930e+002	
  1.4990234e+001	  1.0847962e-003	 -2.9255739e+002	  2.9047288e+002	  3.2840985e+002	
  1.5014648e+001	  4.0726107e-003	 -2.9510900e+002	  1.3513120e+002	  3.3030397e+002	
  1.5039063e+001	  1.1315065e-002	 -2.9198354e+002	  2.4057668e+002	  3.3204478e+002	
  1.5063477e+001	  3.7190317e-003	 -2.9503298e+002	  2.8786410e+002	  3.3505093e+002	
  1.5087891e+001	  4.1456850e-003	 -2.9451376e+002	  1.2082345e+002	  3.3773688e+002	
  1.5112305e+001	  8.5308950e-003	 -2.9729860e+002	  1.0959908e+002	  3.3932573e+002	
  1.5136719e+001	  5.1044935e-003	 -3.0009874e+002	  1.4801943e+002	  3.4157991e+002	
  1.5161133e+001	  4.1909366e-003	 -2.9744372e+002	  1.8278427e+002	  3.4403276e+002	
  1.5185547e+001	  6.6482689e-003	 -2.9464789e+002	  1.4844175e+002	  3.4653412e+002	
  1.5209961e+001	  2.5147794e-003	 -2.9760504e+002	  1.5615596e+002	  3.4871701e+002	
  1.5234375e+001	  1.8826365e-003	 -2.9987941e+002	  2.8281078e+002	  3.5117604e+002	
  1.5258789e+001	  1.3734635e-003	 -3.0240126e+002	  3.1650363e+002	  3.5423862e+002	
  1.5283203e+001	  2.0498833e-003	 -3.0082184e+002	  1.5170342e+002	  3.5708739e+002	
  1.5307617e+001	  1.5395383e-003	 -2.9844758e+002	  2.2382159e+002	  3.5762161e+002	
  1.5332031e+001	  1.5196008e-003	 -2.9659092e+002	  6.7079281e+002	  3.6067513e+002	
  1.5356445e+001	  2.6917361e-003	 -2.9860182e+002	  6.0660926e+002	  3.5763569e+002	
  1.5380859e+001	  5.2781132e-003	 -3.0131187e+002	  8.7561480e+001	  3.6065758e+002	
  1.5405273e+001	  6.8237101e-003	 -3.0432498e+002	  1.6324172e+003	  3.6079995e+002	
  1.5429688e+001	  9.3894965e-004	 -3.0125619e+002	  3.3973312e+003	  3.5783925e+002	
  1.5454102e+001	  4.4688978e-003	 -3.0056834e+002	  2.1034761e+003	  3.5493102e+002	
  1.5478516e+001	  1.1367968e-003	 -3.0062244e+002	  2.4025918e+002	  3.5188573e+002	
  1.5502930e+001	  4.3811906e-003	 -2.9792994e+002	  9.0433482e+002	  3.5483104e+002	
  1.5527344e+001	  7.0341299e-003	 -2.9565905e+002	  1.4928533e+003	  3.5195946e+002	
  1.5551758e+001	  5.6914927e-003	 -2.9256053e+002	  6.7920008e+002	  3.4899605e+002	
  1.5576172e+001	  6.4661787e-003	 -2.9129923e+002	  1.1397213e+002	  3.4870004e+002	
  1.5600586e+001	  5.3106179e-003	 -2.9405866e+002	  5.2268565e+002	  3.4580997e+002	
  1.5625000e+001	  2.9128934e-003	 -2.9657342e+002	  5.5305100e+002	  3.4275325e+002	
  1.5649414e+001	  6.5672742e-003	 -2.9939499e+002	  2.0455688e+002	  3.4553578e+002	
  1.5673828e+001	  2.6659655e-003	 -3.0185125e+002	  1.4509764e+002	  3.4674430e+002	
  1.5698242e+001	  4.5451851e-003	 -3.0418058e+002	  2.7782924e+002	  3.4928984e+002	
  1.5722656e+001	  3.4371834e-003	 -3.0669992e+002	  2.3139733e+002	  3.5229017e+002	
  1.5747070e+001	  8.0625059e-003	 -3.0940302e+002	  9.1450315e+001	  3.5448197e+002	
  1.5771484e+001	  1.6623982e-003	 -3.1235914e+002	  1.3268545e+002	  3.5631126e+002	
  1.5795898e+001	  1.5024704e-003	 -3.0988597e+002	  2.0406755e+002	  3.5891676e+002	
  1.5820313e+001	  5.5617373e-003	 -3.0678491e+002	  1.8700987e+002	  3.6155700e+002	
  1.5844727e+001	  2.5155981e-003	 -3.0375238e+002	  1.5878597e+002	  3.6381456e+002	
  1.5869141e+001	  3.6762616e-003	 -3.0084901e+002	  1.6943567e+002	  3.6607892e+002	
  1.5893555e+001	  3.0339534e-003	 -3.0342950e+002	  2.8384106e+002	  3.6839911e+002	
  1.5917969e+001	  3.3486304e-003	 -3.0648614e+002	  2.8216770e+002	  3.7134407e+002	
  1.5942383e+001	  7.1800299e-003	 -3.0359364e+002	  1.3557581e+002	  3.7377233e+002	
  1.5966797e+001	  9.2513169e-003	 -3.0645120e+002	  2.8802022e+002	  3.7480258e+002	
  1.5991211e+001	  1.4102849e-003	 -3.0916908e+002	  6.9954544e+002	  3.7785723e+002	
  1.6015625e+001	  2.0821110e-003	 -3.0974841e+002	  5.6469003e+002	  3.7481198e+002	
  1.6040039e+001	  4.0722578e-003	 -3.1208754e+002	  3.2427226e+001	  3.7523656e+002	
  1.6064453e+001	  1.2807982e-003	 -3.0985059e+002	  1.7985747e+003	  3.7803576e+002	
  1.6088867e+001	  3.6139054e-003	 -3.0754046e+002	  3.2546243e+003	  3.7508162e+002	
  1.6113281e+001	  7.7449743e-003	 -3.1055444e+002	  1.7596359e+003	  3.7217722e+002	
  1.6137695e+001	  4.2841907e-003	 -3.0861957e+002	  2.2088804e+002	  3.7527710e+002	
  1.6162109e+001	  1.9108289e-003	 -3.0865409e+002	  1.0352639e+003	  3.7840511e+002	
  1.6186523e+001	  1.1391245e-002	 -3.0569135e+002	  1.4230491e+003	  3.7549263e+002	
  1.6210938e+001	  3.6317916e-003	 -3.0255752e+002	  5.1672005e+002	  3.7248899e+002	
  1.6235352e+001	  4.5382210e-003	 -3.0024471e+002	  1.9860388e+002	  3.7253905e+002	
  1.6259766e+001	  2.6790847e-003	 -3.0180199e+002	  5.1984856e+002	  3.6940401e+002	
  1.6284180e+001	  5.0611072e-003	 -3.0447665e+002	  4.8554214e+002	  3.6629069e+002	
  1.6308594e+001	  1.8684321e-003	 -3.0688594e+002	  1.7462123e+002	  3.6898348e+002	
  1.6333008e+001	  6.5047822e-004	 -3.0923396e+002	  1.2971289e+002	  3.7020068e+002	
  1.6357422e+001	  5.3778042e-003	 -3.1236500e+002	  2.6800795e+002	  3.7284317e+002	
  1.6381836e+001	  1.5531534e-003	 -3.1352259e+002	  2.1005943e+002	  3.7581228e+002	
  1.6406250e+001	  4.7891556e-003	 -3.1627417e+002	  1.1707543e+002	  3.7781287e+002	
  1.6430664e+001	  4.9451075e-003	 -3.1379307e+002	  1.4840109e+002	  3.8000964e+002	
  1.6455078e+001	  1.9662758e-003	 -3.1210052e+002	  1.9329820e+002	  3.8239191e+002	
  1.6479492e+001	  2.5151941e-003	 -3.0935301e+002	  1.8680107e+002	  3.8498833e+002	
  1.6503906e+001	  1.7307136e-003	 -3.0631700e+002	  1.3465569e+002	  3.8724224e+002	
  1.6528320e+001	  3.5258002e-003	 -3.0479520e+002	  1.5906608e+002	  3.8917964e+002	
  1.6552734e+001	  3.3033567e-003	 -3.0170921e+002	  3.1913875e+002	  3.9170785e+002	
  1.6577148e+001	  7.3278241e-003	 -3.0484356e+002	  2.8927616e+002	  3.9476955e+002	
  1.6601563e+001	  4.8102958e-003	 -3.0767017e+002	  9.6220293e+001	  3.9715298e+002	
  1.6625977e+001	  2.0934839e-003	 -3.0457336e+002	  3.4803857e+002	  3.9822125e+002	
  1.6650391e+001	  2.4557437e-003	 -3.0693540e+002	  6.8513028e+002	  3.9511606e+002	
  1.6674805e+001	  7.2004471e-003	 -3.0950099e+002	  4.9702971e+002	  3.9207750e+002	
  1.6699219e+001	  6.2368099e-003	 -3.0659887e+002	  1.3936267e+002	  3.9201954e+002	
  1.6723633e+001	  6.0269125e-003	 -3.0348990e+002	  1.9451258e+003	  3.8899179e+002	
  1.6748047e+001	  5.4498340e-003	 -3.0430137e+002	  3.1250358e+003	  3.8605018e+002	
  1.6772461e+001	  3.4202584e-004	 -3.0167331e+002	  1.4844349e+003	  3.8316892e+002	
  1.6796875e+001	  6.2906226e-003	 -2.9906890e+002	  2.3908759e+002	  3.8622342e+002	
  1.6821289e+001	  6.7885737e-003	 -3.0217644e+002	  1.1828961e+003	  3.8311531e+002	
  1.6845703e+001	  7.6592873e-003	 -2.9971944e+002	  1.4096269e+003	  3.8018241e+002	
  1.6870117e+001	  4.7043145e-003	 -2.9737552e+002	  4.4956815e+002	  3.7714827e+002	
  1.6894531e+001	  5.7265454e-003	 -2.9968619e+002	  2.2574056e+002	  3.7729438e+002	
  1.6918945e+001	  5.9715877e-003	 -3.0187415e+002	  5.3891177e+002	  3.8040544e+002	
  1.6943359e+001	  4.5257786e-003	 -3.0183515e+002	  4.7142377e+002	  3.7726757e+002	
  1.6967773e+001	  5.4205802e-003	 -3.0424908e+002	  1.6626223e+002	  3.7975162e+002	
  1.6992188e+001	  3.2673970e-003	 -3.0648511e+002	  1.6521627e+002	  3.8119587e+002	
  1.7016602e+001	  4.3263803e-003	 -3.0843710e+002	  2.8605007e+002	  3.8382044e+002	
  1.7041016e+001	  6.7060786e-004	 -3.0579989e+002	  2.2217685e+002	  3.8667509e+002	
  1.7065430e+001	  3.8669635e-003	 -3.0307983e+002	  1.4164935e+002	  3.8892820e+002	
  1.7089844e+001	  1.7606218e-003	 -3.0597005e+002	  1.2980484e+002	  3.9099429e+002	
  1.7114258e+001	  2.3229638e-003	 -3.0761992e+002	  2.2080211e+002	  3.9324315e+002	
  1.7138672e+001	  4.4704460e-003	 -3.0464387e+002	  2.2997190e+002	  3.9604108e+002	
  1.7163086e+001	  1.8556530e-003	 -3.0172559e+002	  1.2191133e+002	  3.9853818e+002	
  1.7187500e+001	  5.5840450e-003	 -2.9866534e+002	  1.5399393e+002	  3.9991002e+002	
  1.7211914e+001	  1.5012505e-003	 -2.9565882e+002	  3.6369392e+002	  4.0262525e+002	
  1.7236328e+001	  5.0671823e-003	 -2.9252222e+002	  3.2709214e+002	  4.0571282e+002	
  1.7260742e+001	  2.6613179e-003	 -2.9527785e+002	  9.5181646e+001	  4.0821742e+002	
  1.7285156e+001	  5.7067024e-003	 -2.9801713e+002	  3.8478115e+002	  4.0914912e+002	
  1.7309570e+001	  1.7980757e-003	 -3.0078628e+002	  6.8731304e+002	  4.0608471e+002	
  1.7333984e+001	  4.5582717e-003	 -3.0125934e+002	  4.6239288e+002	  4.0301557e+002	
  1.7358398e+001	  4.0358427e-003	 -3.0401852e+002	  2.6294735e+002	  4.0304952e+002	
  1.7382813e+001	  5.2543432e-003	 -3.0582242e+002	  2.1035995e+003	  3.9998755e+002	
  1.7407227e+001	  3.5622890e-003	 -3.0865431e+002	  2.9741894e+003	  3.9704855e+002	
  1.7431641e+001	  4.9434977e-003	 -3.0759830e+002	  1.2105966e+003	  3.9417197e+002	
  1.7456055e+001	  4.2344361e-003	 -3.0499524e+002	  2.9004036e+002	  3.9690597e+002	
  1.7480469e+001	  8.6054273e-004	 -3.0808286e+002	  1.3393019e+003	  3.9404650e+002	
  1.7504883e+001	  4.2310827e-003	 -3.1103835e+002	  1.3937410e+003	  3.9113610e+002	
  1.7529297e+001	  5.8339455e-003	 -3.1022119e+002	  3.9029013e+002	  3.8817624e+002	
  1.7553711e+001	  6.8259787e-003	 -3.1295197e+002	  2.3617197e+002	  3.8795246e+002	
  1.7578125e+001	  6.4783918e-003	 -3.1544413e+002	  5.4885361e+002	  3.8494087e+002	
  1.7602539e+001	  1.7108066e-003	 -3.1788924e+002	  4.7145101e+002	  3.8185905e+002	
  1.7626953e+001	  6.9913507e-004	 -3.2090245e+002	  1.5666117e+002	  3.8432830e+002	
  1.7651367e+001	  4.0467130e-003	 -3.2391422e+002	  1.7595847e+002	  3.8583177e+002	
  1.7675781e+001	  3.9116453e-003	 -3.2087714e+002	  2.5439912e+002	  3.8861638e+002	
  1.7700195e+001	  6.0001897e-003	 -3.1931401e+002	  1.2726694e+002	  3.9139204e+002	
  1.7724609e+001	  1.3949863e-003	 -3.2239982e+002	  1.1976604e+002	  3.9284028e+002	
  1.7749023e+001	  1.2284596e-003	 -3.1944874e+002	  1.7321930e+002	  3.9523751e+002	
  1.7773438e+001	  3.5080750e-003	 -3.2223061e+002	  2.2987332e+002	  3.9775952e+002	
  1.7797852e+001	  1.2141196e-003	 -3.1924733e+002	  2.0544892e+002	  4.0041954e+002	
  1.7822266e+001	  3.4487428e-003	 -3.1706979e+002	  1.3747109e+002	  4.0290046e+002	
  1.7846680e+001	  1.6797275e-003	 -3.1453839e+002	  1.4653026e+002	  4.0452412e+002	
  1.7871094e+001	  4.0303530e-003	 -3.1237376e+002	  3.1523111e+002	  4.0728788e+002	
  1.7895508e+001	  4.8680986e-003	 -3.0971928e+002	  2.2885266e+002	  4.1034625e+002	
  1.7919922e+001	  3.2817891e-003	 -3.0701147e+002	  9.9847400e+001	  4.1204808e+002	
  1.7944336e+001	  2.0725376e-003	 -3.0413465e+002	  4.2649217e+002	  4.1391060e+002	
  1.7968750e+001	  5.8342585e-003	 -3.0659608e+002	  6.6945780e+002	  4.1079717e+002	
  1.7993164e+001	  5.6034978e-003	 -3.0934058e+002	  4.1500945e+002	  4.0773855e+002	
  1.8017578e+001	  1.8134728e-003	 -3.0666333e+002	  3.8808499e+002	  4.0753709e+002	
  1.8041992e+001	  3.2529265e-003	 -3.0516712e+002	  2.2322015e+003	  4.0463204e+002	
  1.8066406e+001	  1.1416161e-003	 -3.0232878e+002	  2.7977580e+003	  4.0171198e+002	
  1.8090820e+001	  4.7535736e-003	 -3.0516631e+002	  9.4752416e+002	  3.9884242e+002	
  1.8115234e+001	  3.5308342e-003	 -3.0716814e+002	  3.2468378e+002	  4.0157094e+002	
  1.8139648e+001	  3.0593742e-003	 -3.0829898e+002	  1.4257711e+003	  3.9875203e+002	
  1.8164063e+001	  9.9511761e-003	 -3.1074288e+002	  1.3422961e+003	  3.9580795e+002	
  1.8188477e+001	  6.1081058e-003	 -3.1365000e+002	  3.2813105e+002	  3.9276229e+002	
  1.8212891e+001	  4.4948049e-003	 -3.1626355e+002	  2.8393686e+002	  3.9281050e+002	
  1.8237305e+001	  7.1269973e-003	 -3.1879710e+002	  5.8350348e+002	  3.8972849e+002	
  1.8261719e+001	  3.5047442e-003	 -3.2157380e+002	  4.2808558e+002	  3.9286390e+002	
  1.8286133e+001	  9.3261910e-004	 -3.2139703e+002	  1.4558955e+002	  3.9495303e+002	
  1.8310547e+001	  1.0111410e-002	 -3.2388752e+002	  1.9929728e+002	  3.9670066e+002	
  1.8334961e+001	  9.8327475e-003	 -3.2643688e+002	  3.0418700e+002	  3.9942902e+002	
  1.8359375e+001	  7.8997316e-005	 -3.2912734e+002	  2.0402433e+002	  4.0240018e+002	
  1.8383789e+001	  2.2456646e-003	 -3.2842818e+002	  7.4126227e+001	  4.0425511e+002	
  1.8408203e+001	  2.4062752e-003	 -3.2599946e+002	  1.4712490e+002	  4.0618670e+002	
  1.8432617e+001	  5.3192255e-003	 -3.2343211e+002	  2.0348127e+002	  4.0876179e+002	
  1.8457031e+001	  8.4480608e-003	 -3.2628239e+002	  1.7946396e+002	  4.1137834e+002	
  1.8481445e+001	  2.5262083e-003	 -3.2933070e+002	  1.2853476e+002	  4.1366128e+002	
  1.8505859e+001	  4.2638245e-003	 -3.2651942e+002	  1.7672571e+002	  4.1551364e+002	
  1.8530273e+001	  1.6454860e-003	 -3.2350670e+002	  3.1607268e+002	  4.1827757e+002	
  1.8554688e+001	  5.3659592e-003	 -3.2663495e+002	  2.4156010e+002	  4.2125589e+002	
  1.8579102e+001	  3.4734916e-003	 -3.2581345e+002	  9.5167046e+001	  4.2305239e+002	
  1.8603516e+001	  1.7442645e-003	 -3.2820960e+002	  4.6965991e+002	  4.2484264e+002	
  1.8627930e+001	  3.9184926e-003	 -3.3065257e+002	  6.8551126e+002	  4.2178010e+002	
  1.8652344e+001	  4.2987114e-003	 -3.2780010e+002	  3.8557651e+002	  4.1869674e+002	
  1.8676758e+001	  2.0559452e-003	 -3.2817301e+002	  4.8247917e+002	  4.1854795e+002	
  1.8701172e+001	  2.5864944e-003	 -3.3061839e+002	  2.2689503e+003	  4.1559798e+002	
  1.8725586e+001	  3.9030053e-003	 -3.3213590e+002	  2.5545189e+003	  4.1268400e+002	
  1.8750000e+001	  5.4677592e-003	 -3.3462508e+002	  7.3697847e+002	  4.0985025e+002	
  1.8774414e+001	  6.3777776e-003	 -3.3720521e+002	  4.2755764e+002	  4.1256943e+002	
  1.8798828e+001	  3.0843526e-003	 -3.3487217e+002	  1.5392273e+003	  4.0972737e+002	
  1.8823242e+001	  3.4407932e-003	 -3.3224116e+002	  1.2614193e+003	  4.0677457e+002	
  1.8847656e+001	  1.0463065e-003	 -3.2958477e+002	  2.1741391e+002	  4.0364791e+002	
  1.8872070e+001	  5.1854714e-003	 -3.2733988e+002	  3.4292378e+002	  4.0374803e+002	
  1.8896484e+001	  4.3157261e-003	 -3.2491859e+002	  5.9685287e+002	  4.0061309e+002	
  1.8920898e+001	  3.3642625e-003	 -3.2275517e+002	  3.9626696e+002	  4.0368745e+002	
  1.8945313e+001	  1.1756166e-003	 -3.1999319e+002	  1.3953297e+002	  4.0565342e+002	
  1.8969727e+001	  3.4605978e-003	 -3.2296482e+002	  2.1996818e+002	  4.0746165e+002	
  1.8994141e+001	  6.3279540e-003	 -3.2580928e+002	  3.2230314e+002	  4.1030841e+002	
  1.9018555e+001	  2.0731361e-003	 -3.2785263e+002	  2.3205578e+002	  4.1317730e+002	
  1.9042969e+001	  5.3725553e-003	 -3.2944161e+002	  1.1095974e+002	  4.1550836e+002	
  1.9067383e+001	  3.0823035e-003	 -3.3217795e+002	  1.4806739e+002	  4.1704915e+002	
  1.9091797e+001	  4.2962364e-003	 -3.2904066e+002	  2.2698319e+002	  4.1968869e+002	
  1.9116211e+001	  5.5539080e-003	 -3.2590669e+002	  1.8095289e+002	  4.2229163e+002	
  1.9140625e+001	  3.6069106e-003	 -3.2394448e+002	  1.2837046e+002	  4.2452637e+002	
  1.9165039e+001	  9.2998936e-003	 -3.2092498e+002	  2.0500263e+002	  4.2629098e+002	
  1.9189453e+001	  4.3425299e-003	 -3.2391571e+002	  3.4309470e+002	  4.2915507e+002	
  1.9213867e+001	  5.1674347e-003	 -3.2658224e+002	  2.2908136e+002	  4.3203901e+002	
  1.9238281e+001	  6.4779356e-003	 -3.2927767e+002	  1.5000906e+002	  4.3342469e+002	
  1.9262695e+001	  4.1155879e-003	 -3.3188043e+002	  5.7377267e+002	  4.3581281e+002	
  1.9287109e+001	  6.9561930e-003	 -3.3242493e+002	  7.0246429e+002	  4.3273393e+002	
  1.9311523e+001	  3.8723021e-003	 -3.3429790e+002	  3.3713754e+002	  4.3583998e+002	
  1.9335938e+001	  8.0511141e-004	 -3.3527923e+002	  6.2128353e+002	  4.3592681e+002	
  1.9360352e+001	  3.7317865e-003	 -3.3719554e+002	  2.3456596e+003	  4.3289414e+002	
  1.9384766e+001	  5.4641793e-003	 -3.3463450e+002	  2.3398597e+003	  4.2996420e+002	
  1.9409180e+001	  5.8576640e-003	 -3.3774458e+002	  5.5776788e+002	  4.2711397e+002	
  1.9433594e+001	  1.8469906e-003	 -3.4004958e+002	  5.3059501e+002	  4.2981709e+002	
  1.9458008e+001	  3.6515720e-003	 -3.4169729e+002	  1.5859919e+003	  4.2698656e+002	
  1.9482422e+001	  2.6797521e-003	 -3.4361598e+002	  1.1468177e+003	  4.2403933e+002	
  1.9506836e+001	  1.8617419e-003	 -3.4338304e+002	  1.3036098e+002	  4.2101540e+002	
  1.9531250e+001	  1.0267853e-003	 -3.4572931e+002	  3.5925470e+002	  4.2095256e+002	
  1.9555664e+001	  1.5181722e-003	 -3.4872722e+002	  5.4624016e+002	  4.1787409e+002	
  1.9580078e+001	  4.7198103e-003	 -3.5162855e+002	  3.0469318e+002	  4.2096489e+002	
  1.9604492e+001	  4.5404067e-004	 -3.4878185e+002	  1.1011065e+002	  4.2242325e+002	
  1.9628906e+001	  2.4228264e-003	 -3.4709906e+002	  2.4165019e+002	  4.2463610e+002	
  1.9653320e+001	  3.9614040e-003	 -3.4999763e+002	  2.9578609e+002	  4.2757240e+002	
  1.9677734e+001	  2.1219944e-003	 -3.5281375e+002	  1.6514238e+002	  4.3023547e+002	
  1.9702148e+001	  2.6776330e-003	 -3.5085216e+002	  1.1293876e+002	  4.3205369e+002	
  1.9726563e+001	  5.4942997e-003	 -3.4888468e+002	  1.8075466e+002	  4.3423925e+002	
  1.9750977e+001	  6.2402879e-003	 -3.4657979e+002	  2.1667212e+002	  4.3695625e+002	
  1.9775391e+001	  3.0658965e-003	 -3.4441616e+002	  1.5230413e+002	  4.3966907e+002	
  1.9799805e+001	  3.2825998e-003	 -3.4178669e+002	  7.3397122e+001	  4.4176118e+002	
  1.9824219e+001	  8.8337447e-003	 -3.4461880e+002	  2.0609660e+002	  4.4334917e+002	
  1.9848633e+001	  2.4598781e-003	 -3.4689468e+002	  3.3158969e+002	  4.4639159e+002	
  1.9873047e+001	  3.3405665e-003	 -3.4720419e+002	  1.8659789e+002	  4.4928629e+002	
  1.9897461e+001	  8.0721060e-003	 -3.4957781e+002	  1.6353469e+002	  4.5023824e+002	
  1.9921875e+001	  4.7506077e-003	 -3.5237584e+002	  5.9379764e+002	  4.5297256e+002	
  1.9946289e+001	  2.9185814e-003	 -3.4989003e+002	  6.6429945e+002	  4.4993141e+002	
  1.9970703e+001	  8.8618503e-003	 -3.4725773e+002	  2.8631284e+002	  4.5305181e+002	
  1.9995117e+001	  6.5160231e-003	 -3.4435670e+002	  7.4765693e+002	  4.5313727e+002	
  2.0019531e+001	  7.4973016e-003	 -3.4239688e+002	  2.3731913e+003	  4.5013729e+002	
  2.0043945e+001	  4.0046785e-003	 -3.4053506e+002	  2.0989834e+003	  4.4721780e+002	
  2.0068359e+001	  5.1093634e-003	 -3.3794706e+002	  4.3192743e+002	  4.4438510e+002	
  2.0092773e+001	  6.6014650e-004	 -3.3512301e+002	  6.9658242e+002	  4.4713388e+002	
  2.0117188e+001	  1.3701288e-003	 -3.3457373e+002	  1.7165707e+003	  4.4424191e+002	
  2.0141602e+001	  4.1318628e-003	 -3.3146621e+002	  1.1237346e+003	  4.4126409e+002	
  2.0166016e+001	  3.0596052e-003	 -3.3333137e+002	  1.0295370e+002	  4.4432855e+002	
  2.0190430e+001	  6.8812067e-003	 -3.3534876e+002	  3.8603191e+002	  4.4452578e+002	
  2.0214844e+001	  3.9704035e-003	 -3.3660506e+002	  5.6393072e+002	  4.4147350e+002	
  2.0239258e+001	  3.1298432e-003	 -3.3789286e+002	  2.9723097e+002	  4.4457645e+002	
  2.0263672e+001	  6.1508222e-003	 -3.4048486e+002	  9.5107832e+001	  4.4608369e+002	
  2.0288086e+001	  2.7016595e-003	 -3.4353521e+002	  2.2006418e+002	  4.4808668e+002	
  2.0312500e+001	  3.0530121e-003	 -3.4119582e+002	  2.8195433e+002	  4.5101085e+002	
  2.0336914e+001	  6.7973261e-003	 -3.4420765e+002	  1.5284284e+002	  4.5359148e+002	
  2.0361328e+001	  4.8701527e-003	 -3.4699647e+002	  1.2272722e+002	  4.5545394e+002	
  2.0385742e+001	  4.9114362e-003	 -3.4972675e+002	  1.7418449e+002	  4.5765019e+002	
  2.0410156e+001	  9.6310407e-004	 -3.5227641e+002	  2.1720525e+002	  4.6039501e+002	
  2.0434570e+001	  2.6131976e-003	 -3.4927201e+002	  1.2901001e+002	  4.6313068e+002	
  2.0458984e+001	  2.2732681e-003	 -3.4713739e+002	  1.0453777e+002	  4.6473703e+002	
  2.0483398e+001	  5.8708121e-003	 -3.4412273e+002	  2.4959199e+002	  4.6701812e+002	
  2.0507813e+001	  2.3379362e-003	 -3.4460681e+002	  3.2495623e+002	  4.7003044e+002	
  2.0532227e+001	  3.6403082e-003	 -3.4687324e+002	  1.7444208e+002	  4.7294499e+002	
  2.0556641e+001	  5.2214940e-003	 -3.4885690e+002	  1.6283623e+002	  4.7364947e+002	
  2.0581055e+001	  6.2481519e-003	 -3.5073847e+002	  6.2048911e+002	  4.7652981e+002	
  2.0605469e+001	  7.6398120e-003	 -3.5362305e+002	  6.5555930e+002	  4.7350660e+002	
  2.0629883e+001	  6.7168748e-003	 -3.5660985e+002	  2.3107799e+002	  4.7656184e+002	
  2.0654297e+001	  5.0021276e-003	 -3.5731309e+002	  8.7192198e+002	  4.7669021e+002	
  2.0678711e+001	  5.0223050e-003	 -3.5965038e+002	  2.3803676e+003	  4.7367912e+002	
  2.0703125e+001	  3.9151576e-003	 -3.6237792e+002	  1.8639892e+003	  4.7077485e+002	
  2.0727539e+001	  3.6240259e-003	 -3.6310493e+002	  3.2684549e+002	  4.6799193e+002	
  2.0751953e+001	  7.5067368e-003	 -3.6574081e+002	  8.6834104e+002	  4.7068618e+002	
  2.0776367e+001	  7.8318618e-003	 -3.6844341e+002	  1.7914150e+003	  4.6778713e+002	
  2.0800781e+001	  4.0523075e-003	 -3.6540549e+002	  9.9919812e+002	  4.6483161e+002	
  2.0825195e+001	  6.1184588e-003	 -3.6249950e+002	  2.6426243e+001	  4.6421256e+002	
  2.0849609e+001	  5.1682182e-003	 -3.6477877e+002	  4.7388867e+002	  4.6168757e+002	
  2.0874023e+001	  6.0680715e-003	 -3.6555000e+002	  6.0427202e+002	  4.5864012e+002	
  2.0898438e+001	  1.8304695e-003	 -3.6821291e+002	  2.9472205e+002	  4.6176559e+002	
  2.0922852e+001	  5.5523017e-003	 -3.6561926e+002	  3.9560417e+001	  4.6279403e+002	
  2.0947266e+001	  5.3555454e-003	 -3.6285660e+002	  2.2335874e+002	  4.6501176e+002	
  2.0971680e+001	  4.3595708e-003	 -3.6081251e+002	  2.3776779e+002	  4.6811791e+002	
  2.0996094e+001	  4.9232791e-003	 -3.5891993e+002	  1.2614217e+002	  4.7017885e+002	
  2.1020508e+001	  2.0000554e-003	 -3.5702094e+002	  2.0943286e+002	  4.7229129e+002	
  2.1044922e+001	  6.7518325e-003	 -3.5422022e+002	  2.8300034e+002	  4.7493645e+002	
  2.1069336e+001	  1.5814311e-003	 -3.5193158e+002	  2.6510951e+002	  4.7763804e+002	
  2.1093750e+001	  4.8849172e-003	 -3.4963413e+002	  1.9087674e+002	  4.8012632e+002	
  2.1118164e+001	  1.2989441e-003	 -3.5211797e+002	  1.1612213e+002	  4.8230192e+002	
  2.1142578e+001	  3.0729924e-003	 -3.5386294e+002	  2.3838813e+002	  4.8402719e+002	
  2.1166992e+001	  2.5745476e-003	 -3.5120428e+002	  3.1799075e+002	  4.8702165e+002	
  2.1191406e+001	  3.7027629e-003	 -3.4814825e+002	  1.7270366e+002	  4.8971790e+002	
  2.1215820e+001	  4.7566849e-003	 -3.5079864e+002	  2.2736931e+002	  4.9097445e+002	
  2.1240234e+001	  6.7263626e-003	 -3.4822844e+002	  5.9520171e+002	  4.9383262e+002	
  2.1264648e+001	  4.1789005e-003	 -3.4543223e+002	  5.2469184e+002	  4.9081051e+002	
  2.1289063e+001	  2.8407386e-003	 -3.4630349e+002	  7.1797146e+001	  4.8777150e+002	
  2.1313477e+001	  2.1084672e-003	 -3.4882064e+002	  1.0943478e+003	  4.8759671e+002	
  2.1337891e+001	  2.5833671e-003	 -3.4584266e+002	  2.4519523e+003	  4.8461368e+002	
  2.1362305e+001	  3.5088087e-003	 -3.4461721e+002	  1.6724735e+003	  4.8168926e+002	
  2.1386719e+001	  8.8858250e-004	 -3.4710059e+002	  2.4841466e+002	  4.7858215e+002	
  2.1411133e+001	  4.3843549e-003	 -3.4934778e+002	  9.8997898e+002	  4.8161030e+002	
  2.1435547e+001	  1.8591332e-003	 -3.5234093e+002	  1.7661158e+003	  4.7873058e+002	
  2.1459961e+001	  6.9461446e-003	 -3.5528618e+002	  8.8787120e+002	  4.7573534e+002	
  2.1484375e+001	  2.8001178e-003	 -3.5829375e+002	  4.9511298e+001	  4.7623512e+002	
  2.1508789e+001	  2.2910204e-003	 -3.5589751e+002	  4.6623978e+002	  4.7894916e+002	
  2.1533203e+001	  5.0606037e-003	 -3.5897211e+002	  5.5450100e+002	  4.7593141e+002	
  2.1557617e+001	  5.9327300e-003	 -3.6150062e+002	  1.9405343e+002	  4.7901278e+002	
  2.1582031e+001	  7.9439063e-003	 -3.6308058e+002	  1.3692343e+002	  4.7967862e+002	
  2.1606445e+001	  4.0340032e-003	 -3.6578954e+002	  2.9515331e+002	  4.8251788e+002	
  2.1630859e+001	  5.6357322e-003	 -3.6313207e+002	  2.8120532e+002	  4.8561591e+002	
  2.1655273e+001	  1.6492625e-003	 -3.6620126e+002	  1.2364470e+002	  4.8819629e+002	
  2.1679688e+001	  6.3655724e-003	 -3.6870776e+002	  9.2280640e+001	  4.8964224e+002	
  2.1704102e+001	  4.1604153e-003	 -3.7122989e+002	  2.2627720e+002	  4.9197299e+002	
  2.1728516e+001	  4.3808036e-003	 -3.7302386e+002	  2.4728626e+002	  4.9492935e+002	
  2.1752930e+001	  1.0771234e-003	 -3.7549442e+002	  1.1437080e+002	  4.9747678e+002	
  2.1777344e+001	  2.2226740e-003	 -3.7264121e+002	  1.2800257e+002	  4.9885261e+002	
  2.1801758e+001	  1.8023835e-003	 -3.7509658e+002	  2.9083447e+002	  5.0132773e+002	
  2.1826172e+001	  1.6122592e-003	 -3.7675976e+002	  3.0577620e+002	  5.0430823e+002	
  2.1850586e+001	  4.0335001e-003	 -3.7911113e+002	  1.6231471e+002	  5.0696523e+002	
  2.1875000e+001	  3.1069686e-003	 -3.7742980e+002	  2.1766611e+002	  5.0797873e+002	
  2.1899414e+001	  6.7293041e-003	 -3.7434331e+002	  6.1587164e+002	  5.1097802e+002	
  2.1923828e+001	  1.4079239e-003	 -3.7726287e+002	  5.3902939e+002	  5.0799176e+002	
  2.1948242e+001	  3.2754597e-003	 -3.8007667e+002	  8.7307637e+001	  5.0491551e+002	
  2.1972656e+001	  2.6104384e-003	 -3.7720805e+002	  1.1298394e+003	  5.0484509e+002	
  2.1997070e+001	  4.8106291e-003	 -3.7639487e+002	  2.3527436e+003	  5.0187771e+002	
  2.2021484e+001	  6.8780339e-003	 -3.7416587e+002	  1.4145818e+003	  4.9896922e+002	
  2.2045898e+001	  6.4019738e-003	 -3.7102470e+002	  2.3151575e+002	  5.0195190e+002	
  2.2070313e+001	  5.9159724e-003	 -3.7336027e+002	  1.2002411e+003	  4.9887383e+002	
  2.2094727e+001	  3.9817298e-003	 -3.7588424e+002	  1.8130903e+003	  4.9599491e+002	
  2.2119141e+001	  3.5598781e-003	 -3.7871105e+002	  7.9174899e+002	  4.9302324e+002	
  2.2143555e+001	  1.8964972e-003	 -3.8108666e+002	  9.2449881e+001	  4.9306708e+002	
  2.2167969e+001	  4.4865574e-003	 -3.8415310e+002	  4.6838837e+002	  4.9614172e+002	
  2.2192383e+001	  6.0728281e-003	 -3.8173645e+002	  5.3504614e+002	  4.9309857e+002	
  2.2216797e+001	  5.2324777e-003	 -3.7912627e+002	  1.9684701e+002	  4.9609841e+002	
  2.2241211e+001	  2.8186087e-003	 -3.7639243e+002	  1.2340361e+002	  4.9671286e+002	
  2.2265625e+001	  5.0270568e-003	 -3.7344437e+002	  2.8007335e+002	  4.9948864e+002	
  2.2290039e+001	  4.8216996e-003	 -3.7448986e+002	  2.3826674e+002	  5.0241905e+002	
  2.2314453e+001	  2.7276974e-003	 -3.7674692e+002	  1.5941911e+002	  5.0485439e+002	
  2.2338867e+001	  3.7838978e-003	 -3.7895123e+002	  1.1118495e+002	  5.0709418e+002	
  2.2363281e+001	  8.1428067e-003	 -3.8157396e+002	  1.7785073e+002	  5.0918313e+002	
  2.2387695e+001	  9.9159071e-003	 -3.8465652e+002	  1.7207599e+002	  5.1197115e+002	
  2.2412109e+001	  7.5740532e-003	 -3.8774037e+002	  8.5255724e+001	  5.1422218e+002	
  2.2436523e+001	  4.7317095e-003	 -3.8476892e+002	  1.2009860e+002	  5.1582026e+002	
  2.2460938e+001	  1.0031212e-002	 -3.8196928e+002	  2.8538850e+002	  5.1847554e+002	
  2.2485352e+001	  8.5311383e-004	 -3.8449521e+002	  2.5734051e+002	  5.2157845e+002	
  2.2509766e+001	  3.2289558e-003	 -3.8559046e+002	  9.3997381e+001	  5.2379341e+002	
  2.2534180e+001	  4.7595650e-003	 -3.8872719e+002	  2.8823801e+002	  5.2512228e+002	
  2.2558594e+001	  4.4920327e-003	 -3.8647492e+002	  6.0459607e+002	  5.2818008e+002	
  2.2583008e+001	  8.6892668e-003	 -3.8938486e+002	  4.2263643e+002	  5.2516206e+002	
  2.2607422e+001	  2.4895897e-003	 -3.8652927e+002	  1.2101574e+002	  5.2510104e+002	
  2.2631836e+001	  6.5559589e-003	 -3.8413501e+002	  1.3678207e+003	  5.2209481e+002	
  2.2656250e+001	  5.1090244e-003	 -3.8233464e+002	  2.3251373e+003	  5.1914249e+002	
  2.2680664e+001	  7.0762018e-003	 -3.8523147e+002	  1.1876426e+003	  5.1625438e+002	
  2.2705078e+001	  5.4978502e-003	 -3.8806196e+002	  2.3437883e+002	  5.1920060e+002	
  2.2729492e+001	  7.2726161e-003	 -3.8744192e+002	  1.3739469e+003	  5.1617126e+002	
  2.2753906e+001	  9.4320455e-004	 -3.8619550e+002	  1.8374002e+003	  5.1325287e+002	
  2.2778320e+001	  6.4587978e-003	 -3.8355145e+002	  7.1827513e+002	  5.1024657e+002	
  2.2802734e+001	  5.3064168e-003	 -3.8617381e+002	  1.5453602e+002	  5.1046691e+002	
  2.2827148e+001	  4.7444984e-003	 -3.8913018e+002	  5.4185831e+002	  5.1350406e+002	
  2.2851563e+001	  2.2435611e-003	 -3.8618462e+002	  5.5443070e+002	  5.1043604e+002	
  2.2875977e+001	  3.9252676e-003	 -3.8822015e+002	  1.9423223e+002	  5.1332387e+002	
  2.2900391e+001	  6.7419444e-003	 -3.9052773e+002	  1.4979632e+002	  5.1421202e+002	
  2.2924805e+001	  5.3883201e-003	 -3.9319518e+002	  3.5486107e+002	  5.1705190e+002	
  2.2949219e+001	  1.5286833e-003	 -3.9616706e+002	  2.8908597e+002	  5.2013407e+002	
  2.2973633e+001	  1.6305330e-003	 -3.9615640e+002	  1.0738774e+002	  5.2236825e+002	
  2.2998047e+001	  7.0875027e-003	 -3.9322433e+002	  1.1137638e+002	  5.2398128e+002	
  2.3022461e+001	  4.7249491e-003	 -3.9127203e+002	  2.0783170e+002	  5.2628374e+002	
  2.3046875e+001	  6.4974365e-003	 -3.8855885e+002	  2.1931504e+002	  5.2911499e+002	
  2.3071289e+001	  4.1843529e-003	 -3.8889985e+002	  1.2022170e+002	  5.3166158e+002	
  2.3095703e+001	  3.0168571e-003	 -3.9159723e+002	  1.2746728e+002	  5.3311592e+002	
  2.3120117e+001	  3.6410198e-003	 -3.9035394e+002	  3.1607583e+002	  5.3579602e+002	
  2.3144531e+001	  1.5122809e-003	 -3.9035194e+002	  2.8117432e+002	  5.3891122e+002	
  2.3168945e+001	  6.2245980e-003	 -3.8737945e+002	  1.1117275e+002	  5.4116295e+002	
  2.3193359e+001	  7.2045249e-003	 -3.8513542e+002	  2.9756781e+002	  5.4251549e+002	
  2.3217773e+001	  3.6533286e-003	 -3.8253051e+002	  5.8814541e+002	  5.4553704e+002	
  2.3242188e+001	  3.2832766e-003	 -3.7983741e+002	  4.2547881e+002	  5.4241786e+002	
  2.3266602e+001	  4.2382977e-003	 -3.7745463e+002	  1.0436120e+002	  5.4268249e+002	
  2.3291016e+001	  5.7000455e-003	 -3.7452989e+002	  1.4133037e+003	  5.4564339e+002	
  2.3315430e+001	  1.9556797e-003	 -3.7179862e+002	  2.2316193e+003	  5.4268213e+002	
  2.3339844e+001	  2.1847414e-003	 -3.7427959e+002	  9.7999118e+002	  5.3980730e+002	
  2.3364258e+001	  6.5118992e-003	 -3.7655389e+002	  2.6801980e+002	  5.4259805e+002	
  2.3388672e+001	  9.6411342e-004	 -3.7829338e+002	  1.5220229e+003	  5.3970473e+002	
  2.3413086e+001	  6.8126500e-003	 -3.7967189e+002	  1.8011366e+003	  5.3677879e+002	
  2.3437500e+001	  2.9841841e-003	 -3.8258160e+002	  6.1290554e+002	  5.3375365e+002	
  2.3461914e+001	  7.6967677e-003	 -3.8566079e+002	  2.0329706e+002	  5.3384669e+002	
  2.3486328e+001	  5.5368296e-003	 -3.8866243e+002	  5.5913581e+002	  5.3698218e+002	
  2.3510742e+001	  1.9695140e-003	 -3.9100980e+002	  4.8005544e+002	  5.3391074e+002	
  2.3535156e+001	  5.3592336e-003	 -3.9311201e+002	  1.2799990e+002	  5.3628803e+002	
  2.3559570e+001	  3.2520047e-003	 -3.9015448e+002	  1.9370575e+002	  5.3767602e+002	
  2.3583984e+001	  3.8066758e-003	 -3.8721350e+002	  3.1872099e+002	  5.4052681e+002	
  2.3608398e+001	  4.5273196e-003	 -3.8632323e+002	  2.2017740e+002	  5.4348358e+002	
  2.3632813e+001	  6.6257038e-003	 -3.8322512e+002	  1.1534229e+002	  5.4542522e+002	
  2.3657227e+001	  6.1564884e-003	 -3.8070997e+002	  1.3980574e+002	  5.4752885e+002	
  2.3681641e+001	  5.0987814e-003	 -3.8382038e+002	  1.9636522e+002	  5.4995404e+002	
  2.3706055e+001	  3.2421067e-003	 -3.8105828e+002	  1.8189984e+002	  5.5269590e+002	
  2.3730469e+001	  4.4444347e-003	 -3.7823357e+002	  9.6766247e+001	  5.5493236e+002	
  2.3754883e+001	  1.7361637e-003	 -3.8106092e+002	  1.6409198e+002	  5.5655379e+002	
  2.3779297e+001	  1.7348859e-003	 -3.8418110e+002	  3.1871770e+002	  5.5931477e+002	
  2.3803711e+001	  9.0318741e-004	 -3.8141203e+002	  2.5980784e+002	  5.6237648e+002	
  2.3828125e+001	  4.2913505e-003	 -3.8419479e+002	  6.9871541e+001	  5.6446503e+002	
  2.3852539e+001	  4.6084120e-003	 -3.8476516e+002	  3.7434158e+002	  5.6582628e+002	
  2.3876953e+001	  4.8609832e-003	 -3.8712281e+002	  6.2380345e+002	  5.6273496e+002	
  2.3901367e+001	  3.3710953e-003	 -3.8489520e+002	  3.9468587e+002	  5.5962286e+002	
  2.3925781e+001	  6.1709532e-003	 -3.8237095e+002	  1.7305262e+002	  5.5980080e+002	
  2.3950195e+001	  4.0744865e-003	 -3.8495023e+002	  1.5079354e+003	  5.6288373e+002	
  2.3974609e+001	  1.1507517e-003	 -3.8659838e+002	  2.1273188e+003	  5.5994380e+002	
  2.3999023e+001	  5.4490711e-003	 -3.8898425e+002	  7.8869925e+002	  5.5715598e+002	
  2.4023438e+001	  5.8544645e-004	 -3.9211720e+002	  3.1581915e+002	  5.5992527e+002	
  2.4047852e+001	  1.6068583e-003	 -3.8988106e+002	  1.6847632e+003	  5.5696788e+002	
  2.4072266e+001	  5.4047549e-003	 -3.8709084e+002	  1.7656221e+003	  5.5404785e+002	
  2.4096680e+001	  7.2001727e-003	 -3.9014583e+002	  4.9805449e+002	  5.5110016e+002	
  2.4121094e+001	  5.2325955e-003	 -3.9126821e+002	  2.7692136e+002	  5.5094594e+002	
  2.4145508e+001	  5.6913712e-003	 -3.9375701e+002	  6.2046644e+002	  5.4791348e+002	
  2.4169922e+001	  5.0302570e-003	 -3.9064448e+002	  5.1154193e+002	  5.4488220e+002	
  2.4194336e+001	  2.0728682e-003	 -3.9279435e+002	  1.2268136e+002	  5.4744262e+002	
  2.4218750e+001	  1.2346029e-003	 -3.9426906e+002	  1.8742236e+002	  5.4868448e+002	
  2.4243164e+001	  8.8280533e-004	 -3.9471129e+002	  2.8882630e+002	  5.5153637e+002	
  2.4267578e+001	  3.3916787e-003	 -3.9692993e+002	  1.9345363e+002	  5.5431044e+002	
  2.4291992e+001	  8.0397282e-003	 -3.9954548e+002	  1.2003507e+002	  5.5629164e+002	
  2.4316406e+001	  4.0674768e-003	 -4.0066297e+002	  1.9313858e+002	  5.5828343e+002	
  2.4340820e+001	  2.4575208e-003	 -4.0219250e+002	  3.0272691e+002	  5.6106650e+002	
  2.4365234e+001	  1.3163294e-003	 -4.0515392e+002	  2.1848101e+002	  5.6394397e+002	
  2.4389648e+001	  9.3313925e-003	 -4.0828436e+002	  9.9144965e+001	  5.6624798e+002	
  2.4414063e+001	  4.5859159e-003	 -4.0514471e+002	  9.3034825e+001	  5.6738061e+002	
  2.4438477e+001	  1.5585345e-003	 -4.0201221e+002	  2.7724841e+002	  5.7008537e+002	
  2.4462891e+001	  4.7732179e-003	 -4.0499708e+002	  2.5220313e+002	  5.7312373e+002	
  2.4487305e+001	  1.7411054e-003	 -4.0662110e+002	  1.3135266e+002	  5.7518501e+002	
  2.4511719e+001	  4.6008021e-003	 -4.0818890e+002	  3.8471375e+002	  5.7691225e+002	
  2.4536133e+001	  4.2822542e-003	 -4.1090299e+002	  6.1693480e+002	  5.8003000e+002	
  2.4560547e+001	  1.9954534e-003	 -4.1094950e+002	  4.0040893e+002	  5.7696781e+002	
  2.4584961e+001	  1.6085860e-003	 -4.1356367e+002	  2.5698821e+002	  5.7680466e+002	
  2.4609375e+001	  1.1115285e-003	 -4.1640882e+002	  1.6362623e+003	  5.7384332e+002	
  2.4633789e+001	  5.3564296e-003	 -4.1936523e+002	  2.0388750e+003	  5.7090213e+002	
  2.4658203e+001	  5.5951337e-003	 -4.2248924e+002	  6.6776755e+002	  5.6800247e+002	
  2.4682617e+001	  6.0403585e-004	 -4.2481031e+002	  5.4509713e+002	  5.7071064e+002	
  2.4707031e+001	  7.1464638e-003	 -4.2714307e+002	  1.8902691e+003	  5.6790255e+002	
  2.4731445e+001	  4.5151992e-003	 -4.3025083e+002	  1.7270927e+003	  5.6495325e+002	
  2.4755859e+001	  1.1223821e-003	 -4.2747100e+002	  4.5164426e+002	  5.6807345e+002	
  2.4780273e+001	  2.8442218e-003	 -4.2567376e+002	  2.6457179e+002	  5.6837419e+002	
  2.4804688e+001	  8.3212499e-003	 -4.2874232e+002	  5.8762163e+002	  5.7146388e+002	
  2.4829102e+001	  2.4980997e-003	 -4.3108024e+002	  4.0903006e+002	  5.6838819e+002	
  2.4853516e+001	  3.2246893e-003	 -4.3327134e+002	  9.7787556e+001	  5.7005319e+002	
  2.4877930e+001	  1.5621706e-003	 -4.3091821e+002	  2.3025889e+002	  5.7185510e+002	
  2.4902344e+001	  4.3693519e-003	 -4.2935774e+002	  3.3520740e+002	  5.7467825e+002	
  2.4926758e+001	  2.9388012e-003	 -4.3184281e+002	  2.4625461e+002	  5.7754310e+002	
  2.4951172e+001	  2.4251563e-003	 -4.3421513e+002	  1.2533213e+002	  5.8001523e+002	
  2.4975586e+001	  3.0377807e-003	 -4.3293992e+002	  1.2588141e+002	  5.8172603e+002	
  2.5000000e+001	  1.9771093e-003	 -4.3039819e+002	  1.9438958e+002	  5.8433623e+002	
