  0.0000000e+000	  6.1705503e+005	  3.0870386e+002	 -2.6705119e-002	
  2.0000000e-002	  6.1969691e+005	  3.0870620e+002	  2.1907847e-001	
  4.3000000e-002	  6.1828791e+005	  3.0870889e+002	  3.7114634e-002	
  6.0000000e-002	  6.2031949e+005	  3.0871088e+002	  1.5444613e-001	
  8.0000000e-002	  6.1999387e+005	  3.0871322e+002	  7.1768855e-002	
  1.0000000e-001	  6.1764280e+005	  3.0871555e+002	  1.4924783e-001	
  1.2300000e-001	  6.1706527e+005	  3.0871824e+002	  2.6607035e-001	
  1.4000000e-001	  6.1476131e+005	  3.0872023e+002	  1.5600200e-001	
  1.6300000e-001	  6.1400151e+005	  3.0872291e+002	  1.2441612e-001	
  1.8000000e-001	  6.1405271e+005	  3.0872489e+002	  1.0494803e-001	
  2.0000000e-001	  6.1758750e+005	  3.0872723e+002	  2.4019053e-001	
  2.2000000e-001	  6.1551701e+005	  3.0872956e+002	  1.9469006e-001	
  2.4000000e-001	  6.1537775e+005	  3.0873189e+002	  7.3485047e-002	
  2.6000000e-001	  6.1383358e+005	  3.0873422e+002	  9.7208592e-002	
  2.8300000e-001	  6.1027626e+005	  3.0873690e+002	  3.2341289e-001	
  2.9900000e-001	  7.1478206e+004	  3.0873877e+002	  1.2968202e-001	
  3.2000000e-001	  7.1834552e+004	  3.0874121e+002	  3.0536809e-001	
  3.4300000e-001	  7.1373759e+004	  3.0874389e+002	  3.6329420e-001	
  3.6000000e-001	  7.0986693e+004	  3.0874586e+002	  3.4137359e-001	
  3.8000000e-001	  7.1914422e+004	  3.0874819e+002	  1.6190718e-001	
  4.0000000e-001	  7.1553980e+004	  3.0875052e+002	  1.3085649e-001	
  4.2000000e-001	  7.1949238e+004	  3.0875284e+002	  3.5751246e-002	
  4.4000000e-001	  7.1549884e+004	  3.0875516e+002	  1.2403222e-001	
  4.5900000e-001	  7.1480253e+004	  3.0875737e+002	  1.5937909e-001	
  4.8000000e-001	  7.1703482e+004	  3.0875981e+002	  1.3651858e-003	
  5.0000000e-001	  7.1576508e+004	  3.0876213e+002	 -1.2401292e-001	
  5.2000000e-001	  7.1408574e+004	  3.0876445e+002	 -3.0759491e-002	
  5.4100000e-001	  7.1336895e+004	  3.0876689e+002	  1.4080555e-001	
  5.6000000e-001	  7.1345087e+004	  3.0876909e+002	  6.4346987e-002	
  5.8100000e-001	  7.2057781e+004	  3.0877152e+002	  1.9146446e-001	
  6.0000000e-001	  7.1564220e+004	  3.0877372e+002	  1.6240256e-001	
  6.2400000e-001	  7.1205826e+004	  3.0877650e+002	  9.4293260e-002	
  6.4000000e-001	  7.1007173e+004	  3.0877835e+002	  1.3669572e-001	
  6.6000000e-001	  7.1326656e+004	  3.0878067e+002	  8.7300413e-002	
  6.8000000e-001	  7.1766969e+004	  3.0878298e+002	 -2.2120868e-002	
  7.0000000e-001	  7.1545788e+004	  3.0878530e+002	  6.3444328e-002	
  7.2000000e-001	  7.1418814e+004	  3.0878761e+002	  4.2487881e-002	
  7.4300000e-001	  7.1445437e+004	  3.0879027e+002	 -6.2789897e-002	
  7.6000000e-001	  7.1541692e+004	  3.0879223e+002	 -1.4803871e-001	
  7.8000000e-001	  7.1826360e+004	  3.0879454e+002	 -1.7988693e-001	
  8.0000000e-001	  7.1588796e+004	  3.0879685e+002	 -7.6745829e-002	
  8.2000000e-001	  7.1986102e+004	  3.0879916e+002	 -7.5644482e-002	
  8.4000000e-001	  7.1648186e+004	  3.0880146e+002	 -2.3799290e-001	
  8.6000000e-001	  7.1877559e+004	  3.0880377e+002	 -1.6050157e-001	
  8.8000000e-001	  7.1615419e+004	  3.0880607e+002	 -3.6110383e-001	
  9.0000000e-001	  7.1928758e+004	  3.0880838e+002	 -3.1441112e-001	
  9.1900000e-001	  7.1191490e+004	  3.0881057e+002	 -9.3429366e-002	
  9.4300000e-001	  7.1609275e+004	  3.0881333e+002	 -7.8683114e-002	
  9.5900000e-001	  7.1898039e+004	  3.0881517e+002	 -1.1802464e-001	
  9.8000000e-001	  7.1934902e+004	  3.0881759e+002	 -3.4877411e-002	
  1.0000000e+000	  7.1562172e+004	  3.0881989e+002	 -1.5248134e-001	
  1.0200000e+000	  7.1613371e+004	  3.0882219e+002	 -2.1575061e-001	
  1.0410000e+000	  7.2010677e+004	  3.0882460e+002	 -4.1572071e-001	
  1.0600000e+000	  7.2078260e+004	  3.0882679e+002	 -3.1630178e-001	
  1.0840000e+000	  7.1984054e+004	  3.0882954e+002	 -3.8597648e-001	
  1.1000000e+000	  6.0801325e+005	  3.0883138e+002	 -1.7815241e-001	
  1.1210000e+000	  6.0878533e+005	  3.0883379e+002	 -4.1336759e-001	
  1.1400000e+000	  6.1627271e+005	  3.0883597e+002	 -2.9716535e-001	
  1.1600000e+000	  6.1261504e+005	  3.0883826e+002	 -2.3707621e-001	
  1.1800000e+000	  6.1799095e+005	  3.0884056e+002	 -4.3937402e-001	
  1.2030000e+000	  6.1888592e+005	  3.0884319e+002	 -9.3458983e-003	
  1.2200000e+000	  6.2051405e+005	  3.0884514e+002	 -2.7536309e-001	
  1.2400000e+000	  6.1321714e+005	  3.0884743e+002	 -2.7822506e-001	
  1.2600000e+000	  6.1271743e+005	  3.0884972e+002	 -2.2458908e-001	
  1.2840000e+000	  6.1329291e+005	  3.0885246e+002	 -1.9446882e-001	
  1.3000000e+000	  6.0947140e+005	  3.0885429e+002	 -2.9128550e-001	
  1.3200000e+000	  6.0975402e+005	  3.0885658e+002	 -4.9181244e-002	
  1.3400000e+000	  6.1225459e+005	  3.0885887e+002	 -5.0363055e-002	
  1.3600000e+000	  6.1181018e+005	  3.0886115e+002	 -2.0290872e-001	
  1.3800000e+000	  6.1133096e+005	  3.0886344e+002	 -1.7412149e-001	
  1.4000000e+000	  6.0875461e+005	  3.0886572e+002	 -8.6909174e-002	
  1.4220000e+000	  6.0931781e+005	  3.0886823e+002	 -3.9250827e-002	
  1.4400000e+000	  6.0808698e+005	  3.0887028e+002	 -1.7272085e-001	
  1.4600000e+000	  6.0603082e+005	  3.0887257e+002	  1.3109328e-002	
  1.4800000e+000	  6.0735585e+005	  3.0887485e+002	 -7.3892889e-002	
  1.5000000e+000	  6.0834297e+005	  3.0887712e+002	 -3.0525885e-002	
  1.5230000e+000	  6.0520549e+005	  3.0887974e+002	  2.3847439e-002	
  1.5410000e+000	  5.9776317e+005	  3.0888179e+002	 -7.8436113e-003	
  1.5600000e+000	  5.9823625e+005	  3.0888396e+002	 -5.2268888e-002	
  1.5810000e+000	  6.0165840e+005	  3.0888635e+002	  6.3247386e-002	
  1.6000000e+000	  6.0071429e+005	  3.0888851e+002	  2.0183000e-002	
  1.6210000e+000	  6.0436991e+005	  3.0889090e+002	  2.3436759e-002	
  1.6400000e+000	  6.0835731e+005	  3.0889305e+002	  1.3779813e-001	
  1.6610000e+000	  6.0933624e+005	  3.0889544e+002	  4.6233173e-002	
  1.6800000e+000	  6.0668617e+005	  3.0889760e+002	  5.8439785e-002	
  1.7040000e+000	  6.0094776e+005	  3.0890032e+002	  2.3975983e-001	
  1.7200000e+000	  6.0301006e+005	  3.0890214e+002	  1.5252992e-001	
  1.7400000e+000	  6.0299778e+005	  3.0890441e+002	  5.1192121e-001	
  1.7600000e+000	  6.1228122e+005	  3.0890668e+002	  2.3865511e-001	
  1.7830000e+000	  6.1744415e+005	  3.0890928e+002	  2.7429059e-001	
  1.8000000e+000	  6.2013108e+005	  3.0891121e+002	  4.0545811e-001	
  1.8200000e+000	  6.1397079e+005	  3.0891347e+002	  2.1122925e-001	
  1.8400000e+000	  6.1377828e+005	  3.0891574e+002	  2.9425042e-001	
  1.8600000e+000	  6.1746053e+005	  3.0891800e+002	  2.5113219e-001	
  1.8830000e+000	  6.1253926e+005	  3.0892060e+002	  2.5643529e-001	
  1.9000000e+000	  7.2367024e+004	  3.0892253e+002	  2.3674351e-001	
  1.9200000e+000	  7.1822264e+004	  3.0892479e+002	  2.9999515e-001	
  1.9400000e+000	  7.1257025e+004	  3.0892705e+002	  1.8496862e-001	
  1.9600000e+000	  7.1515069e+004	  3.0892931e+002	  2.0883641e-001	
  1.9800000e+000	  7.1418814e+004	  3.0893156e+002	  2.4614825e-001	
  2.0000000e+000	  7.2041396e+004	  3.0893382e+002	  2.4035576e-001	
  2.0200000e+000	  7.1580604e+004	  3.0893608e+002	  1.3267835e-001	
  2.0410000e+000	  7.1678906e+004	  3.0893845e+002	  6.5090159e-002	
  2.0630000e+000	  7.1269312e+004	  3.0894093e+002	  3.4151269e-002	
  2.0810000e+000	  7.1291840e+004	  3.0894296e+002	  1.2881323e-001	
  2.1000000e+000	  7.1699386e+004	  3.0894510e+002	 -5.3961304e-002	
  2.1240000e+000	  7.1531452e+004	  3.0894780e+002	 -6.8418212e-002	
  2.1400000e+000	  7.1363519e+004	  3.0894960e+002	  2.9660307e-001	
  2.1610000e+000	  7.1807928e+004	  3.0895196e+002	  8.4247118e-002	
  2.1800000e+000	  7.1209922e+004	  3.0895410e+002	 -1.8120516e-002	
  2.2000000e+000	  7.2121267e+004	  3.0895635e+002	  1.9653447e-002	
  2.2230000e+000	  7.1400382e+004	  3.0895893e+002	  1.0737144e-001	
  2.2400000e+000	  7.1582652e+004	  3.0896084e+002	  6.5524813e-002	
  2.2600000e+000	  7.1695290e+004	  3.0896309e+002	 -7.8080858e-002	
  2.2800000e+000	  7.2135603e+004	  3.0896533e+002	 -1.4397919e-002	
  2.3040000e+000	  7.1672762e+004	  3.0896803e+002	 -9.3594528e-002	
  2.3200000e+000	  7.1549884e+004	  3.0896982e+002	 -3.0286708e-002	
  2.3400000e+000	  7.1410622e+004	  3.0897206e+002	 -1.5689225e-001	
  2.3600000e+000	  7.1734201e+004	  3.0897430e+002	 -1.5707874e-001	
  2.3830000e+000	  7.1549884e+004	  3.0897688e+002	 -9.4701683e-004	
  2.4000000e+000	  7.1740345e+004	  3.0897878e+002	  3.0802865e-002	
  2.4200000e+000	  7.1472061e+004	  3.0898102e+002	 -4.9471930e-001	
  2.4400000e+000	  7.1379903e+004	  3.0898326e+002	 -2.1872921e-001	
  2.4620000e+000	  7.1756729e+004	  3.0898572e+002	 -7.2292293e-002	
  2.4800000e+000	  7.1601084e+004	  3.0898773e+002	 -1.9284884e-001	
  2.5000000e+000	  7.1783352e+004	  3.0898997e+002	 -2.4679898e-001	
  2.5210000e+000	  7.1353279e+004	  3.0899232e+002	 -3.2487662e-001	
  2.5410000e+000	  7.1779257e+004	  3.0899455e+002	 -4.0883005e-001	
  2.5600000e+000	  7.1517117e+004	  3.0899667e+002	 -1.5862396e-001	
  2.5840000e+000	  7.1275456e+004	  3.0899935e+002	 -3.4989518e-001	
  2.6000000e+000	  7.1910327e+004	  3.0900113e+002	 -1.9265336e-001	
  2.6210000e+000	  7.1701434e+004	  3.0900347e+002	 -3.0035442e-001	
  2.6400000e+000	  7.1707578e+004	  3.0900559e+002	 -3.2259218e-001	
  2.6610000e+000	  7.1191490e+004	  3.0900793e+002	 -3.5829002e-001	
  2.6830000e+000	  7.1777209e+004	  3.0901038e+002	 -2.8604656e-001	
  2.7010000e+000	  6.0331521e+005	  3.0901238e+002	 -5.0367275e-001	
  2.7200000e+000	  5.9895713e+005	  3.0901450e+002	 -2.3709414e-001	
  2.7430000e+000	  5.9586265e+005	  3.0901705e+002	 -4.4201184e-001	
  2.7600000e+000	  5.9433896e+005	  3.0901894e+002	 -1.8196604e-001	
  2.7810000e+000	  5.9400514e+005	  3.0902128e+002	 -2.5076626e-001	
  2.8000000e+000	  5.9365699e+005	  3.0902339e+002	 -2.5462336e-001	
  2.8230000e+000	  5.9486529e+005	  3.0902594e+002	 -2.8434507e-001	
  2.8400000e+000	  5.9763824e+005	  3.0902783e+002	 -2.7504019e-001	
  2.8610000e+000	  5.9505575e+005	  3.0903016e+002	 -1.4736782e-001	
  2.8800000e+000	  5.9766077e+005	  3.0903227e+002	 -1.9662867e-001	
  2.9000000e+000	  5.9877282e+005	  3.0903448e+002	 -2.2011269e-001	
  2.9200000e+000	  5.9988077e+005	  3.0903670e+002	 -1.6536062e-001	
  2.9400000e+000	  6.0098872e+005	  3.0903891e+002	 -8.4400072e-002	
  2.9600000e+000	  6.0169936e+005	  3.0904113e+002	 -7.2229871e-002	
  2.9800000e+000	  6.0285442e+005	  3.0904334e+002	 -1.1653930e-001	
  3.0000000e+000	  6.0534065e+005	  3.0904555e+002	  6.0032225e-002	
  3.0230000e+000	  6.0805011e+005	  3.0904810e+002	 -5.6508829e-003	
  3.0410000e+000	  6.1002845e+005	  3.0905009e+002	 -7.0633323e-002	
  3.0600000e+000	  6.0914373e+005	  3.0905219e+002	  2.5415706e-002	
  3.0810000e+000	  6.1031107e+005	  3.0905450e+002	  6.5557266e-003	
  3.1050000e+000	  6.1379057e+005	  3.0905715e+002	 -1.3256174e-001	
  3.1210000e+000	  6.1311269e+005	  3.0905892e+002	  9.5820969e-002	
  3.1400000e+000	  6.1048924e+005	  3.0906101e+002	  1.9837145e-001	
  3.1610000e+000	  6.1344651e+005	  3.0906333e+002	  5.3009969e-002	
  3.1800000e+000	  6.1253107e+005	  3.0906542e+002	  7.4805055e-002	
  3.2010000e+000	  6.1151732e+005	  3.0906774e+002	  5.2508879e-002	
  3.2200000e+000	  6.1254336e+005	  3.0906983e+002	  1.0402655e-001	
  3.2400000e+000	  6.1451760e+005	  3.0907203e+002	  5.3785091e-002	
  3.2600000e+000	  6.1330725e+005	  3.0907423e+002	  1.5014992e-001	
  3.2840000e+000	  6.0954923e+005	  3.0907687e+002	  1.5070515e-001	
  3.3000000e+000	  6.0987690e+005	  3.0907863e+002	  2.6674774e-001	
  3.3200000e+000	  6.1002026e+005	  3.0908083e+002	  3.6839425e-001	
  3.3400000e+000	  6.0630320e+005	  3.0908302e+002	  1.0901583e-001	
  3.3640000e+000	  6.0504370e+005	  3.0908566e+002	  2.5105884e-001	
  3.3800000e+000	  6.0808083e+005	  3.0908741e+002	  3.4001168e-001	
  3.4000000e+000	  6.0491467e+005	  3.0908961e+002	  2.0424502e-001	
  3.4230000e+000	  6.0366541e+005	  3.0909213e+002	  2.5745962e-001	
  3.4400000e+000	  6.0179767e+005	  3.0909399e+002	  4.9916513e-001	
  3.4600000e+000	  6.0225027e+005	  3.0909618e+002	  3.8682680e-001	
  3.4810000e+000	  5.9528512e+005	  3.0909848e+002	  3.4749022e-001	
  3.5000000e+000	  3.5107714e+005	  3.0910056e+002	  3.1355340e-001	
  3.5210000e+000	  7.2029109e+004	  3.0910286e+002	  3.9458800e-001	
  3.5430000e+000	  7.1480253e+004	  3.0910526e+002	  4.3175327e-001	
  3.5600000e+000	  7.2068020e+004	  3.0910712e+002	  4.0302111e-001	
  3.5840000e+000	  7.1668667e+004	  3.0910975e+002	  2.3193491e-001	
  3.6000000e+000	  7.1506877e+004	  3.0911149e+002	  2.6004022e-001	
  3.6210000e+000	  7.1920567e+004	  3.0911379e+002	  3.9459273e-001	
  3.6430000e+000	  7.1519164e+004	  3.0911619e+002	  1.8968387e-001	
  3.6610000e+000	  7.1699386e+004	  3.0911815e+002	  8.1283527e-002	
  3.6800000e+000	  7.1564220e+004	  3.0912022e+002	  2.2939247e-002	
  3.7010000e+000	  7.1924663e+004	  3.0912251e+002	  3.0744791e-001	
  3.7200000e+000	  7.1343040e+004	  3.0912458e+002	  1.9164867e-001	
  3.7410000e+000	  7.1736250e+004	  3.0912687e+002	  1.8033207e-001	
  3.7630000e+000	  7.1797689e+004	  3.0912926e+002	  8.4395981e-002	
  3.7810000e+000	  7.2143795e+004	  3.0913122e+002	  1.0924297e-001	
  3.8000000e+000	  7.1979958e+004	  3.0913328e+002	  6.5655100e-002	
  3.8210000e+000	  7.1470013e+004	  3.0913557e+002	  1.4218956e-001	
  3.8400000e+000	  7.1574460e+004	  3.0913763e+002	 -1.4053968e-001	
  3.8600000e+000	  7.1594939e+004	  3.0913980e+002	 -1.5084195e-001	
  3.8830000e+000	  7.1601084e+004	  3.0914230e+002	 -1.3781758e-002	
  3.9050000e+000	  7.1590844e+004	  3.0914469e+002	  6.8530527e-002	
  3.9200000e+000	  7.1558076e+004	  3.0914631e+002	 -1.2023369e-001	
  3.9400000e+000	  7.1654331e+004	  3.0914848e+002	 -9.4200824e-003	
  3.9630000e+000	  7.1625659e+004	  3.0915097e+002	 -1.7203986e-001	
  3.9810000e+000	  7.1361471e+004	  3.0915292e+002	 -5.9417062e-002	
  4.0000000e+000	  7.1300032e+004	  3.0915498e+002	 -1.3305417e-001	
  4.0200000e+000	  7.1390143e+004	  3.0915714e+002	  4.6388618e-002	
  4.0410000e+000	  7.1560124e+004	  3.0915942e+002	 -7.0298977e-002	
  4.0600000e+000	  7.1883703e+004	  3.0916147e+002	 -4.7396403e-002	
  4.0810000e+000	  7.1465917e+004	  3.0916374e+002	 -2.5012668e-001	
  4.1010000e+000	  7.1494589e+004	  3.0916590e+002	 -9.0604997e-002	
  4.1210000e+000	  7.1529404e+004	  3.0916806e+002	 -2.9062974e-001	
  4.1430000e+000	  7.1670714e+004	  3.0917043e+002	 -3.0353414e-001	
  4.1610000e+000	  7.1857080e+004	  3.0917238e+002	 -4.2840416e-002	
  4.1810000e+000	  7.1969718e+004	  3.0917453e+002	 -1.6253678e-001	
  4.2010000e+000	  7.1386046e+004	  3.0917669e+002	 -3.8564782e-001	
  4.2230000e+000	  7.1406526e+004	  3.0917906e+002	 -2.4225230e-001	
  4.2410000e+000	  7.1666619e+004	  3.0918100e+002	 -8.5862891e-002	
  4.2600000e+000	  7.1218113e+004	  3.0918304e+002	 -2.7725161e-001	
  4.2840000e+000	  7.1670714e+004	  3.0918562e+002	 -2.1202158e-001	
  4.3000000e+000	  7.1791545e+004	  3.0918734e+002	 -2.9018022e-001	
  4.3210000e+000	  5.8924566e+005	  3.0918960e+002	 -3.9900422e-001	
  4.3400000e+000	  5.8980476e+005	  3.0919164e+002	 -3.3773295e-001	
  4.3640000e+000	  5.8407454e+005	  3.0919422e+002	 -1.0154828e-001	
  4.3800000e+000	  5.9087790e+005	  3.0919594e+002	 -1.1294234e-001	
  4.4010000e+000	  5.9512129e+005	  3.0919819e+002	 -3.5262890e-001	
  4.4200000e+000	  5.9143904e+005	  3.0920023e+002	 -2.1275215e-001	
  4.4440000e+000	  5.9464206e+005	  3.0920280e+002	 -1.2446401e-001	
  4.4600000e+000	  5.9711191e+005	  3.0920451e+002	 -4.7460507e-001	
  4.4810000e+000	  5.9484891e+005	  3.0920676e+002	 -5.9407349e-002	
  4.5000000e+000	  5.9780822e+005	  3.0920880e+002	 -6.2289512e-002	
  4.5210000e+000	  5.9815433e+005	  3.0921104e+002	 -7.1082782e-002	
  4.5410000e+000	  5.9467688e+005	  3.0921318e+002	 -1.1557409e-001	
  4.5600000e+000	  5.9355664e+005	  3.0921521e+002	 -1.1077888e-001	
  4.5810000e+000	  5.9630092e+005	  3.0921746e+002	 -1.4148473e-001	
  4.6000000e+000	  5.9415260e+005	  3.0921949e+002	  1.8838652e-002	
  4.6240000e+000	  5.9358326e+005	  3.0922205e+002	  2.2313809e-002	
  4.6410000e+000	  5.8835275e+005	  3.0922386e+002	 -8.3859447e-002	
  4.6610000e+000	  5.8906340e+005	  3.0922600e+002	  9.3509766e-002	
  4.6810000e+000	  5.9063214e+005	  3.0922813e+002	 -2.4023159e-001	
  4.7010000e+000	  5.9085127e+005	  3.0923026e+002	 -7.7374002e-002	
  4.7200000e+000	  5.9471169e+005	  3.0923228e+002	  1.5031649e-001	
  4.7410000e+000	  5.9595686e+005	  3.0923452e+002	 -1.1487193e-001	
  4.7600000e+000	  5.9561894e+005	  3.0923654e+002	 -1.3153980e-001	
  4.7810000e+000	  5.9056660e+005	  3.0923877e+002	  1.2343616e-001	
  4.8000000e+000	  5.8572316e+005	  3.0924079e+002	 -6.6775535e-002	
  4.8210000e+000	  5.8577231e+005	  3.0924302e+002	  1.9700100e-001	
  4.8400000e+000	  5.8522550e+005	  3.0924504e+002	  5.4577033e-002	
  4.8610000e+000	  5.8195080e+005	  3.0924727e+002	  2.9063919e-001	
  4.8800000e+000	  5.8012401e+005	  3.0924929e+002	  1.4295998e-001	
  4.9040000e+000	  5.8330860e+005	  3.0925183e+002	  2.2648361e-001	
  4.9200000e+000	  5.7976767e+005	  3.0925353e+002	  2.7757911e-001	
  4.9410000e+000	  5.7865152e+005	  3.0925575e+002	  2.5605732e-001	
  4.9650000e+000	  5.7694352e+005	  3.0925830e+002	  1.7910537e-001	
  4.9810000e+000	  5.7765826e+005	  3.0925999e+002	  3.0404070e-001	
  5.0030000e+000	  5.7670595e+005	  3.0926232e+002	  2.3202372e-001	
  5.0210000e+000	  5.7791835e+005	  3.0926422e+002	  3.5216662e-001	
  5.0410000e+000	  5.8269012e+005	  3.0926633e+002	  3.2393122e-001	
  5.0610000e+000	  5.7841805e+005	  3.0926845e+002	  2.2796821e-001	
  5.0810000e+000	  5.7572088e+005	  3.0927056e+002	  2.1752448e-001	
  5.1010000e+000	  5.7615505e+005	  3.0927267e+002	  3.3500802e-001	
  5.1210000e+000	  7.1467966e+004	  3.0927478e+002	  3.9982858e-001	
  5.1400000e+000	  7.1355327e+004	  3.0927678e+002	  3.1178775e-001	
  5.1640000e+000	  7.1109571e+004	  3.0927931e+002	  7.6531062e-002	
  5.1800000e+000	  7.1779257e+004	  3.0928100e+002	  1.0590033e-001	
  5.2010000e+000	  7.1814072e+004	  3.0928321e+002	  2.3401631e-001	
  5.2240000e+000	  7.1580604e+004	  3.0928563e+002	  1.7530313e-001	
  5.2410000e+000	  7.1541692e+004	  3.0928742e+002	  2.4461127e-001	
  5.2600000e+000	  7.1781305e+004	  3.0928942e+002	  1.8336006e-001	
  5.2810000e+000	  7.2049589e+004	  3.0929163e+002	  1.3062745e-001	
  5.3010000e+000	  7.1381951e+004	  3.0929373e+002	  2.5245395e-001	
  5.3210000e+000	  7.1510973e+004	  3.0929583e+002	  1.0591802e-001	
  5.3410000e+000	  7.2010677e+004	  3.0929793e+002	  1.5536906e-001	
  5.3610000e+000	  7.1160770e+004	  3.0930002e+002	  7.3492239e-002	
  5.3800000e+000	  7.1390143e+004	  3.0930201e+002	 -5.9249444e-002	
  5.4010000e+000	  7.1885751e+004	  3.0930422e+002	  1.4941706e-001	
  5.4230000e+000	  7.1017412e+004	  3.0930652e+002	  1.1637696e-001	
  5.4410000e+000	  7.1859127e+004	  3.0930840e+002	  3.4282916e-002	
  5.4640000e+000	  7.1396286e+004	  3.0931081e+002	  9.8663340e-003	
  5.4810000e+000	  7.1986102e+004	  3.0931259e+002	  3.3267807e-002	
  5.5040000e+000	  7.1381950e+004	  3.0931499e+002	 -1.3102476e-001	
  5.5210000e+000	  7.1627707e+004	  3.0931677e+002	 -9.6903640e-002	
  5.5410000e+000	  7.1693242e+004	  3.0931886e+002	  2.1662394e-002	
  5.5610000e+000	  7.1646139e+004	  3.0932095e+002	  5.3652884e-002	
  5.5810000e+000	  7.1599036e+004	  3.0932303e+002	 -9.4975920e-002	
  5.6010000e+000	  7.1396287e+004	  3.0932512e+002	 -1.9558926e-001	
  5.6210000e+000	  7.2072116e+004	  3.0932720e+002	 -1.8047299e-001	
  5.6410000e+000	  7.1965622e+004	  3.0932929e+002	 -1.8332601e-001	
  5.6610000e+000	  7.1699386e+004	  3.0933137e+002	 -1.0014078e-001	
  5.6840000e+000	  7.1605179e+004	  3.0933376e+002	  2.0087749e-001	
  5.7010000e+000	  7.1912375e+004	  3.0933553e+002	 -1.4457965e-001	
  5.7210000e+000	  7.1252929e+004	  3.0933761e+002	 -1.5506071e-001	
  5.7410000e+000	  7.1619515e+004	  3.0933969e+002	 -2.5520070e-001	
  5.7640000e+000	  7.1392191e+004	  3.0934208e+002	 -1.8975712e-001	
  5.7810000e+000	  7.1730105e+004	  3.0934384e+002	 -2.4349524e-001	
  5.8010000e+000	  7.1562172e+004	  3.0934592e+002	 -2.0516667e-001	
  5.8210000e+000	  7.2131508e+004	  3.0934799e+002	 -2.4152595e-001	
  5.8410000e+000	  7.1689146e+004	  3.0935006e+002	 -4.9188814e-001	
  5.8610000e+000	  7.1883703e+004	  3.0935214e+002	 -2.5986434e-001	
  5.8810000e+000	  7.1977909e+004	  3.0935421e+002	 -4.7754249e-001	
  5.9010000e+000	  7.1699386e+004	  3.0935628e+002	 -3.0303459e-001	
  5.9210000e+000	  5.9437378e+005	  3.0935835e+002	 -2.9542723e-001	
  5.9410000e+000	  5.9417717e+005	  3.0936042e+002	 -4.2026736e-001	
  5.9600000e+000	  5.9465230e+005	  3.0936238e+002	 -3.7316851e-001	
  5.9850000e+000	  5.9332112e+005	  3.0936496e+002	 -2.2366652e-001	
  6.0000000e+000	  5.9331907e+005	  3.0936651e+002	 -2.1948724e-001	
  6.0210000e+000	  5.9444751e+005	  3.0936868e+002	 -2.2864475e-001	
  6.0410000e+000	  5.9530356e+005	  3.0937074e+002	 -2.1274577e-001	
  6.0610000e+000	  5.9663064e+005	  3.0937280e+002	 -3.8618137e-002	
  6.0820000e+000	  6.0116689e+005	  3.0937497e+002	 -8.1318313e-002	
  6.1040000e+000	  6.0360193e+005	  3.0937723e+002	 -2.3285810e-001	
  6.1210000e+000	  6.0125700e+005	  3.0937898e+002	 -1.5632346e-001	
  6.1440000e+000	  6.0278479e+005	  3.0938135e+002	 -1.1349259e-001	
  6.1610000e+000	  6.0241820e+005	  3.0938309e+002	 -2.1393054e-001	
  6.1810000e+000	  5.9836527e+005	  3.0938515e+002	 -6.9760818e-002	
  6.2010000e+000	  5.9960634e+005	  3.0938720e+002	 -1.4506062e-001	
  6.2200000e+000	  6.0003232e+005	  3.0938916e+002	 -1.3930161e-001	
  6.2420000e+000	  6.0126519e+005	  3.0939141e+002	  1.1321809e-001	
  6.2600000e+000	  6.0191235e+005	  3.0939326e+002	 -1.9774514e-002	
  6.2840000e+000	  5.9879125e+005	  3.0939572e+002	 -3.1443841e-002	
  6.3000000e+000	  5.9976608e+005	  3.0939736e+002	 -3.6890727e-002	
  6.3210000e+000	  5.9645861e+005	  3.0939951e+002	 -1.3432837e-001	
  6.3440000e+000	  5.9497179e+005	  3.0940186e+002	  3.4600747e-002	
  6.3610000e+000	  5.9409321e+005	  3.0940360e+002	  5.4242973e-002	
  6.3810000e+000	  5.9396828e+005	  3.0940565e+002	  1.4662267e-001	
  6.4010000e+000	  5.9283371e+005	  3.0940769e+002	  1.5653470e-001	
  6.4200000e+000	  5.9535066e+005	  3.0940963e+002	  5.6142530e-002	
  6.4440000e+000	  5.9313271e+005	  3.0941208e+002	  9.7517641e-002	
  6.4610000e+000	  5.9252446e+005	  3.0941382e+002	  1.1927832e-001	
  6.4810000e+000	  5.9055022e+005	  3.0941585e+002	  2.3742498e-001	
  6.5000000e+000	  5.9186297e+005	  3.0941779e+002	  8.9715958e-002	
  6.5250000e+000	  5.8944637e+005	  3.0942034e+002	  1.9824742e-002	
  6.5420000e+000	  5.9083898e+005	  3.0942207e+002	  2.5987645e-001	
  6.5610000e+000	  5.9320848e+005	  3.0942400e+002	  1.3802186e-001	
  6.5820000e+000	  5.9019592e+005	  3.0942614e+002	  4.5076457e-001	
  6.6010000e+000	  5.8852888e+005	  3.0942807e+002	  2.7758694e-001	
  6.6210000e+000	  5.9054408e+005	  3.0943010e+002	  1.2163594e-001	
  6.6410000e+000	  5.9198790e+005	  3.0943213e+002	  3.3232640e-001	
  6.6640000e+000	  5.8848177e+005	  3.0943447e+002	  1.9084468e-001	
  6.6810000e+000	  5.8910026e+005	  3.0943619e+002	  2.6615003e-001	
  6.7010000e+000	  5.9158854e+005	  3.0943822e+002	  2.8302924e-001	
  6.7210000e+000	  7.1961526e+004	  3.0944025e+002	  3.3854049e-001	
  6.7410000e+000	  7.1812024e+004	  3.0944227e+002	  4.0515955e-001	
  6.7610000e+000	  7.1381950e+004	  3.0944430e+002	  2.5357374e-001	
  6.7810000e+000	  7.1836600e+004	  3.0944632e+002	  1.5312257e-001	
  6.8010000e+000	  7.1699386e+004	  3.0944834e+002	  3.8033498e-001	
  6.8210000e+000	  7.1572412e+004	  3.0945036e+002	  2.9577309e-001	
  6.8430000e+000	  7.1726009e+004	  3.0945259e+002	  1.6835388e-001	
  6.8610000e+000	  7.1599035e+004	  3.0945440e+002	  1.6836029e-001	
  6.8810000e+000	  7.1400382e+004	  3.0945642e+002	  7.4795480e-002	
  6.9010000e+000	  7.1695290e+004	  3.0945844e+002	  1.2151616e-001	
  6.9210000e+000	  7.1463869e+004	  3.0946045e+002	  4.0882042e-002	
  6.9410000e+000	  7.1109571e+004	  3.0946247e+002	  2.2361751e-002	
  6.9630000e+000	  7.1889847e+004	  3.0946468e+002	  2.0460765e-001	
  6.9810000e+000	  7.1685050e+004	  3.0946650e+002	  1.4876039e-001	
  7.0000000e+000	  7.1648186e+004	  3.0946841e+002	  7.2161541e-002	
  7.0210000e+000	  7.1637947e+004	  3.0947052e+002	  7.3040521e-002	
  7.0420000e+000	  7.1746489e+004	  3.0947263e+002	 -4.7096937e-002	
  7.0610000e+000	  7.1848888e+004	  3.0947454e+002	  2.4014579e-001	
  7.0820000e+000	  7.1777209e+004	  3.0947664e+002	  4.2047988e-002	
  7.1010000e+000	  7.1263169e+004	  3.0947855e+002	 -1.1000016e-001	
  7.1240000e+000	  7.1592891e+004	  3.0948086e+002	  1.0159395e-001	
  7.1410000e+000	  7.1611323e+004	  3.0948256e+002	 -1.0989070e-001	
  7.1610000e+000	  7.1539645e+004	  3.0948456e+002	 -1.5716082e-001	
  7.1810000e+000	  7.1758777e+004	  3.0948656e+002	 -8.7574364e-002	
  7.2010000e+000	  7.1689146e+004	  3.0948856e+002	 -1.2218562e-002	
  7.2210000e+000	  7.1895991e+004	  3.0949056e+002	 -8.2719901e-002	
  7.2410000e+000	  7.1607227e+004	  3.0949256e+002	 -5.0647046e-002	
  7.2610000e+000	  7.1386046e+004	  3.0949456e+002	 -2.8777196e-001	
  7.2810000e+000	  7.1762872e+004	  3.0949656e+002	 -2.0584697e-001	
  7.3010000e+000	  7.1605179e+004	  3.0949855e+002	 -2.6427003e-001	
  7.3240000e+000	  7.1820216e+004	  3.0950084e+002	 -1.7669870e-001	
  7.3410000e+000	  7.1695290e+004	  3.0950254e+002	 -1.0664225e-001	
  7.3610000e+000	  7.1965622e+004	  3.0950453e+002	 -3.7403070e-001	
  7.3800000e+000	  7.1961526e+004	  3.0950642e+002	 -1.9409104e-001	
  7.4040000e+000	  7.1418814e+004	  3.0950881e+002	 -2.0344614e-001	
  7.4200000e+000	  7.1781305e+004	  3.0951040e+002	 -4.3983193e-002	
  7.4410000e+000	  7.1594940e+004	  3.0951249e+002	 -2.1135909e-001	
  7.4600000e+000	  7.1703482e+004	  3.0951437e+002	 -3.1806714e-001	
  7.4840000e+000	  7.1490493e+004	  3.0951676e+002	 -1.8454793e-001	
  7.5010000e+000	  7.1963574e+004	  3.0951844e+002	 -3.3353867e-001	
  7.5210000e+000	  2.2483420e+005	  3.0952043e+002	 -3.6666671e-001	
  7.5420000e+000	  5.9421813e+005	  3.0952251e+002	 -2.2536729e-001	
  7.5610000e+000	  5.8981295e+005	  3.0952439e+002	 -3.3815907e-001	
  7.5840000e+000	  5.9079188e+005	  3.0952667e+002	 -2.4914990e-001	
  7.6010000e+000	  5.9275793e+005	  3.0952835e+002	 -4.0977093e-002	
  7.6220000e+000	  5.9540595e+005	  3.0953042e+002	 -2.9885350e-001	
  7.6410000e+000	  5.9202271e+005	  3.0953230e+002	 -2.7377469e-001	
  7.6650000e+000	  5.9182406e+005	  3.0953467e+002	 -2.4489625e-001	
  7.6810000e+000	  5.9312657e+005	  3.0953625e+002	 -2.3957059e-001	
  7.7020000e+000	  5.9010172e+005	  3.0953832e+002	 -2.2496150e-001	
  7.7210000e+000	  5.9071611e+005	  3.0954020e+002	 -1.4113925e-001	
  7.7410000e+000	  5.9199199e+005	  3.0954217e+002	 -6.7646598e-002	
  7.7610000e+000	  5.9208210e+005	  3.0954414e+002	  4.4731826e-002	
  7.7810000e+000	  5.9003413e+005	  3.0954611e+002	 -9.5729340e-002	
  7.8040000e+000	  5.9174828e+005	  3.0954837e+002	 -1.0353762e-001	
  7.8210000e+000	  5.9226642e+005	  3.0955004e+002	 -3.2637589e-002	
  7.8410000e+000	  5.8892618e+005	  3.0955200e+002	 -1.9952097e-002	
  7.8610000e+000	  5.9052155e+005	  3.0955397e+002	  1.1206792e-002	
  7.8810000e+000	  5.8871729e+005	  3.0955593e+002	 -2.5249701e-003	
  7.9010000e+000	  5.8682292e+005	  3.0955789e+002	  2.2333531e-002	
  7.9210000e+000	  5.8471351e+005	  3.0955985e+002	 -1.4450849e-005	
  7.9440000e+000	  5.8655668e+005	  3.0956211e+002	  8.4034069e-002	
  7.9610000e+000	  5.8538115e+005	  3.0956377e+002	 -1.1109351e-001	
  7.9820000e+000	  5.8376530e+005	  3.0956583e+002	  5.3270517e-002	
  8.0010000e+000	  5.8608770e+005	  3.0956769e+002	  5.3001516e-002	
  8.0210000e+000	  5.8904087e+005	  3.0956964e+002	  2.1525578e-002	
  8.0420000e+000	  5.8490602e+005	  3.0957169e+002	  6.2985284e-002	
  8.0610000e+000	  5.8590338e+005	  3.0957355e+002	  5.4747816e-002	
  8.0820000e+000	  5.8706253e+005	  3.0957560e+002	  1.9346533e-001	
  8.1010000e+000	  5.8664474e+005	  3.0957745e+002	  2.0377984e-001	
  8.1210000e+000	  5.7967346e+005	  3.0957940e+002	 -3.2252760e-002	
  8.1410000e+000	  5.8207982e+005	  3.0958135e+002	  4.0770136e-001	
  8.1610000e+000	  5.8732877e+005	  3.0958330e+002	  1.5297453e-001	
  8.1840000e+000	  5.8580712e+005	  3.0958553e+002	  1.4451769e-001	
  8.2020000e+000	  5.8492240e+005	  3.0958728e+002	  4.5652473e-001	
  8.2210000e+000	  5.8585423e+005	  3.0958913e+002	  3.0736857e-001	
  8.2440000e+000	  5.8798821e+005	  3.0959137e+002	  3.4110661e-001	
  8.2610000e+000	  5.8053156e+005	  3.0959302e+002	  1.7974653e-001	
  8.2820000e+000	  5.8496541e+005	  3.0959505e+002	  2.0346085e-001	
  8.3010000e+000	  5.8502685e+005	  3.0959690e+002	  2.1296084e-001	
  8.3220000e+000	  5.8198152e+005	  3.0959893e+002	  4.0451303e-001	
  8.3410000e+000	  7.1656378e+004	  3.0960077e+002	  3.9287601e-001	
  8.3610000e+000	  7.1394239e+004	  3.0960271e+002	  1.4693788e-001	
  8.3810000e+000	  7.1590844e+004	  3.0960464e+002	  3.4894239e-001	
  8.4010000e+000	  7.1764921e+004	  3.0960657e+002	  3.2826286e-001	
  8.4210000e+000	  7.1392190e+004	  3.0960851e+002	  1.7292382e-001	
  8.4440000e+000	  7.1353279e+004	  3.0961073e+002	  1.9927375e-001	
  8.4610000e+000	  7.1695290e+004	  3.0961237e+002	  1.3167912e-001	
  8.4820000e+000	  7.1257025e+004	  3.0961439e+002	  3.2217201e-001	
  8.5010000e+000	  7.1848887e+004	  3.0961623e+002	  1.3431358e-001	
  8.5210000e+000	  7.1719866e+004	  3.0961815e+002	  1.5824641e-001	
  8.5440000e+000	  7.1801784e+004	  3.0962037e+002	  1.2330930e-001	
  8.5610000e+000	  7.1760825e+004	  3.0962200e+002	 -1.6327018e-002	
  8.5840000e+000	  7.1240641e+004	  3.0962421e+002	 -1.1323494e-001	
  8.6010000e+000	  7.1781304e+004	  3.0962585e+002	  2.5690153e-002	
  8.6220000e+000	  7.1707578e+004	  3.0962786e+002	  1.6546018e-001	
  8.6410000e+000	  7.1857080e+004	  3.0962969e+002	 -7.1065580e-002	
  8.6620000e+000	  7.1238593e+004	  3.0963170e+002	  3.0792550e-002	
  8.6810000e+000	  7.1691194e+004	  3.0963352e+002	 -1.6479755e-001	
  8.7050000e+000	  7.1359423e+004	  3.0963582e+002	  7.8515680e-002	
  8.7210000e+000	  7.1467965e+004	  3.0963736e+002	  1.1731941e-001	
  8.7410000e+000	  7.0980549e+004	  3.0963927e+002	  1.2573872e-001	
  8.7610000e+000	  7.1472062e+004	  3.0964118e+002	  3.5394038e-002	
  8.7810000e+000	  7.1459774e+004	  3.0964309e+002	  8.3052490e-002	
  8.8040000e+000	  7.2065973e+004	  3.0964529e+002	 -8.5862051e-002	
  8.8220000e+000	  7.1635899e+004	  3.0964701e+002	  9.3927882e-002	
  8.8410000e+000	  7.1306176e+004	  3.0964882e+002	  5.8438626e-002	
  8.8610000e+000	  7.1089091e+004	  3.0965073e+002	 -1.2301504e-001	
  8.8810000e+000	  7.1476157e+004	  3.0965264e+002	  2.9075310e-002	
  8.9020000e+000	  7.2117172e+004	  3.0965464e+002	 -1.6096513e-001	
  8.9210000e+000	  7.1871415e+004	  3.0965644e+002	 -2.4873158e-001	
  8.9410000e+000	  7.1689146e+004	  3.0965835e+002	 -5.8112954e-002	
  8.9610000e+000	  7.1625659e+004	  3.0966025e+002	 -1.2433739e-001	
  8.9850000e+000	  7.1574460e+004	  3.0966253e+002	 -1.0766576e-001	
  9.0010000e+000	  7.1486397e+004	  3.0966405e+002	 -1.0118197e-001	
  9.0210000e+000	  7.1807928e+004	  3.0966594e+002	 -2.7485346e-001	
  9.0420000e+000	  7.1441342e+004	  3.0966794e+002	 -2.7745254e-001	
  9.0610000e+000	  7.1588796e+004	  3.0966974e+002	 -2.9760074e-001	
  9.0820000e+000	  7.1371711e+004	  3.0967173e+002	 -3.6388646e-001	
  9.1010000e+000	  7.1295936e+004	  3.0967352e+002	 -3.8192635e-001	
  9.1220000e+000	  7.1877560e+004	  3.0967551e+002	 -2.8095768e-001	
  9.1410000e+000	  5.8756838e+005	  3.0967731e+002	  2.1979911e-002	
  9.1620000e+000	  5.8844081e+005	  3.0967929e+002	 -3.1813329e-001	
  9.1810000e+000	  5.8974947e+005	  3.0968108e+002	 -2.3552277e-001	
  9.2010000e+000	  5.9064238e+005	  3.0968297e+002	 -1.4910172e-001	
  9.2250000e+000	  5.8749056e+005	  3.0968523e+002	 -1.6045785e-001	
  9.2420000e+000	  5.8661198e+005	  3.0968684e+002	 -2.3878135e-001	
  9.2610000e+000	  5.8547331e+005	  3.0968863e+002	 -7.3269740e-002	
  9.2820000e+000	  5.8580098e+005	  3.0969060e+002	 -1.5915679e-001	
  9.3010000e+000	  5.8754380e+005	  3.0969239e+002	 -1.2056816e-001	
  9.3210000e+000	  5.8854116e+005	  3.0969427e+002	 -2.6038879e-001	
  9.3410000e+000	  5.8483844e+005	  3.0969615e+002	 -3.6276582e-001	
  9.3620000e+000	  5.8714854e+005	  3.0969812e+002	 -8.4592491e-002	
  9.3810000e+000	  5.8435921e+005	  3.0969990e+002	 -4.1046670e-002	
  9.4030000e+000	  5.8582965e+005	  3.0970197e+002	 -1.7547927e-001	
  9.4210000e+000	  5.8756633e+005	  3.0970365e+002	  2.8718483e-002	
  9.4440000e+000	  5.8722432e+005	  3.0970581e+002	 -1.5831027e-001	
  9.4610000e+000	  5.8851044e+005	  3.0970740e+002	  1.3925120e-001	
  9.4820000e+000	  5.9061371e+005	  3.0970936e+002	  9.1145054e-002	
  9.5010000e+000	  5.9051336e+005	  3.0971114e+002	 -1.5702211e-002	
  9.5210000e+000	  5.9247326e+005	  3.0971301e+002	 -1.3641818e-001	
  9.5440000e+000	  5.9304669e+005	  3.0971515e+002	  3.6004957e-002	
  9.5610000e+000	  5.9522778e+005	  3.0971674e+002	 -1.3512997e-001	
  9.5820000e+000	  5.9229099e+005	  3.0971870e+002	  8.3281648e-002	
  9.6010000e+000	  5.9154349e+005	  3.0972047e+002	  8.6467620e-002	
  9.6250000e+000	  5.9318800e+005	  3.0972270e+002	 -9.7766779e-002	
  9.6410000e+000	  5.9075707e+005	  3.0972419e+002	  2.6829905e-001	
  9.6620000e+000	  5.9242206e+005	  3.0972614e+002	 -4.7466392e-002	
  9.6810000e+000	  5.9189983e+005	  3.0972791e+002	  1.0965680e-001	
  9.7050000e+000	  5.8958358e+005	  3.0973014e+002	  9.7008264e-002	
  9.7210000e+000	  5.8931325e+005	  3.0973162e+002	  1.4602545e-001	
  9.7420000e+000	  5.8908797e+005	  3.0973357e+002	  9.4106033e-002	
  9.7610000e+000	  5.8547945e+005	  3.0973533e+002	  2.9060705e-001	
  9.7820000e+000	  5.8141423e+005	  3.0973728e+002	  6.6145732e-002	
  9.8010000e+000	  5.8123606e+005	  3.0973904e+002	  1.1972449e-001	
  9.8220000e+000	  5.7855322e+005	  3.0974098e+002	  2.2719552e-001	
  9.8410000e+000	  5.7869453e+005	  3.0974274e+002	  2.3484194e-001	
  9.8620000e+000	  5.7718927e+005	  3.0974468e+002	  2.6321382e-001	
  9.8840000e+000	  5.8161289e+005	  3.0974671e+002	  1.1632536e-001	
  9.9020000e+000	  5.8038001e+005	  3.0974837e+002	  2.9073288e-001	
  9.9210000e+000	  5.8369567e+005	  3.0975012e+002	  3.2490184e-001	
  9.9420000e+000	  7.1396287e+004	  3.0975206e+002	  4.5632968e-001	
  9.9610000e+000	  7.1476157e+004	  3.0975381e+002	  2.0596025e-001	
  9.9820000e+000	  7.1639995e+004	  3.0975574e+002	  1.9258772e-001	
  1.0001000e+001	  7.1365567e+004	  3.0975749e+002	  2.1414183e-001	
  1.0022000e+001	  7.1568316e+004	  3.0975942e+002	  2.9955226e-001	
  1.0042000e+001	  7.1517117e+004	  3.0976125e+002	  1.9328367e-001	
  1.0062000e+001	  7.1418814e+004	  3.0976309e+002	  1.8745003e-001	
  1.0082000e+001	  7.1549884e+004	  3.0976492e+002	  1.8170935e-001	
  1.0102000e+001	  7.1424958e+004	  3.0976676e+002	  3.2191179e-001	
  1.0122000e+001	  7.1527356e+004	  3.0976859e+002	  2.1726843e-001	
  1.0142000e+001	  7.1439294e+004	  3.0977042e+002	  2.1891343e-001	
  1.0162000e+001	  7.1447486e+004	  3.0977225e+002	  3.7854421e-002	
  1.0185000e+001	  7.1674810e+004	  3.0977435e+002	  3.2811956e-002	
  1.0202000e+001	  7.2364976e+004	  3.0977591e+002	  1.3460522e-001	
  1.0221000e+001	  7.1914423e+004	  3.0977764e+002	  1.4014679e-001	
  1.0242000e+001	  7.1320512e+004	  3.0977956e+002	  5.9709882e-002	
  1.0265000e+001	  7.1506877e+004	  3.0978165e+002	  6.3286434e-004	
  1.0282000e+001	  7.1257025e+004	  3.0978320e+002	 -1.6299745e-001	
  1.0301000e+001	  7.1402430e+004	  3.0978493e+002	  9.2465789e-002	
  1.0325000e+001	  7.1756729e+004	  3.0978712e+002	  2.8859559e-002	
  1.0341000e+001	  7.1803832e+004	  3.0978857e+002	 -7.1782032e-003	
  1.0362000e+001	  7.1453630e+004	  3.0979048e+002	  9.9324236e-002	
  1.0381000e+001	  7.1746490e+004	  3.0979221e+002	 -8.9839571e-002	
  1.0401000e+001	  7.1437246e+004	  3.0979402e+002	  1.2123020e-001	
  1.0421000e+001	  7.1130050e+004	  3.0979583e+002	 -1.0977792e-001	
  1.0444000e+001	  7.1209922e+004	  3.0979792e+002	  6.0620280e-002	
  1.0461000e+001	  7.1752633e+004	  3.0979946e+002	 -2.0549840e-001	
  1.0482000e+001	  7.1455678e+004	  3.0980136e+002	 -1.8681565e-001	
  1.0501000e+001	  7.1568316e+004	  3.0980308e+002	 -3.3120016e-002	
  1.0522000e+001	  7.1865272e+004	  3.0980498e+002	 -1.0782261e-001	
  1.0542000e+001	  7.1164866e+004	  3.0980678e+002	 -1.6538437e-001	
  1.0561000e+001	  7.1627707e+004	  3.0980850e+002	 -3.8353721e-002	
  1.0584000e+001	  7.1394239e+004	  3.0981057e+002	 -2.9367230e-001	
  1.0602000e+001	  7.1658427e+004	  3.0981220e+002	 -1.9479460e-001	
  1.0622000e+001	  7.1689146e+004	  3.0981400e+002	 -2.0484723e-001	
  1.0641000e+001	  7.1572411e+004	  3.0981571e+002	 -4.2845989e-001	
  1.0662000e+001	  7.1611323e+004	  3.0981760e+002	 -2.6489375e-001	
  1.0681000e+001	  7.1764921e+004	  3.0981930e+002	 -8.0953981e-002	
  1.0704000e+001	  7.1685050e+004	  3.0982137e+002	 -4.8735763e-001	
  1.0722000e+001	  7.1566268e+004	  3.0982299e+002	 -2.9013643e-001	
  1.0742000e+001	  5.6928821e+005	  3.0982478e+002	 -1.6726529e-001	
  1.0764000e+001	  5.7989054e+005	  3.0982675e+002	 -2.5665795e-001	
  1.0782000e+001	  5.7951577e+005	  3.0982836e+002	 -2.7381232e-001	
  1.0801000e+001	  5.7925567e+005	  3.0983007e+002	 -3.0299419e-001	
  1.0822000e+001	  5.8364242e+005	  3.0983194e+002	 -2.5157465e-001	
  1.0841000e+001	  5.7931711e+005	  3.0983364e+002	 -1.0438865e-001	
  1.0862000e+001	  5.8416670e+005	  3.0983552e+002	 -1.6017617e-001	
  1.0884000e+001	  5.8194466e+005	  3.0983748e+002	 -2.4653260e-001	
  1.0902000e+001	  5.8360146e+005	  3.0983909e+002	 -1.9224493e-001	
  1.0921000e+001	  5.7870272e+005	  3.0984078e+002	 -1.6600657e-001	
  1.0945000e+001	  5.8137942e+005	  3.0984292e+002	 -3.0205956e-001	
  1.0961000e+001	  5.7792859e+005	  3.0984434e+002	 -4.5586223e-002	
  1.0982000e+001	  5.7881126e+005	  3.0984621e+002	  2.8825229e-003	
  1.1001000e+001	  5.7503891e+005	  3.0984790e+002	  6.9998114e-002	
  1.1022000e+001	  5.7500204e+005	  3.0984977e+002	 -1.6191565e-001	
  1.1042000e+001	  5.7338210e+005	  3.0985154e+002	 -1.1750526e-001	
  1.1065000e+001	  5.7254858e+005	  3.0985358e+002	  8.2161090e-002	
  1.1083000e+001	  5.6863900e+005	  3.0985518e+002	 -1.8992873e-002	
  1.1102000e+001	  5.7307490e+005	  3.0985686e+002	 -1.6424482e-001	
  1.1122000e+001	  5.7128907e+005	  3.0985863e+002	  1.3594002e-001	
  1.1141000e+001	  5.7813134e+005	  3.0986031e+002	  4.1583947e-002	
  1.1162000e+001	  5.7414190e+005	  3.0986217e+002	 -1.2741907e-003	
  1.1182000e+001	  5.7916147e+005	  3.0986394e+002	 -5.9230336e-002	
  1.1202000e+001	  5.7644586e+005	  3.0986570e+002	  2.2111744e-001	
  1.1222000e+001	  5.7994174e+005	  3.0986747e+002	  6.0961349e-002	
  1.1242000e+001	  5.8603650e+005	  3.0986923e+002	  7.1084792e-002	
  1.1261000e+001	  5.8752947e+005	  3.0987090e+002	  6.4675591e-002	
  1.1285000e+001	  5.8980271e+005	  3.0987301e+002	  2.4196653e-001	
  1.1302000e+001	  5.9317981e+005	  3.0987451e+002	  1.4458011e-001	
  1.1322000e+001	  5.9272107e+005	  3.0987627e+002	  8.8625293e-002	
  1.1341000e+001	  5.9712625e+005	  3.0987794e+002	  1.8267864e-001	
  1.1362000e+001	  5.9417922e+005	  3.0987978e+002	  1.8205183e-001	
  1.1384000e+001	  5.9590361e+005	  3.0988171e+002	  3.4034990e-001	
  1.1402000e+001	  5.9427138e+005	  3.0988329e+002	  1.0301284e-001	
  1.1421000e+001	  5.9433896e+005	  3.0988495e+002	 -5.8668732e-002	
  1.1442000e+001	  5.9432053e+005	  3.0988679e+002	  1.4831822e-001	
  1.1461000e+001	  5.9184863e+005	  3.0988845e+002	  2.6312151e-001	
  1.1482000e+001	  5.9381263e+005	  3.0989028e+002	  3.1675867e-001	
  1.1501000e+001	  5.8928048e+005	  3.0989194e+002	  3.2865791e-001	
  1.1522000e+001	  5.9155168e+005	  3.0989378e+002	  1.7960199e-001	
  1.1542000e+001	  5.9070382e+005	  3.0989552e+002	  3.1345244e-001	
  1.1565000e+001	  7.1789496e+004	  3.0989752e+002	  4.0790176e-001	
  1.1582000e+001	  7.1895991e+004	  3.0989900e+002	  2.1414242e-001	
  1.1602000e+001	  7.1322560e+004	  3.0990074e+002	  1.1405191e-001	
  1.1622000e+001	  7.1674810e+004	  3.0990248e+002	  2.5139737e-001	
  1.1644000e+001	  7.1963574e+004	  3.0990439e+002	  1.9906841e-001	
  1.1662000e+001	  7.1263169e+004	  3.0990596e+002	  2.8314970e-001	
  1.1681000e+001	  7.1347135e+004	  3.0990760e+002	  4.0273267e-001	
  1.1705000e+001	  7.1359423e+004	  3.0990968e+002	  4.1839373e-001	
  1.1721000e+001	  7.1480253e+004	  3.0991107e+002	  3.4897116e-002	
  1.1746000e+001	  7.1631803e+004	  3.0991323e+002	  1.0060451e-001	
  1.1761000e+001	  7.1171010e+004	  3.0991453e+002	  1.7824064e-001	
  1.1785000e+001	  7.1941046e+004	  3.0991661e+002	  2.3507056e-001	
  1.1801000e+001	  7.1945142e+004	  3.0991799e+002	  5.8704860e-004	
  1.1822000e+001	  7.1934902e+004	  3.0991980e+002	  1.8972906e-001	
  1.1841000e+001	  7.1967670e+004	  3.0992144e+002	  2.8481473e-001	
  1.1865000e+001	  7.1748537e+004	  3.0992351e+002	 -6.9910654e-002	
  1.1881000e+001	  7.1093187e+004	  3.0992488e+002	  1.8026197e-001	
  1.1902000e+001	  7.1975862e+004	  3.0992669e+002	 -3.7204282e-002	
  1.1921000e+001	  7.1330751e+004	  3.0992832e+002	 -6.8445304e-002	
  1.1942000e+001	  7.2031157e+004	  3.0993013e+002	 -1.3757322e-002	
  1.1961000e+001	  7.1703482e+004	  3.0993176e+002	 -9.8585558e-002	
  1.1982000e+001	  7.1920567e+004	  3.0993356e+002	  5.7402484e-003	
  1.2004000e+001	  7.1859128e+004	  3.0993545e+002	  3.7613458e-002	
  1.2022000e+001	  7.1080900e+004	  3.0993699e+002	 -1.1381596e-001	
  1.2045000e+001	  7.1654330e+004	  3.0993896e+002	 -1.4063247e-001	
  1.2062000e+001	  7.1525308e+004	  3.0994041e+002	 -3.8709383e-003	
  1.2084000e+001	  7.1361471e+004	  3.0994229e+002	 -2.3378249e-002	
  1.2102000e+001	  7.1422910e+004	  3.0994383e+002	 -1.0910451e-001	
  1.2122000e+001	  7.1295936e+004	  3.0994553e+002	  5.2497229e-002	
  1.2142000e+001	  7.1760825e+004	  3.0994724e+002	 -3.1985489e-001	
  1.2162000e+001	  7.1670715e+004	  3.0994894e+002	 -1.7285832e-001	
  1.2182000e+001	  7.1775161e+004	  3.0995065e+002	 -2.3298955e-001	
  1.2202000e+001	  7.1728057e+004	  3.0995235e+002	 -1.0074580e-001	
  1.2225000e+001	  7.1502781e+004	  3.0995430e+002	 -3.4773815e-002	
  1.2242000e+001	  7.1672763e+004	  3.0995575e+002	 -1.4914195e-001	
  1.2261000e+001	  7.1375807e+004	  3.0995736e+002	 -1.4040643e-001	
  1.2285000e+001	  7.1560124e+004	  3.0995940e+002	 -1.5121166e-001	
  1.2302000e+001	  7.1617467e+004	  3.0996084e+002	 -2.6352002e-001	
  1.2322000e+001	  7.1574460e+004	  3.0996253e+002	 -3.7942691e-001	
  1.2341000e+001	  7.1945142e+004	  3.0996414e+002	 -1.9671789e-001	
  1.2362000e+001	  5.9834889e+005	  3.0996591e+002	 -2.8432015e-001	
  1.2382000e+001	  5.9535680e+005	  3.0996760e+002	 -6.7955698e-002	
  1.2402000e+001	  5.9433487e+005	  3.0996929e+002	 -3.2572787e-001	
  1.2422000e+001	  5.9458062e+005	  3.0997098e+002	 -2.4776920e-001	
  1.2442000e+001	  5.9333546e+005	  3.0997266e+002	 -8.2722108e-002	
  1.2465000e+001	  5.9043758e+005	  3.0997460e+002	 -1.8596245e-001	
  1.2482000e+001	  5.8667546e+005	  3.0997603e+002	 -2.0615268e-001	
  1.2501000e+001	  5.8574569e+005	  3.0997763e+002	 -3.6711350e-001	
  1.2522000e+001	  5.8375506e+005	  3.0997939e+002	 -4.1098176e-002	
  1.2544000e+001	  5.8428548e+005	  3.0998124e+002	 -1.5336274e-001	
  1.2562000e+001	  5.8338233e+005	  3.0998275e+002	 -1.8680930e-001	
  1.2583000e+001	  5.8359122e+005	  3.0998451e+002	 -2.1675970e-001	
  1.2602000e+001	  5.8475857e+005	  3.0998610e+002	 -1.6717125e-001	
  1.2622000e+001	  5.8168252e+005	  3.0998778e+002	 -1.7275065e-001	
  1.2642000e+001	  5.8248122e+005	  3.0998945e+002	 -1.1444780e-001	
  1.2662000e+001	  5.8436945e+005	  3.0999112e+002	 -1.7052862e-001	
  1.2685000e+001	  5.8325331e+005	  3.0999304e+002	  1.5660301e-001	
  1.2702000e+001	  5.8159445e+005	  3.0999446e+002	 -1.1771110e-001	
  1.2722000e+001	  5.7987416e+005	  3.0999613e+002	 -1.0029597e-001	
  1.2742000e+001	  5.8124425e+005	  3.0999779e+002	 -5.8789504e-002	
  1.2762000e+001	  5.8151049e+005	  3.0999946e+002	 -1.2015794e-002	
  1.2785000e+001	  5.8053975e+005	  3.1000137e+002	 -6.8088511e-002	
  1.2801000e+001	  5.8013220e+005	  3.1000270e+002	  5.0770502e-002	
  1.2822000e+001	  5.8418923e+005	  3.1000444e+002	  1.1331564e-001	
  1.2841000e+001	  5.8577026e+005	  3.1000602e+002	  1.0644860e-001	
  1.2865000e+001	  5.8384927e+005	  3.1000801e+002	  1.2422238e-001	
  1.2881000e+001	  5.8684749e+005	  3.1000934e+002	  1.7026935e-001	
  1.2902000e+001	  5.8778751e+005	  3.1001107e+002	  2.6398749e-002	
  1.2922000e+001	  5.8580917e+005	  3.1001273e+002	  2.0460803e-002	
  1.2942000e+001	  5.8695399e+005	  3.1001438e+002	  4.2386852e-002	
  1.2961000e+001	  5.8459678e+005	  3.1001595e+002	  2.1640636e-001	
  1.2986000e+001	  5.8656283e+005	  3.1001801e+002	  1.4622291e-001	
  1.3001000e+001	  5.8404997e+005	  3.1001925e+002	  1.0849472e-001	
  1.3022000e+001	  5.8467869e+005	  3.1002098e+002	  2.1041216e-001	
  1.3042000e+001	  5.8209006e+005	  3.1002262e+002	  2.2396820e-001	
  1.3065000e+001	  5.8518454e+005	  3.1002452e+002	  9.6645623e-002	
  1.3083000e+001	  5.8463159e+005	  3.1002600e+002	  1.9275932e-001	
  1.3102000e+001	  5.8402744e+005	  3.1002756e+002	  3.7508769e-001	
  1.3122000e+001	  5.8443499e+005	  3.1002920e+002	  3.6871027e-001	
  1.3142000e+001	  5.8333318e+005	  3.1003084e+002	  2.7977270e-001	
  1.3162000e+001	  7.1623611e+004	  3.1003247e+002	  2.7669155e-001	
  1.3182000e+001	  7.1078851e+004	  3.1003411e+002	  2.4077717e-001	
  1.3202000e+001	  7.1721914e+004	  3.1003575e+002	  3.4092298e-001	
  1.3224000e+001	  7.1869368e+004	  3.1003754e+002	  3.1635322e-001	
  1.3242000e+001	  7.1975862e+004	  3.1003901e+002	  7.8688447e-002	
  1.3262000e+001	  7.1666618e+004	  3.1004064e+002	  2.3528321e-001	
  1.3282000e+001	  7.1627707e+004	  3.1004227e+002	  2.4905690e-001	
  1.3302000e+001	  7.1486397e+004	  3.1004390e+002	  2.1488121e-001	
  1.3325000e+001	  7.1631803e+004	  3.1004577e+002	  2.0029462e-001	
  1.3342000e+001	  7.1236545e+004	  3.1004716e+002	  1.5362678e-001	
  1.3362000e+001	  7.1654330e+004	  3.1004878e+002	  1.9426625e-001	
  1.3382000e+001	  7.1758777e+004	  3.1005040e+002	  2.1934656e-001	
  1.3405000e+001	  7.1482301e+004	  3.1005227e+002	  7.9877115e-002	
  1.3422000e+001	  7.1195586e+004	  3.1005365e+002	  2.7910720e-001	
  1.3442000e+001	  7.1666618e+004	  3.1005527e+002	  2.1017712e-001	
  1.3462000e+001	  7.1619516e+004	  3.1005688e+002	  1.1473710e-001	
  1.3483000e+001	  7.1859128e+004	  3.1005858e+002	 -5.6194864e-002	
  1.3501000e+001	  7.1281600e+004	  3.1006004e+002	  1.4059731e-001	
  1.3523000e+001	  7.1680954e+004	  3.1006181e+002	 -1.0534126e-001	
  1.3542000e+001	  7.1910327e+004	  3.1006334e+002	  5.6785342e-002	
  1.3565000e+001	  7.1533501e+004	  3.1006519e+002	 -1.8885935e-002	
  1.3582000e+001	  7.1609275e+004	  3.1006656e+002	 -2.2529171e-001	
  1.3602000e+001	  7.1914423e+004	  3.1006817e+002	  5.9939540e-002	
  1.3625000e+001	  7.1502781e+004	  3.1007002e+002	 -1.0466332e-001	
  1.3642000e+001	  7.1771065e+004	  3.1007138e+002	 -2.7463599e-001	
  1.3663000e+001	  7.2070068e+004	  3.1007307e+002	 -3.5167488e-002	
  1.3682000e+001	  7.1304128e+004	  3.1007459e+002	 -6.9960936e-002	
  1.3702000e+001	  7.1994294e+004	  3.1007619e+002	 -1.0776706e-001	
  1.3725000e+001	  7.1031748e+004	  3.1007803e+002	 -1.0890257e-001	
  1.3742000e+001	  7.1033796e+004	  3.1007939e+002	 -8.5230450e-002	
  1.3762000e+001	  7.1504829e+004	  3.1008099e+002	 -1.8601109e-001	
  1.3782000e+001	  7.1957430e+004	  3.1008259e+002	 -1.2099727e-001	
  1.3802000e+001	  7.1801784e+004	  3.1008418e+002	 -1.5347809e-001	
  1.3822000e+001	  7.1941046e+004	  3.1008577e+002	 -1.1480416e-001	
  1.3842000e+001	  7.0998981e+004	  3.1008737e+002	 -1.6723000e-001	
  1.3862000e+001	  7.1721914e+004	  3.1008896e+002	 -3.3266421e-001	
  1.3882000e+001	  7.1435198e+004	  3.1009055e+002	 -2.3077815e-001	
  1.3902000e+001	  7.1465918e+004	  3.1009214e+002	 -3.0225053e-001	
  1.3925000e+001	  7.1246785e+004	  3.1009396e+002	 -1.8002136e-001	
  1.3942000e+001	  7.1754681e+004	  3.1009531e+002	 -4.0843779e-001	
  1.3962000e+001	  5.8623925e+005	  3.1009689e+002	 -3.5540156e-001	
  1.3982000e+001	  5.8492855e+005	  3.1009847e+002	 -4.3874873e-001	
  1.4002000e+001	  5.8724275e+005	  3.1010005e+002	 -2.6351909e-001	
  1.4022000e+001	  5.8560847e+005	  3.1010163e+002	 -4.9765531e-001	
  1.4042000e+001	  5.8360965e+005	  3.1010321e+002	 -3.2492673e-001	
  1.4062000e+001	  5.8526646e+005	  3.1010479e+002	 -1.3218372e-001	
  1.4082000e+001	  5.8544463e+005	  3.1010637e+002	 -2.9431109e-001	
  1.4106000e+001	  5.8402744e+005	  3.1010825e+002	 -1.8660451e-001	
  1.4125000e+001	  5.8233787e+005	  3.1010975e+002	 -1.7767288e-001	
  1.4142000e+001	  5.8251194e+005	  3.1011108e+002	  2.3652504e-002	
  1.4162000e+001	  5.8473604e+005	  3.1011265e+002	 -6.4316773e-002	
  1.4185000e+001	  5.8163541e+005	  3.1011446e+002	  3.9551726e-002	
  1.4203000e+001	  5.8803531e+005	  3.1011587e+002	 -4.4329735e-002	
  1.4222000e+001	  5.8460087e+005	  3.1011736e+002	 -8.0431328e-002	
  1.4242000e+001	  5.8276384e+005	  3.1011892e+002	  1.1243255e-001	
  1.4262000e+001	  5.8173167e+005	  3.1012048e+002	 -1.5519124e-001	
  1.4283000e+001	  5.7988030e+005	  3.1012212e+002	 -1.4814299e-001	
  1.4302000e+001	  5.8183611e+005	  3.1012361e+002	  6.7944117e-002	
  1.4322000e+001	  5.8347244e+005	  3.1012517e+002	 -9.4113682e-002	
  1.4342000e+001	  5.8416670e+005	  3.1012672e+002	  5.9522511e-002	
  1.4362000e+001	  5.8781209e+005	  3.1012828e+002	  1.1076063e-001	
  1.4382000e+001	  5.8282119e+005	  3.1012983e+002	 -5.1190918e-002	
  1.4405000e+001	  5.8413189e+005	  3.1013162e+002	 -4.2481285e-002	
  1.4422000e+001	  5.7996427e+005	  3.1013294e+002	  2.0864133e-001	
  1.4442000e+001	  5.8348678e+005	  3.1013449e+002	  3.2423092e-001	
  1.4462000e+001	  5.8578665e+005	  3.1013604e+002	  1.1491112e-002	
  1.4482000e+001	  5.8807013e+005	  3.1013759e+002	  8.8093880e-002	
  1.4505000e+001	  5.9040686e+005	  3.1013937e+002	  7.5241388e-002	
  1.4522000e+001	  5.9287262e+005	  3.1014068e+002	  2.6189786e-001	
  1.4544000e+001	  5.9585856e+005	  3.1014238e+002	  5.5401668e-002	
  1.4562000e+001	  5.9009557e+005	  3.1014377e+002	  2.7886514e-001	
  1.4583000e+001	  5.9843080e+005	  3.1014538e+002	  1.6454217e-001	
  1.4602000e+001	  5.9799049e+005	  3.1014685e+002	  2.4269332e-001	
  1.4625000e+001	  5.9632549e+005	  3.1014861e+002	  2.2742769e-001	
  1.4642000e+001	  5.9514586e+005	  3.1014992e+002	  1.5213021e-001	
  1.4663000e+001	  5.9569677e+005	  3.1015153e+002	  1.7239149e-001	
  1.4682000e+001	  5.9304670e+005	  3.1015299e+002	  2.3011498e-001	
  1.4703000e+001	  5.8983958e+005	  3.1015460e+002	  2.6943070e-001	
  1.4725000e+001	  5.9285419e+005	  3.1015628e+002	  4.2305309e-001	
  1.4743000e+001	  5.9349930e+005	  3.1015766e+002	  2.6474438e-001	
  1.4762000e+001	  7.4529679e+004	  3.1015911e+002	  4.2497485e-001	
  1.4783000e+001	  7.1359423e+004	  3.1016072e+002	  4.0132660e-001	
  1.4802000e+001	  7.1803832e+004	  3.1016216e+002	  3.3704384e-001	
  1.4823000e+001	  7.1490493e+004	  3.1016376e+002	  1.0741090e-001	
  1.4842000e+001	  7.2035253e+004	  3.1016521e+002	  1.2367468e-001	
  1.4866000e+001	  7.1267265e+004	  3.1016704e+002	  1.9856889e-001	
  1.4882000e+001	  7.1527357e+004	  3.1016825e+002	  1.0697840e-001	
  1.4902000e+001	  7.1726010e+004	  3.1016977e+002	  1.1626560e-001	
  1.4922000e+001	  7.1455678e+004	  3.1017129e+002	 -1.9147149e-002	
  1.4942000e+001	  7.1097283e+004	  3.1017280e+002	  2.3888282e-001	
  1.4962000e+001	  7.2074164e+004	  3.1017432e+002	  1.6981841e-001	
  1.4982000e+001	  7.1551932e+004	  3.1017583e+002	  1.6295815e-001	
  1.5005000e+001	  7.1619515e+004	  3.1017757e+002	  7.7088565e-002	
  1.5022000e+001	  7.1175106e+004	  3.1017885e+002	  1.9700166e-001	
  1.5042000e+001	  7.1537596e+004	  3.1018036e+002	  8.4305703e-002	
  1.5062000e+001	  7.1592892e+004	  3.1018187e+002	  1.0264875e-001	
  1.5083000e+001	  7.1230401e+004	  3.1018345e+002	  1.7925648e-002	
  1.5102000e+001	  7.1670715e+004	  3.1018488e+002	 -7.9546593e-002	
  1.5123000e+001	  7.1537597e+004	  3.1018646e+002	 -8.2035711e-002	
  1.5142000e+001	  7.1232449e+004	  3.1018788e+002	  1.4800627e-001	
  1.5163000e+001	  7.2061877e+004	  3.1018946e+002	  4.4497286e-002	
  1.5182000e+001	  7.1214017e+004	  3.1019088e+002	  4.2023969e-002	
  1.5203000e+001	  7.1246785e+004	  3.1019245e+002	 -1.7029219e-001	
  1.5222000e+001	  7.1115715e+004	  3.1019387e+002	 -8.3105732e-002	
  1.5242000e+001	  7.1250881e+004	  3.1019537e+002	 -9.1209083e-002	
  1.5268000e+001	  7.1433150e+004	  3.1019731e+002	  1.2561872e-002	
  1.5282000e+001	  7.1556029e+004	  3.1019835e+002	 -1.1965226e-001	
  1.5305000e+001	  7.1535548e+004	  3.1020007e+002	  2.5969599e-003	
  1.5323000e+001	  7.1607228e+004	  3.1020141e+002	 -2.4684738e-001	
  1.5342000e+001	  7.1617467e+004	  3.1020282e+002	 -1.4692191e-001	
  1.5363000e+001	  7.1859128e+004	  3.1020438e+002	 -2.3245933e-001	
  1.5382000e+001	  7.1639995e+004	  3.1020579e+002	 -1.6654813e-002	
  1.5403000e+001	  7.1664571e+004	  3.1020735e+002	 -2.3219268e-001	
  1.5422000e+001	  7.1934902e+004	  3.1020875e+002	 -3.5256110e-001	
  1.5442000e+001	  7.1246785e+004	  3.1021023e+002	 -1.8570799e-001	
  1.5462000e+001	  7.1388095e+004	  3.1021171e+002	 -3.4939737e-001	
  1.5482000e+001	  7.1648187e+004	  3.1021319e+002	 -1.1207868e-001	
  1.5502000e+001	  7.1547836e+004	  3.1021467e+002	 -2.4114035e-001	
  1.5526000e+001	  7.1705530e+004	  3.1021643e+002	 -2.2236371e-001	
  1.5542000e+001	  7.1644090e+004	  3.1021761e+002	 -4.8197992e-001	
  1.5562000e+001	  9.4065253e+004	  3.1021908e+002	 -3.8947637e-001	
  1.5585000e+001	  5.9714468e+005	  3.1022077e+002	 -2.0415035e-001	
  1.5602000e+001	  5.9577459e+005	  3.1022202e+002	 -1.4592007e-001	
  1.5623000e+001	  5.9926638e+005	  3.1022356e+002	 -2.2580996e-001	
  1.5645000e+001	  5.9923156e+005	  3.1022518e+002	 -8.6985985e-002	
  1.5663000e+001	  5.9298321e+005	  3.1022649e+002	 -3.3479050e-001	
  1.5683000e+001	  5.9552474e+005	  3.1022796e+002	 -2.6688846e-001	
  1.5703000e+001	  5.9292382e+005	  3.1022942e+002	 -2.2965927e-001	
  1.5722000e+001	  5.9448437e+005	  3.1023080e+002	 -2.2045151e-001	
  1.5743000e+001	  5.9010172e+005	  3.1023234e+002	 -1.4076353e-001	
  1.5768000e+001	  5.8881559e+005	  3.1023416e+002	  1.0942394e-002	
  1.5783000e+001	  5.8709120e+005	  3.1023525e+002	 -2.4174665e-001	
  1.5806000e+001	  5.8358918e+005	  3.1023692e+002	 -1.8276198e-001	
  1.5822000e+001	  5.8175215e+005	  3.1023808e+002	 -9.0145354e-003	
  1.5842000e+001	  5.8385746e+005	  3.1023953e+002	  7.4652598e-002	
  1.5862000e+001	  5.8221704e+005	  3.1024098e+002	 -1.8842988e-001	
  1.5882000e+001	  5.8161493e+005	  3.1024243e+002	 -2.5111908e-001	
  1.5905000e+001	  5.8157193e+005	  3.1024410e+002	  6.0687915e-002	
  1.5922000e+001	  5.8241364e+005	  3.1024532e+002	  1.3112603e-001	
  1.5943000e+001	  5.7976971e+005	  3.1024684e+002	 -1.4279144e-001	
  1.5962000e+001	  5.8013835e+005	  3.1024821e+002	 -1.1861827e-001	
  1.5982000e+001	  5.8047626e+005	  3.1024965e+002	  1.3289883e-001	
  1.6002000e+001	  5.8090838e+005	  3.1025109e+002	  1.2013988e-001	
  1.6022000e+001	  5.8221704e+005	  3.1025253e+002	  8.9673767e-002	
  1.6045000e+001	  5.7784667e+005	  3.1025418e+002	 -7.5891639e-002	
  1.6063000e+001	  5.8086742e+005	  3.1025547e+002	  1.2169327e-001	
  1.6083000e+001	  5.7952601e+005	  3.1025691e+002	  8.0032156e-002	
  1.6102000e+001	  5.8177467e+005	  3.1025827e+002	  1.3845186e-001	
  1.6123000e+001	  5.8229076e+005	  3.1025977e+002	  1.9291019e-001	
  1.6143000e+001	  5.8383698e+005	  3.1026120e+002	  9.8541116e-002	
  1.6163000e+001	  5.8311200e+005	  3.1026263e+002	  2.8236841e-001	
  1.6186000e+001	  5.8238497e+005	  3.1026427e+002	  1.2735094e-001	
  1.6203000e+001	  5.8385132e+005	  3.1026548e+002	  8.1810585e-002	
  1.6222000e+001	  5.8616347e+005	  3.1026683e+002	  2.8997241e-001	
  1.6243000e+001	  5.8474423e+005	  3.1026833e+002	  2.2737836e-001	
  1.6262000e+001	  5.8590748e+005	  3.1026967e+002	  3.4649090e-001	
  1.6286000e+001	  5.8395576e+005	  3.1027138e+002	  9.1633827e-002	
  1.6302000e+001	  5.8287034e+005	  3.1027251e+002	  2.6990819e-001	
  1.6323000e+001	  5.8043940e+005	  3.1027400e+002	  2.5046342e-001	
  1.6342000e+001	  5.8065239e+005	  3.1027534e+002	  3.3207893e-001	
  1.6363000e+001	  5.7658922e+005	  3.1027683e+002	  3.5616507e-001	
  1.6382000e+001	  7.1664570e+004	  3.1027817e+002	  2.3788561e-001	
  1.6403000e+001	  7.2014773e+004	  3.1027965e+002	  2.7123865e-001	
  1.6422000e+001	  7.1328704e+004	  3.1028099e+002	  3.6502749e-001	
  1.6443000e+001	  7.1830456e+004	  3.1028246e+002	  2.1957150e-001	
  1.6462000e+001	  7.1615419e+004	  3.1028380e+002	  2.0005905e-001	
  1.6486000e+001	  7.1713722e+004	  3.1028549e+002	  8.5852355e-002	
  1.6502000e+001	  7.1455677e+004	  3.1028661e+002	  2.3491841e-002	
  1.6522000e+001	  7.0869958e+004	  3.1028801e+002	  2.0204891e-001	
  1.6542000e+001	  7.2010677e+004	  3.1028941e+002	  1.4984720e-001	
  1.6563000e+001	  7.1687098e+004	  3.1029088e+002	  1.0334227e-001	
  1.6583000e+001	  7.1283648e+004	  3.1029227e+002	  1.3304031e-001	
  1.6606000e+001	  7.2033205e+004	  3.1029388e+002	  1.9234752e-001	
  1.6623000e+001	  7.1723961e+004	  3.1029506e+002	  1.0874581e-001	
  1.6645000e+001	  7.1029700e+004	  3.1029660e+002	  5.9649595e-002	
  1.6663000e+001	  7.1154626e+004	  3.1029785e+002	  9.6935504e-002	
  1.6686000e+001	  7.1949238e+004	  3.1029945e+002	  3.9267460e-002	
  1.6703000e+001	  7.1414719e+004	  3.1030063e+002	  2.4355049e-002	
  1.6723000e+001	  7.1447486e+004	  3.1030201e+002	 -3.6659258e-002	
  1.6743000e+001	  7.1617467e+004	  3.1030340e+002	 -1.7355160e-001	
  1.6765000e+001	  7.1707578e+004	  3.1030492e+002	 -2.4620424e-002	
  1.6783000e+001	  7.1586748e+004	  3.1030616e+002	 -1.4016678e-001	
  1.6802000e+001	  7.1078851e+004	  3.1030748e+002	 -1.1527701e-001	
  1.6823000e+001	  7.1146435e+004	  3.1030892e+002	  1.1808642e-001	
  1.6845000e+001	  7.1857079e+004	  3.1031044e+002	 -7.6414520e-002	
  1.6863000e+001	  7.1938999e+004	  3.1031168e+002	 -1.4454495e-001	
  1.6882000e+001	  7.1429054e+004	  3.1031298e+002	 -8.0799709e-002	
  1.6903000e+001	  7.1338943e+004	  3.1031443e+002	 -1.7561361e-001	
  1.6922000e+001	  7.1549883e+004	  3.1031573e+002	 -4.1060254e-002	
  1.6943000e+001	  7.1832504e+004	  3.1031717e+002	 -1.1531953e-001	
  1.6962000e+001	  7.0982597e+004	  3.1031847e+002	 -5.0447472e-002	
  1.6986000e+001	  7.2049589e+004	  3.1032011e+002	 -2.0552174e-001	
  1.7002000e+001	  7.1463870e+004	  3.1032120e+002	 -2.3142236e-001	
  1.7022000e+001	  7.1615419e+004	  3.1032257e+002	 -1.7292096e-001	
  1.7045000e+001	  7.1740345e+004	  3.1032413e+002	 -3.1959133e-001	
  1.7063000e+001	  7.1603131e+004	  3.1032536e+002	 -1.4893565e-001	
  1.7083000e+001	  7.1996341e+004	  3.1032672e+002	 -9.8497152e-002	
  1.7102000e+001	  7.1809976e+004	  3.1032801e+002	 -4.4454407e-002	
  1.7125000e+001	  7.1789497e+004	  3.1032957e+002	 -5.7303898e-001	
  1.7142000e+001	  7.1551932e+004	  3.1033072e+002	 -1.8001420e-001	
  1.7163000e+001	  7.0992837e+004	  3.1033214e+002	 -2.7267278e-001	
  1.7182000e+001	  5.7761525e+005	  3.1033343e+002	 -3.0126510e-001	
  1.7207000e+001	  5.8246484e+005	  3.1033511e+002	 -2.9062847e-001	
  1.7222000e+001	  5.8545283e+005	  3.1033613e+002	 -2.7686114e-001	
  1.7243000e+001	  5.8537091e+005	  3.1033754e+002	 -2.4076114e-001	
  1.7266000e+001	  5.8195080e+005	  3.1033909e+002	 -3.1817663e-001	
  1.7283000e+001	  5.8315091e+005	  3.1034023e+002	 -3.5072998e-001	
  1.7303000e+001	  5.8259181e+005	  3.1034158e+002	 -1.5475553e-001	
  1.7323000e+001	  5.8433668e+005	  3.1034292e+002	 -1.7444344e-001	
  1.7342000e+001	  5.8218427e+005	  3.1034419e+002	 -1.3159543e-001	
  1.7363000e+001	  5.8872343e+005	  3.1034560e+002	 -2.6075205e-001	
  1.7386000e+001	  5.8671847e+005	  3.1034713e+002	 -3.6988554e-001	
  1.7403000e+001	  5.8635598e+005	  3.1034827e+002	 -2.4161719e-001	
  1.7422000e+001	  5.8367519e+005	  3.1034954e+002	 -2.0059410e-001	
  1.7446000e+001	  5.9258590e+005	  3.1035114e+002	 -1.2759987e-001	
  1.7462000e+001	  5.9157421e+005	  3.1035220e+002	 -2.5625811e-001	
  1.7483000e+001	  5.9425704e+005	  3.1035360e+002	 -1.2285845e-001	
  1.7502000e+001	  5.9332112e+005	  3.1035486e+002	 -1.4647894e-001	
  1.7523000e+001	  5.9589952e+005	  3.1035625e+002	 -8.6119003e-002	
  1.7550000e+001	  5.9479976e+005	  3.1035804e+002	 -8.7313536e-002	
  1.7563000e+001	  5.9324125e+005	  3.1035890e+002	 -8.6061813e-002	
  1.7585000e+001	  5.9381264e+005	  3.1036035e+002	  1.4789667e-001	
  1.7602000e+001	  5.9205138e+005	  3.1036148e+002	 -1.1138997e-001	
  1.7623000e+001	  5.9382492e+005	  3.1036286e+002	  1.1919967e-001	
  1.7642000e+001	  5.9434101e+005	  3.1036411e+002	  1.1233913e-001	
  1.7667000e+001	  5.9180767e+005	  3.1036576e+002	  1.4921375e-001	
  1.7683000e+001	  5.9009352e+005	  3.1036681e+002	 -2.2311137e-002	
  1.7703000e+001	  5.8696013e+005	  3.1036812e+002	  1.5118439e-001	
  1.7722000e+001	  5.8863947e+005	  3.1036937e+002	  3.1793656e-001	
  1.7743000e+001	  5.8953648e+005	  3.1037074e+002	  7.2777240e-002	
  1.7762000e+001	  5.8895076e+005	  3.1037199e+002	  1.5647507e-001	
  1.7786000e+001	  5.9179743e+005	  3.1037355e+002	  1.9689634e-001	
  1.7803000e+001	  5.9019797e+005	  3.1037466e+002	  3.0659362e-001	
  1.7823000e+001	  5.8727552e+005	  3.1037597e+002	  1.5164209e-001	
  1.7842000e+001	  5.8384722e+005	  3.1037720e+002	  3.5367159e-001	
  1.7863000e+001	  5.8529923e+005	  3.1037857e+002	  3.5640057e-001	
  1.7882000e+001	  5.8945865e+005	  3.1037980e+002	  2.2085077e-001	
  1.7906000e+001	  5.8725914e+005	  3.1038136e+002	  2.9251696e-001	
  1.7922000e+001	  5.8928253e+005	  3.1038240e+002	  2.4950771e-001	
  1.7943000e+001	  5.9080827e+005	  3.1038376e+002	  3.1269702e-001	
  1.7962000e+001	  5.8525827e+005	  3.1038498e+002	  2.6164189e-001	
  1.7983000e+001	  7.2008629e+004	  3.1038634e+002	  3.1800964e-001	
  1.8002000e+001	  7.1840696e+004	  3.1038757e+002	  1.3096244e-001	
  1.8026000e+001	  7.1654331e+004	  3.1038911e+002	  2.3864327e-001	
  1.8042000e+001	  7.1572412e+004	  3.1039014e+002	  1.4758499e-001	
  1.8063000e+001	  7.1619515e+004	  3.1039149e+002	  3.0301030e-001	
  1.8083000e+001	  7.1719866e+004	  3.1039277e+002	  9.6382675e-002	
  1.8103000e+001	  7.1830456e+004	  3.1039406e+002	  2.8863273e-001	
  1.8123000e+001	  7.1234497e+004	  3.1039534e+002	  1.4716953e-001	
  1.8146000e+001	  7.1467965e+004	  3.1039681e+002	  3.5218763e-001	
  1.8163000e+001	  7.1504829e+004	  3.1039789e+002	  7.0710244e-002	
  1.8186000e+001	  7.1121859e+004	  3.1039936e+002	  2.0233227e-001	
  1.8203000e+001	  7.1703482e+004	  3.1040044e+002	 -6.1578950e-003	
  1.8222000e+001	  7.1302080e+004	  3.1040165e+002	  2.1923803e-001	
  1.8243000e+001	  7.1787449e+004	  3.1040299e+002	  1.4270866e-001	
  1.8263000e+001	  7.1803833e+004	  3.1040426e+002	  2.7483921e-001	
  1.8283000e+001	  7.1830456e+004	  3.1040553e+002	  8.9115595e-002	
  1.8302000e+001	  7.1754681e+004	  3.1040673e+002	  1.5253446e-001	
  1.8327000e+001	  7.1680954e+004	  3.1040831e+002	  1.2863913e-002	
  1.8342000e+001	  7.1844792e+004	  3.1040926e+002	 -1.0126189e-001	
  1.8363000e+001	  7.1680954e+004	  3.1041058e+002	  1.2720981e-001	
  1.8383000e+001	  7.1754681e+004	  3.1041184e+002	  2.0298140e-002	
  1.8403000e+001	  7.2000438e+004	  3.1041310e+002	 -2.5404642e-003	
  1.8422000e+001	  7.1502781e+004	  3.1041430e+002	  9.0951692e-002	
  1.8443000e+001	  7.1654330e+004	  3.1041562e+002	 -1.7060877e-001	
  1.8462000e+001	  7.2014773e+004	  3.1041681e+002	 -1.7038309e-001	
  1.8486000e+001	  7.1451581e+004	  3.1041831e+002	 -7.9662919e-002	
  1.8502000e+001	  7.1476157e+004	  3.1041931e+002	 -3.3989072e-001	
  1.8523000e+001	  7.1562172e+004	  3.1042062e+002	 -2.9357837e-001	
  1.8542000e+001	  7.1506877e+004	  3.1042181e+002	 -1.2440128e-001	
  1.8565000e+001	  7.1957430e+004	  3.1042324e+002	 -2.9956306e-001	
  1.8583000e+001	  7.1664571e+004	  3.1042436e+002	 -1.4577431e-001	
  1.8603000e+001	  7.1519165e+004	  3.1042561e+002	 -5.4933081e-002	
  1.8623000e+001	  7.1470013e+004	  3.1042685e+002	 -2.6302272e-001	
  1.8643000e+001	  7.1439294e+004	  3.1042809e+002	 -1.6884266e-001	
  1.8663000e+001	  7.1467966e+004	  3.1042933e+002	 -4.2254812e-001	
  1.8683000e+001	  7.1545788e+004	  3.1043057e+002	 -3.2750369e-001	
  1.8707000e+001	  7.1801785e+004	  3.1043205e+002	 -2.7451588e-001	
  1.8725000e+001	  7.1371711e+004	  3.1043316e+002	 -2.7805659e-001	
  1.8743000e+001	  7.1457725e+004	  3.1043427e+002	 -1.5762418e-001	
  1.8765000e+001	  7.1539644e+004	  3.1043562e+002	 -3.0387757e-001	
  1.8783000e+001	  2.9219394e+005	  3.1043673e+002	 -1.9557664e-001	
  1.8803000e+001	  5.7165361e+005	  3.1043795e+002	 -2.9370776e-001	
  1.8823000e+001	  5.6480725e+005	  3.1043918e+002	 -2.8389102e-001	
  1.8845000e+001	  5.6698015e+005	  3.1044053e+002	 -3.7265563e-001	
  1.8863000e+001	  5.5876165e+005	  3.1044163e+002	 -2.3610493e-001	
  1.8882000e+001	  5.6090997e+005	  3.1044279e+002	 -1.0938454e-001	
  1.8906000e+001	  5.6525781e+005	  3.1044425e+002	 -1.3549300e-001	
  1.8923000e+001	  5.6540526e+005	  3.1044529e+002	 -9.1735623e-002	
  1.8943000e+001	  5.6671391e+005	  3.1044650e+002	 -3.5290329e-002	
  1.8962000e+001	  5.6971009e+005	  3.1044766e+002	 -3.3470279e-002	
  1.8983000e+001	  5.7257725e+005	  3.1044893e+002	 -1.6822675e-001	
  1.9003000e+001	  5.6592340e+005	  3.1045015e+002	 -2.7828597e-001	
  1.9023000e+001	  5.6762116e+005	  3.1045136e+002	 -1.3375880e-001	
  1.9045000e+001	  5.6730578e+005	  3.1045268e+002	 -1.7792508e-001	
  1.9065000e+001	  5.7118463e+005	  3.1045389e+002	 -2.0830354e-001	
  1.9084000e+001	  5.7001933e+005	  3.1045504e+002	 -1.2414040e-001	
  1.9103000e+001	  5.7302166e+005	  3.1045618e+002	  8.0851674e-002	
  1.9125000e+001	  5.7482182e+005	  3.1045750e+002	 -2.7183427e-002	
  1.9143000e+001	  5.7719542e+005	  3.1045858e+002	 -8.7218650e-002	
  1.9163000e+001	  5.7392686e+005	  3.1045978e+002	 -8.6644011e-002	
  1.9183000e+001	  5.7832999e+005	  3.1046098e+002	  1.5453827e-002	
  1.9206000e+001	  5.7780776e+005	  3.1046236e+002	 -1.0243410e-001	
  1.9223000e+001	  5.7823783e+005	  3.1046337e+002	  7.1179173e-002	
  1.9243000e+001	  5.8131798e+005	  3.1046456e+002	 -8.2764463e-003	
  1.9263000e+001	  5.7946866e+005	  3.1046576e+002	 -2.8808068e-002	
  1.9283000e+001	  5.7902016e+005	  3.1046695e+002	  1.4774748e-001	
  1.9303000e+001	  5.7682064e+005	  3.1046813e+002	 -5.7612246e-003	
  1.9323000e+001	  5.7498771e+005	  3.1046932e+002	  1.6919293e-001	
  1.9342000e+001	  5.7530105e+005	  3.1047045e+002	  1.1647585e-001	
  1.9363000e+001	  5.7123992e+005	  3.1047169e+002	  2.6002067e-001	
  1.9383000e+001	  5.7048013e+005	  3.1047287e+002	 -4.0225756e-002	
  1.9406000e+001	  5.6477449e+005	  3.1047423e+002	  1.6110383e-001	
  1.9423000e+001	  5.6817616e+005	  3.1047523e+002	  1.2662866e-001	
  1.9443000e+001	  5.6969576e+005	  3.1047641e+002	  2.0960609e-001	
  1.9463000e+001	  5.7020570e+005	  3.1047758e+002	  2.0757817e-001	
  1.9484000e+001	  5.7221271e+005	  3.1047881e+002	  1.6536405e-001	
  1.9502000e+001	  5.7724866e+005	  3.1047987e+002	  3.0754655e-001	
  1.9523000e+001	  5.8192622e+005	  3.1048110e+002	  3.4748144e-001	
  1.9542000e+001	  5.7793883e+005	  3.1048221e+002	  2.6251477e-001	
  1.9563000e+001	  5.8474218e+005	  3.1048343e+002	  1.2903506e-001	
  1.9583000e+001	  5.8288058e+005	  3.1048460e+002	  2.5388252e-001	
  1.9606000e+001	  7.1322560e+004	  3.1048594e+002	  2.4785494e-001	
  1.9623000e+001	  7.1680954e+004	  3.1048693e+002	  1.5704694e-001	
  1.9643000e+001	  7.1955382e+004	  3.1048809e+002	  1.1620979e-001	
  1.9663000e+001	  7.1744441e+004	  3.1048925e+002	  6.1375949e-002	
  1.9683000e+001	  7.1902135e+004	  3.1049041e+002	  9.4791804e-002	
  1.9706000e+001	  7.1697338e+004	  3.1049173e+002	  1.4280361e-001	
  1.9723000e+001	  7.1683002e+004	  3.1049272e+002	  2.1943968e-001	
  1.9743000e+001	  7.1103427e+004	  3.1049387e+002	  1.9505837e-001	
  1.9763000e+001	  7.1373759e+004	  3.1049502e+002	  8.0200217e-002	
  1.9783000e+001	  7.1668666e+004	  3.1049617e+002	  2.1785216e-001	
  1.9803000e+001	  7.1652283e+004	  3.1049732e+002	  1.4197166e-001	
  1.9823000e+001	  7.1302080e+004	  3.1049846e+002	  1.7626134e-001	
  1.9845000e+001	  7.2225714e+004	  3.1049972e+002	  1.9299095e-001	
  1.9863000e+001	  7.1515069e+004	  3.1050075e+002	  1.8675163e-001	
  1.9882000e+001	  7.1590844e+004	  3.1050184e+002	 -2.0102132e-002	
  1.9903000e+001	  7.1492541e+004	  3.1050303e+002	  1.4134899e-002	
  1.9922000e+001	  7.1840695e+004	  3.1050412e+002	 -1.0181355e-002	
  1.9946000e+001	  7.1621563e+004	  3.1050548e+002	 -1.7036985e-002	
  1.9963000e+001	  7.1494589e+004	  3.1050644e+002	  1.0939078e-001	
  1.9984000e+001	  7.1539644e+004	  3.1050764e+002	 -3.0260976e-002	
  2.0003000e+001	  7.1381951e+004	  3.1050871e+002	  2.2428259e-002	
  2.0024000e+001	  7.1988150e+004	  3.1050990e+002	  3.1115512e-002	
  2.0042000e+001	  7.1754681e+004	  3.1051091e+002	 -1.9428033e-002	
  2.0063000e+001	  7.1750585e+004	  3.1051210e+002	 -2.2314211e-002	
  2.0084000e+001	  7.1631803e+004	  3.1051328e+002	 -1.4149741e-001	
  2.0105000e+001	  7.1410623e+004	  3.1051446e+002	 -2.5861767e-002	
  2.0123000e+001	  7.1941046e+004	  3.1051547e+002	 -1.7460663e-001	
  2.0146000e+001	  7.1402431e+004	  3.1051676e+002	 -5.4428708e-002	
  2.0164000e+001	  7.1691194e+004	  3.1051776e+002	 -1.4311007e-001	
  2.0183000e+001	  7.1576508e+004	  3.1051882e+002	 -1.4986091e-001	
  2.0204000e+001	  7.1336895e+004	  3.1052000e+002	 -8.7167465e-002	
  2.0223000e+001	  7.1674810e+004	  3.1052105e+002	 -1.0805707e-001	
  2.0243000e+001	  7.1846840e+004	  3.1052217e+002	 -2.5826591e-001	
  2.0266000e+001	  7.1717818e+004	  3.1052344e+002	 -3.2913630e-001	
  2.0284000e+001	  7.1719866e+004	  3.1052444e+002	 -2.1807876e-001	
  2.0304000e+001	  7.1144387e+004	  3.1052555e+002	 -1.3758497e-001	
  2.0323000e+001	  7.1666618e+004	  3.1052660e+002	 -2.0207229e-001	
  2.0343000e+001	  7.2283057e+004	  3.1052770e+002	 -3.5419387e-001	
  2.0363000e+001	  7.1844792e+004	  3.1052881e+002	 -1.8052547e-001	
  2.0383000e+001	  7.1859127e+004	  3.1052991e+002	 -1.4170949e-001	
  2.0403000e+001	  5.6975515e+005	  3.1053101e+002	 -1.8502984e-001	
  2.0423000e+001	  5.7164952e+005	  3.1053211e+002	 -3.1908417e-001	
  2.0443000e+001	  5.6997633e+005	  3.1053320e+002	 -2.3158604e-001	
  2.0463000e+001	  5.7455763e+005	  3.1053430e+002	 -3.3762212e-001	
  2.0484000e+001	  5.7654826e+005	  3.1053544e+002	 -2.3649825e-001	
  2.0503000e+001	  5.7809038e+005	  3.1053648e+002	 -1.7729254e-001	
  2.0523000e+001	  5.7650730e+005	  3.1053757e+002	 -2.0881366e-001	
  2.0543000e+001	  5.8331680e+005	  3.1053866e+002	 -2.3698014e-001	
  2.0563000e+001	  5.8016702e+005	  3.1053974e+002	 -1.8646211e-001	
  2.0583000e+001	  5.8173167e+005	  3.1054083e+002	 -1.6149722e-001	
  2.0606000e+001	  5.8064829e+005	  3.1054207e+002	 -2.5796881e-001	
  2.0624000e+001	  5.8300960e+005	  3.1054305e+002	 -5.0502201e-002	
  2.0643000e+001	  5.7816615e+005	  3.1054407e+002	 -1.9938547e-001	
  2.0664000e+001	  5.7889114e+005	  3.1054520e+002	 -4.7656812e-003	
  2.0683000e+001	  5.8034519e+005	  3.1054623e+002	 -1.9261764e-001	
  2.0703000e+001	  5.8289082e+005	  3.1054730e+002	 -5.9770371e-002	
  2.0723000e+001	  5.7809652e+005	  3.1054837e+002	  2.4640088e-003	
  2.0744000e+001	  5.8590952e+005	  3.1054950e+002	 -5.4885639e-002	
  2.0763000e+001	  5.8359122e+005	  3.1055052e+002	  6.7765674e-002	
  2.0783000e+001	  5.8517840e+005	  3.1055158e+002	  1.0409402e-001	
  2.0806000e+001	  5.8585218e+005	  3.1055281e+002	  9.0223907e-002	
  2.0823000e+001	  5.8847972e+005	  3.1055371e+002	  3.3071311e-002	
  2.0843000e+001	  5.8676148e+005	  3.1055478e+002	  1.0517117e-001	
  2.0863000e+001	  5.8395167e+005	  3.1055584e+002	  3.3751246e-002	
  2.0886000e+001	  5.8450052e+005	  3.1055706e+002	  3.6845231e-002	
  2.0903000e+001	  5.8143881e+005	  3.1055796e+002	  3.9038623e-002	
  2.0923000e+001	  5.7787329e+005	  3.1055901e+002	  1.1278953e-001	
  2.0947000e+001	  5.7928230e+005	  3.1056028e+002	  1.6477077e-001	
  2.0963000e+001	  5.7942975e+005	  3.1056112e+002	  2.5086173e-001	
  2.0983000e+001	  5.7769103e+005	  3.1056217e+002	  1.5805373e-001	
  2.1006000e+001	  5.7325717e+005	  3.1056338e+002	  1.5512481e-001	
  2.1023000e+001	  5.7814363e+005	  3.1056427e+002	  8.3992930e-002	
  2.1043000e+001	  5.7397806e+005	  3.1056532e+002	  3.4129565e-001	
  2.1063000e+001	  5.7060710e+005	  3.1056636e+002	  1.8996190e-001	
  2.1086000e+001	  5.6632275e+005	  3.1056756e+002	  1.8584161e-001	
  2.1103000e+001	  5.6376689e+005	  3.1056845e+002	  3.6612463e-001	
  2.1124000e+001	  5.6284120e+005	  3.1056954e+002	  3.4669939e-001	
  2.1143000e+001	  5.5975492e+005	  3.1057053e+002	  6.6292832e-002	
  2.1164000e+001	  5.6333886e+005	  3.1057161e+002	  3.8246972e-001	
  2.1183000e+001	  5.5978973e+005	  3.1057260e+002	  1.9857634e-001	
  2.1207000e+001	  7.1895991e+004	  3.1057384e+002	  2.4751134e-001	
  2.1223000e+001	  7.1857079e+004	  3.1057466e+002	  2.0278273e-001	
