  0.0000000e+000	  2.2063038e-011	  0.0000000e+000	  8.9358491e+002	  0.0000000e+000	
  4.8828125e-002	  7.1504258e-004	 -1.0685949e+000	  1.5998866e+003	 -1.0323285e+000	
  9.7656250e-002	  8.6775557e-003	 -3.0779903e+000	  1.8962436e+003	 -2.9436324e+000	
  1.4648438e-001	  1.8283037e-002	 -5.0672412e+000	  1.5832921e+003	 -5.0797785e+000	
  1.9531250e-001	  6.6727749e-003	 -6.9656335e+000	  1.2496352e+003	 -7.1830784e+000	
  2.4414063e-001	  8.5151603e-003	 -8.9161740e+000	  6.4285071e+002	 -9.0025975e+000	
  2.9296875e-001	  1.0723785e-002	 -1.1224388e+001	  4.5829074e+002	 -8.6190778e+000	
  3.4179688e-001	  1.9145313e-002	 -1.3474057e+001	  9.8293433e+002	 -1.0347758e+001	
  3.9062500e-001	  5.6374062e-003	 -1.5694437e+001	  8.1365690e+002	 -1.2299784e+001	
  4.3945313e-001	  5.6683956e-003	 -1.8046824e+001	  7.3850913e+002	 -1.4047140e+001	
  4.8828125e-001	  1.4080204e-003	 -2.0462376e+001	  7.2887498e+002	 -1.5705135e+001	
  5.3710938e-001	  1.8657882e-003	 -2.2387875e+001	  8.6211517e+002	 -1.7267059e+001	
  5.8593750e-001	  1.7116595e-002	 -2.4228262e+001	  1.3931569e+003	 -1.9420415e+001	
  6.3476563e-001	  8.3631379e-003	 -2.5928380e+001	  1.2285099e+003	 -2.1200556e+001	
  6.8359375e-001	  1.4918658e-002	 -2.7506295e+001	  9.5838903e+002	 -2.2292384e+001	
  7.3242188e-001	  9.0256174e-003	 -2.9140821e+001	  1.0856359e+003	 -2.0303643e+001	
  7.8125000e-001	  4.8409725e-003	 -3.1336694e+001	  6.1511632e+002	 -2.2698590e+001	
  8.3007813e-001	  1.5774249e-002	 -2.8589378e+001	  4.7379353e+003	 -2.1459219e+001	
  8.7890625e-001	  3.3666158e-002	 -2.8925475e+001	  1.3941018e+004	 -2.0699536e+001	
  9.2773438e-001	  4.3317824e-003	 -3.0553758e+001	  8.2891371e+004	 -2.2740854e+001	
  9.7656250e-001	  1.3314136e-001	 -3.2644380e+001	  1.5603878e+005	 -2.4860120e+001	
  1.0253906e+000	  1.1486130e-001	 -3.4784798e+001	  1.5345737e+005	 -2.6990874e+001	
  1.0742188e+000	  1.4879834e-002	 -3.7003317e+001	  7.8857079e+004	 -2.9125415e+001	
  1.1230469e+000	  2.1010080e-002	 -3.9743515e+001	  1.2980409e+004	 -3.1226841e+001	
  1.1718750e+000	  2.8123613e-002	 -4.2607045e+001	  3.9824602e+003	 -3.0527498e+001	
  1.2207031e+000	  4.4947928e-003	 -4.3598154e+001	  1.0606970e+003	 -2.8145653e+001	
  1.2695313e+000	  1.4589741e-002	 -4.5436189e+001	  5.9523160e+002	 -3.0944652e+001	
  1.3183594e+000	  1.4662091e-002	 -4.7301536e+001	  7.5696003e+002	 -3.0237516e+001	
  1.3671875e+000	  5.2110592e-003	 -4.8795290e+001	  1.8190562e+002	 -3.2199510e+001	
  1.4160156e+000	  1.7508167e-002	 -5.0496876e+001	  3.1033956e+002	 -3.4499168e+001	
  1.4648438e+000	  7.4237573e-003	 -5.2311088e+001	  3.5465095e+002	 -3.6401412e+001	
  1.5136719e+000	  4.5518234e-003	 -5.4067040e+001	  5.0650952e+002	 -3.6070020e+001	
  1.5625000e+000	  5.6661952e-003	 -5.6168254e+001	  7.5268128e+002	 -3.8025168e+001	
  1.6113281e+000	  7.8459408e-003	 -5.8773913e+001	  5.4474052e+002	 -4.0084124e+001	
  1.6601563e+000	  7.1750135e-003	 -6.1284056e+001	  4.7786650e+002	 -4.2180571e+001	
  1.7089844e+000	  7.4485083e-003	 -6.3770758e+001	  3.8044984e+002	 -4.4452426e+001	
  1.7578125e+000	  2.1135149e-003	 -6.6749574e+001	  3.8037613e+002	 -4.6681707e+001	
  1.8066406e+000	  5.8313988e-003	 -6.9636615e+001	  4.0817314e+002	 -4.8443640e+001	
  1.8554688e+000	  5.8986875e-003	 -7.1310147e+001	  2.9082158e+002	 -4.9479130e+001	
  1.9042969e+000	  7.1852043e-003	 -7.2685294e+001	  3.3247477e+002	 -5.0373197e+001	
  1.9531250e+000	  6.1856944e-003	 -7.4663504e+001	  2.3377552e+002	 -5.1116899e+001	
  2.0019531e+000	  7.7332026e-003	 -7.6977068e+001	  4.1414457e+002	 -5.1844289e+001	
  2.0507813e+000	  9.3902646e-003	 -7.9421756e+001	  4.9880102e+002	 -5.3366681e+001	
  2.0996094e+000	  1.3265243e-003	 -8.1900468e+001	  2.6191628e+002	 -5.5005184e+001	
  2.1484375e+000	  4.9194476e-003	 -8.4096764e+001	  1.3384499e+002	 -5.4411677e+001	
  2.1972656e+000	  3.8482387e-003	 -8.5216459e+001	  2.1465356e+002	 -5.5606267e+001	
  2.2460938e+000	  8.5876942e-003	 -8.6789384e+001	  2.6780982e+002	 -5.6170408e+001	
  2.2949219e+000	  8.6322037e-003	 -8.8783796e+001	  4.1906863e+002	 -5.7377555e+001	
  2.3437500e+000	  8.7270918e-003	 -9.0990689e+001	  4.8677930e+002	 -5.8727216e+001	
  2.3925781e+000	  4.6929430e-003	 -9.3475210e+001	  5.4239232e+002	 -6.0259773e+001	
  2.4414063e+000	  7.5859180e-003	 -9.5821724e+001	  4.9931326e+002	 -6.2164774e+001	
  2.4902344e+000	  1.5557080e-002	 -9.8013462e+001	  2.3827266e+002	 -6.4351214e+001	
  2.5390625e+000	  1.4913239e-002	 -1.0036907e+002	  4.8768217e+001	 -6.5776839e+001	
  2.5878906e+000	  1.2119309e-002	 -1.0292527e+002	  2.0546822e+002	 -6.7672127e+001	
  2.6367188e+000	  1.0815977e-002	 -1.0530652e+002	  2.7785102e+002	 -6.8858682e+001	
  2.6855469e+000	  9.4703464e-003	 -1.0671486e+002	  3.6729630e+002	 -6.9993861e+001	
  2.7343750e+000	  8.6306289e-003	 -1.0645725e+002	  4.4048828e+002	 -6.9404152e+001	
  2.7832031e+000	  7.5717267e-003	 -1.0793224e+002	  4.4940717e+001	 -6.9690700e+001	
  2.8320313e+000	  8.7342239e-003	 -1.0735190e+002	  2.0161346e+003	 -7.0095414e+001	
  2.8808594e+000	  4.7017373e-003	 -1.0858102e+002	  5.3572766e+003	 -6.9512686e+001	
  2.9296875e+000	  6.1884584e-003	 -1.1031097e+002	  2.9463492e+004	 -7.1461767e+001	
  2.9785156e+000	  1.4320547e-002	 -1.1250575e+002	  5.3027023e+004	 -7.3566692e+001	
  3.0273438e+000	  1.4695355e-002	 -1.1480347e+002	  5.0130779e+004	 -7.5701745e+001	
  3.0761719e+000	  3.2762435e-003	 -1.1703777e+002	  2.4808259e+004	 -7.7858813e+001	
  3.1250000e+000	  4.5864910e-003	 -1.1928851e+002	  4.0022457e+003	 -8.0022872e+001	
  3.1738281e+000	  5.9598934e-003	 -1.2203352e+002	  1.1868173e+003	 -7.9513980e+001	
  3.2226563e+000	  5.9425148e-003	 -1.2508751e+002	  6.3063868e+002	 -7.6464503e+001	
  3.2714844e+000	  8.1524624e-003	 -1.2783735e+002	  1.5754600e+002	 -7.7395929e+001	
  3.3203125e+000	  6.7592901e-003	 -1.3058257e+002	  4.3734230e+002	 -7.8666280e+001	
  3.3691406e+000	  6.4704803e-003	 -1.3343332e+002	  1.8249987e+002	 -8.0081358e+001	
  3.4179688e+000	  3.6985585e-003	 -1.3084673e+002	  2.3555113e+002	 -8.1886233e+001	
  3.4667969e+000	  6.1753961e-003	 -1.2835423e+002	  2.9043050e+002	 -8.3584994e+001	
  3.5156250e+000	  6.8007037e-003	 -1.3101172e+002	  4.2017036e+002	 -8.4841601e+001	
  3.5644531e+000	  3.5976977e-003	 -1.3370450e+002	  4.1057167e+002	 -8.6479585e+001	
  3.6132813e+000	  7.0283756e-003	 -1.3626934e+002	  3.0096473e+002	 -8.8089393e+001	
  3.6621094e+000	  2.7637769e-003	 -1.3863563e+002	  1.9087146e+002	 -8.9970898e+001	
  3.7109375e+000	  4.6701256e-003	 -1.4089539e+002	  5.4118550e+001	 -9.2528391e+001	
  3.7597656e+000	  1.3572674e-002	 -1.4297496e+002	  6.6389090e+001	 -9.5341960e+001	
  3.8085938e+000	  4.1797123e-003	 -1.4482734e+002	  9.5924454e+001	 -9.5927356e+001	
  3.8574219e+000	  7.9192718e-003	 -1.4658864e+002	  2.7166363e+002	 -9.6892081e+001	
  3.9062500e+000	  8.7964257e-003	 -1.4828542e+002	  3.5290284e+002	 -9.8382363e+001	
  3.9550781e+000	  4.1139317e-003	 -1.4980642e+002	  2.5198488e+002	 -9.9356143e+001	
  4.0039063e+000	  1.7167391e-002	 -1.5147967e+002	  3.4368803e+002	 -1.0012202e+002	
  4.0527344e+000	  2.9755848e-003	 -1.5317350e+002	  3.5372718e+002	 -1.0151212e+002	
  4.1015625e+000	  8.2306903e-003	 -1.5481723e+002	  1.8408676e+002	 -1.0264853e+002	
  4.1503906e+000	  8.1256851e-003	 -1.5697960e+002	  1.5054373e+002	 -1.0322864e+002	
  4.1992188e+000	  1.1967339e-002	 -1.5918219e+002	  7.0748294e+001	 -1.0360914e+002	
  4.2480469e+000	  7.8009673e-003	 -1.6121238e+002	  2.1842943e+002	 -1.0400249e+002	
  4.2968750e+000	  3.3567178e-003	 -1.6306533e+002	  3.1941547e+002	 -1.0529138e+002	
  4.3457031e+000	  5.4787510e-003	 -1.6152960e+002	  3.8641381e+002	 -1.0663228e+002	
  4.3945313e+000	  3.1772941e-003	 -1.6341257e+002	  3.6676791e+002	 -1.0817143e+002	
  4.4433594e+000	  3.6222578e-003	 -1.6558297e+002	  2.1831462e+002	 -1.0972342e+002	
  4.4921875e+000	  6.3720058e-003	 -1.6871190e+002	  1.4804577e+002	 -1.1037898e+002	
  4.5410156e+000	  7.5989716e-003	 -1.6638259e+002	  1.4826277e+002	 -1.1192790e+002	
  4.5898438e+000	  7.4225563e-003	 -1.6824541e+002	  3.1652469e+001	 -1.1199792e+002	
  4.6386719e+000	  8.5201484e-003	 -1.6965742e+002	  1.0132713e+002	 -1.0932225e+002	
  4.6875000e+000	  2.6958174e-003	 -1.7117837e+002	  2.4826198e+002	 -1.1114626e+002	
  4.7363281e+000	  3.7393950e-003	 -1.7290071e+002	  5.1219893e+002	 -1.1164740e+002	
  4.7851563e+000	  5.7864329e-003	 -1.7489135e+002	  2.8245048e+002	 -1.1216256e+002	
  4.8339844e+000	  6.9831697e-003	 -1.7725530e+002	  1.3252627e+003	 -1.1262097e+002	
  4.8828125e+000	  4.4764950e-003	 -1.7572077e+002	  3.7293726e+003	 -1.1194459e+002	
  4.9316406e+000	  1.0674759e-002	 -1.7808623e+002	  1.8837155e+004	 -1.1388845e+002	
  4.9804688e+000	  1.0239523e-002	 -1.8025560e+002	  3.2443669e+004	 -1.1599162e+002	
  5.0292969e+000	  4.4697972e-004	 -1.8075424e+002	  2.9602715e+004	 -1.1813585e+002	
  5.0781250e+000	  1.2907517e-002	 -1.8211497e+002	  1.4237835e+004	 -1.2031529e+002	
  5.1269531e+000	  1.2107416e-002	 -1.8429461e+002	  2.3088880e+003	 -1.2252022e+002	
  5.1757813e+000	  1.1216581e-002	 -1.8647832e+002	  6.7720913e+002	 -1.2208405e+002	
  5.2246094e+000	  1.4070591e-002	 -1.8860790e+002	  3.0033056e+002	 -1.2499878e+002	
  5.2734375e+000	  8.5003078e-003	 -1.9069860e+002	  1.6124473e+002	 -1.2437380e+002	
  5.3222656e+000	  1.0177039e-003	 -1.9267626e+002	  1.5809489e+002	 -1.2621581e+002	
  5.3710938e+000	  1.6205185e-003	 -1.9261777e+002	  1.6728877e+002	 -1.2672914e+002	
  5.4199219e+000	  5.5405727e-003	 -1.9441763e+002	  6.3006894e+001	 -1.2885800e+002	
  5.4687500e+000	  3.0893776e-003	 -1.9634763e+002	  5.8817478e+001	 -1.3103057e+002	
  5.5175781e+000	  4.1867236e-003	 -1.9624710e+002	  2.2066319e+002	 -1.3269251e+002	
  5.5664063e+000	  2.7604249e-003	 -1.9803180e+002	  2.2403156e+002	 -1.3452561e+002	
  5.6152344e+000	  2.4313317e-003	 -1.9666935e+002	  5.4865800e+001	 -1.3601988e+002	
  5.6640625e+000	  4.9239956e-003	 -1.9884927e+002	  1.7476499e+002	 -1.3533224e+002	
  5.7128906e+000	  5.8175055e-003	 -2.0123750e+002	  2.9189050e+002	 -1.3708028e+002	
  5.7617188e+000	  4.7936032e-003	 -2.0396530e+002	  2.4670883e+002	 -1.3850332e+002	
  5.8105469e+000	  9.2650003e-003	 -2.0657658e+002	  1.8181604e+002	 -1.3946180e+002	
  5.8593750e+000	  8.3770911e-003	 -2.0911228e+002	  1.5484772e+002	 -1.3997465e+002	
  5.9082031e+000	  4.6648675e-003	 -2.0605672e+002	  1.9978700e+002	 -1.4064443e+002	
  5.9570313e+000	  8.3622387e-003	 -2.0904760e+002	  2.4562721e+002	 -1.4148686e+002	
  6.0058594e+000	  6.3327045e-003	 -2.1108184e+002	  2.8218525e+002	 -1.4243470e+002	
  6.0546875e+000	  7.4678963e-003	 -2.1247082e+002	  3.0312176e+002	 -1.4349514e+002	
  6.1035156e+000	  1.0021569e-002	 -2.1385663e+002	  2.5377008e+002	 -1.4447627e+002	
  6.1523438e+000	  1.3890188e-002	 -2.1559500e+002	  2.9314184e+002	 -1.4535222e+002	
  6.2011719e+000	  1.0480789e-002	 -2.1738948e+002	  2.8315713e+002	 -1.4662523e+002	
  6.2500000e+000	  5.0596381e-003	 -2.1898328e+002	  2.0412718e+002	 -1.4757341e+002	
  6.2988281e+000	  6.2623135e-003	 -2.1749841e+002	  2.2913445e+002	 -1.4847861e+002	
  6.3476563e+000	  9.4751180e-003	 -2.1906125e+002	  2.0472063e+002	 -1.4982572e+002	
  6.3964844e+000	  8.4532354e-003	 -2.2099236e+002	  1.2109242e+002	 -1.5102299e+002	
  6.4453125e+000	  4.6093239e-003	 -2.1924113e+002	  4.6877118e+001	 -1.5230440e+002	
  6.4941406e+000	  7.3735733e-003	 -2.2152500e+002	  8.7009775e+001	 -1.5121568e+002	
  6.5429688e+000	  3.1331011e-003	 -2.2289998e+002	  1.3415672e+002	 -1.5284164e+002	
  6.5917969e+000	  9.0893663e-003	 -2.2437121e+002	  7.2806942e+001	 -1.5385445e+002	
  6.6406250e+000	  2.0469100e-002	 -2.2627513e+002	  1.4311805e+002	 -1.5313531e+002	
  6.6894531e+000	  1.4100307e-002	 -2.2819298e+002	  1.4592664e+002	 -1.5500464e+002	
  6.7382813e+000	  7.1442847e-003	 -2.2994756e+002	  3.3476320e+002	 -1.5336883e+002	
  6.7871094e+000	  7.8167374e-003	 -2.3138246e+002	  3.9277748e+002	 -1.5390546e+002	
  6.8359375e+000	  3.4336266e-003	 -2.3223607e+002	  1.2016405e+003	 -1.5489633e+002	
  6.8847656e+000	  8.9736169e-003	 -2.3374717e+002	  3.1021127e+003	 -1.5444661e+002	
  6.9335938e+000	  6.2194390e-003	 -2.3260096e+002	  1.4335612e+004	 -1.5631865e+002	
  6.9824219e+000	  1.2703618e-002	 -2.3459938e+002	  2.3699036e+004	 -1.5841658e+002	
  7.0312500e+000	  1.9813826e-003	 -2.3638774e+002	  2.0983415e+004	 -1.6057329e+002	
  7.0800781e+000	  6.6017124e-003	 -2.3809477e+002	  9.9393093e+003	 -1.6277894e+002	
  7.1289063e+000	  1.2036002e-002	 -2.4030043e+002	  1.6871795e+003	 -1.6496512e+002	
  7.1777344e+000	  7.3856139e-003	 -2.4274901e+002	  6.7077372e+002	 -1.6488365e+002	
  7.2265625e+000	  7.2850518e-003	 -2.4505136e+002	  4.7954380e+002	 -1.6721314e+002	
  7.2753906e+000	  5.2708841e-003	 -2.4652530e+002	  1.9219402e+002	 -1.6798097e+002	
  7.3242188e+000	  7.7019648e-003	 -2.4685309e+002	  1.5694165e+002	 -1.6966767e+002	
  7.3730469e+000	  1.0437627e-002	 -2.4873472e+002	  3.5092973e+001	 -1.7261300e+002	
  7.4218750e+000	  2.3504320e-003	 -2.5055072e+002	  8.2357074e+001	 -1.7400576e+002	
  7.4707031e+000	  2.2234932e-003	 -2.5219328e+002	  7.6629875e+001	 -1.7489255e+002	
  7.5195313e+000	  7.1972247e-003	 -2.5430583e+002	  1.4334488e+002	 -1.7577889e+002	
  7.5683594e+000	  9.4715537e-003	 -2.5655923e+002	  9.5068130e+001	 -1.7726570e+002	
  7.6171875e+000	  1.1028338e-002	 -2.5870410e+002	  8.0493791e+001	 -1.7781273e+002	
  7.6660156e+000	  1.2193053e-002	 -2.6076385e+002	  5.6245091e+001	 -1.7929017e+002	
  7.7148438e+000	  7.6473187e-003	 -2.6279180e+002	  8.4712336e+001	 -1.7850634e+002	
  7.7636719e+000	  5.4923722e-003	 -2.6484322e+002	  2.0508959e+002	 -1.8011189e+002	
  7.8125000e+000	  1.0407306e-002	 -2.6695547e+002	  1.6472133e+002	 -1.8141652e+002	
  7.8613281e+000	  6.1352729e-003	 -2.6917011e+002	  2.2060662e+002	 -1.8183079e+002	
  7.9101563e+000	  5.0557700e-003	 -2.7190979e+002	  2.9468436e+002	 -1.8310246e+002	
  7.9589844e+000	  2.4881068e-003	 -2.7091187e+002	  2.4044693e+002	 -1.8397074e+002	
  8.0078125e+000	  4.6317264e-003	 -2.7367943e+002	  2.9806162e+002	 -1.8487476e+002	
  8.0566406e+000	  7.3926994e-003	 -2.7591262e+002	  2.3284527e+002	 -1.8592062e+002	
  8.1054688e+000	  7.9435961e-003	 -2.7793722e+002	  2.6211126e+002	 -1.8652082e+002	
  8.1542969e+000	  5.1931390e-003	 -2.7986152e+002	  2.7396527e+002	 -1.8787218e+002	
  8.2031250e+000	  9.0121341e-003	 -2.8184926e+002	  1.0549496e+002	 -1.8848421e+002	
  8.2519531e+000	  1.4023707e-002	 -2.8397866e+002	  2.6229881e+002	 -1.8898337e+002	
  8.3007813e+000	  7.5384520e-003	 -2.8622640e+002	  3.0728773e+002	 -1.9045128e+002	
  8.3496094e+000	  2.1071440e-003	 -2.8897427e+002	  2.4390730e+002	 -1.9180070e+002	
  8.3984375e+000	  2.7338686e-003	 -2.8656274e+002	  1.7552941e+002	 -1.9312213e+002	
  8.4472656e+000	  6.6268334e-003	 -2.8873190e+002	  6.6805676e+001	 -1.9457937e+002	
  8.4960938e+000	  1.0659077e-002	 -2.9075075e+002	  7.0176555e+001	 -1.9393184e+002	
  8.5449219e+000	  4.9371995e-003	 -2.9279248e+002	  7.3463368e+001	 -1.9512495e+002	
  8.5937500e+000	  4.7976742e-003	 -2.9184545e+002	  1.0255148e+002	 -1.9580868e+002	
  8.6425781e+000	  1.0041095e-002	 -2.9410661e+002	  1.2351834e+001	 -1.9578520e+002	
  8.6914063e+000	  4.8689675e-003	 -2.9690555e+002	  8.2052052e+001	 -1.9515620e+002	
  8.7402344e+000	  1.0252177e-002	 -2.9384155e+002	  3.5528080e+002	 -1.9589277e+002	
  8.7890625e+000	  1.0391278e-002	 -2.9635131e+002	  4.3719221e+002	 -1.9618279e+002	
  8.8378906e+000	  8.1688373e-003	 -2.9861771e+002	  1.0180455e+003	 -1.9727673e+002	
  8.8867188e+000	  1.3814591e-002	 -3.0082539e+002	  2.8993226e+003	 -1.9684676e+002	
  8.9355469e+000	  7.4567367e-003	 -3.0320951e+002	  1.1985460e+004	 -1.9873465e+002	
  8.9843750e+000	  9.7700595e-003	 -3.0104520e+002	  1.8862699e+004	 -2.0084032e+002	
  9.0332031e+000	  8.3580423e-003	 -3.0334168e+002	  1.6199839e+004	 -2.0301267e+002	
  9.0820313e+000	  3.6422256e-003	 -3.0515466e+002	  7.6398435e+003	 -2.0523400e+002	
  9.1308594e+000	  6.4856581e-003	 -3.0674524e+002	  1.4373662e+003	 -2.0734094e+002	
  9.1796875e+000	  2.1937938e-003	 -3.0697222e+002	  5.8961202e+002	 -2.0752599e+002	
  9.2285156e+000	  1.3075882e-002	 -3.0864766e+002	  3.1714461e+002	 -2.0934509e+002	
  9.2773438e+000	  1.4526591e-002	 -3.1074828e+002	  2.6974621e+002	 -2.0970446e+002	
  9.3261719e+000	  3.7742933e-003	 -3.1283982e+002	  1.5480434e+002	 -2.1154583e+002	
  9.3750000e+000	  2.8515132e-003	 -3.1300622e+002	  1.5088142e+001	 -2.0956961e+002	
  9.4238281e+000	  7.3457379e-003	 -3.1472022e+002	  6.8923491e+001	 -2.1020189e+002	
  9.4726563e+000	  9.7810659e-003	 -3.1692354e+002	  6.4870058e+001	 -2.1121355e+002	
  9.5214844e+000	  7.5966795e-003	 -3.1914342e+002	  8.6280499e+001	 -2.1188482e+002	
  9.5703125e+000	  4.5157821e-003	 -3.2135020e+002	  5.2352866e+001	 -2.1302435e+002	
  9.6191406e+000	  2.1201921e-003	 -3.2314780e+002	  5.7368298e+001	 -2.1338565e+002	
  9.6679688e+000	  3.2942270e-003	 -3.2492904e+002	  5.9736915e+001	 -2.1427070e+002	
  9.7167969e+000	  1.5988116e-002	 -3.2704017e+002	  9.3473324e+001	 -2.1484012e+002	
  9.7656250e+000	  1.3466923e-002	 -3.2918729e+002	  1.6671258e+002	 -2.1594374e+002	
  9.8144531e+000	  1.5087667e-003	 -3.3129597e+002	  1.8547146e+002	 -2.1711133e+002	
  9.8632813e+000	  2.5255214e-003	 -3.3311487e+002	  2.0256039e+002	 -2.1796050e+002	
  9.9121094e+000	  3.9229326e-003	 -3.3374661e+002	  2.1860563e+002	 -2.1891165e+002	
  9.9609375e+000	  1.4921529e-003	 -3.3545719e+002	  2.4512619e+002	 -2.1970102e+002	
  1.0009766e+001	  9.4763533e-003	 -3.3752793e+002	  2.8760008e+002	 -2.2081981e+002	
  1.0058594e+001	  9.3269195e-003	 -3.3974965e+002	  2.0376320e+002	 -2.2195948e+002	
  1.0107422e+001	  3.9757856e-003	 -3.4216161e+002	  1.6337580e+002	 -2.2242684e+002	
  1.0156250e+001	  4.2220787e-003	 -3.3950082e+002	  1.9326943e+002	 -2.2339871e+002	
  1.0205078e+001	  3.3740025e-003	 -3.3645684e+002	  1.6648746e+002	 -2.2425659e+002	
  1.0253906e+001	  1.3216374e-003	 -3.3849494e+002	  2.0466873e+002	 -2.2511742e+002	
  1.0302734e+001	  6.2441001e-003	 -3.4044668e+002	  2.5666663e+002	 -2.2631915e+002	
  1.0351563e+001	  3.4240842e-003	 -3.4293628e+002	  2.6038538e+002	 -2.2781187e+002	
  1.0400391e+001	  5.3264217e-003	 -3.4582806e+002	  1.8220050e+002	 -2.2942740e+002	
  1.0449219e+001	  4.6448450e-003	 -3.4806672e+002	  5.9447583e+001	 -2.3112715e+002	
  1.0498047e+001	  8.3358842e-003	 -3.5016597e+002	  5.4873730e+001	 -2.3002010e+002	
  1.0546875e+001	  5.6055558e-003	 -3.5215942e+002	  4.2842408e+001	 -2.3151883e+002	
  1.0595703e+001	  6.5028129e-004	 -3.5317387e+002	  4.3002065e+001	 -2.3126132e+002	
  1.0644531e+001	  9.3532681e-003	 -3.5432513e+002	  7.2892811e+001	 -2.3103035e+002	
  1.0693359e+001	  8.4286287e-003	 -3.5642199e+002	  8.5168791e+001	 -2.3132075e+002	
  1.0742188e+001	  4.0881125e-003	 -3.5913645e+002	  3.2530302e+002	 -2.3189166e+002	
  1.0791016e+001	  1.4068023e-002	 -3.6182378e+002	  4.6255664e+002	 -2.3214795e+002	
  1.0839844e+001	  1.2621636e-002	 -3.6405877e+002	  9.3250317e+002	 -2.3328419e+002	
  1.0888672e+001	  3.3785992e-003	 -3.6624160e+002	  2.7700619e+003	 -2.3299703e+002	
  1.0937500e+001	  2.6022721e-003	 -3.6873643e+002	  1.0444678e+004	 -2.3487338e+002	
  1.0986328e+001	  8.7895539e-003	 -3.7106763e+002	  1.5783725e+004	 -2.3698500e+002	
  1.1035156e+001	  4.0027820e-003	 -3.7301173e+002	  1.3203559e+004	 -2.3917170e+002	
  1.1083984e+001	  6.7050853e-003	 -3.7501075e+002	  6.1464777e+003	 -2.4140254e+002	
  1.1132813e+001	  5.2448423e-003	 -3.7747726e+002	  1.1359294e+003	 -2.4340976e+002	
  1.1181641e+001	  6.5676757e-003	 -3.8003837e+002	  6.0992153e+002	 -2.4363260e+002	
  1.1230469e+001	  4.7907453e-003	 -3.8200774e+002	  2.9251333e+002	 -2.4524517e+002	
  1.1279297e+001	  9.5614905e-003	 -3.8380984e+002	  2.7777363e+002	 -2.4566502e+002	
  1.1328125e+001	  1.7704036e-003	 -3.8087361e+002	  1.7313720e+002	 -2.4735694e+002	
  1.1376953e+001	  9.9171150e-003	 -3.7784463e+002	  5.5940703e+001	 -2.4920915e+002	
  1.1425781e+001	  8.4775219e-003	 -3.7996016e+002	  7.4137498e+001	 -2.5183749e+002	
  1.1474609e+001	  2.1769336e-003	 -3.8275246e+002	  5.6410905e+001	 -2.5278559e+002	
  1.1523438e+001	  7.5003516e-003	 -3.8076261e+002	  8.4105030e+001	 -2.5373794e+002	
  1.1572266e+001	  8.3419692e-003	 -3.8315600e+002	  6.0052289e+001	 -2.5430602e+002	
  1.1621094e+001	  8.7350241e-003	 -3.8557230e+002	  1.1694577e+002	 -2.5533076e+002	
  1.1669922e+001	  6.3264666e-003	 -3.8772610e+002	  1.1128032e+002	 -2.5669667e+002	
  1.1718750e+001	  5.9258460e-003	 -3.8791840e+002	  9.4219739e+001	 -2.5736199e+002	
  1.1767578e+001	  8.2218069e-003	 -3.8976035e+002	  1.5957781e+002	 -2.5819772e+002	
  1.1816406e+001	  9.9237194e-004	 -3.9220577e+002	  1.8403398e+002	 -2.5924846e+002	
  1.1865234e+001	  2.9734917e-003	 -3.9507518e+002	  2.3457795e+002	 -2.6014085e+002	
  1.1914063e+001	  8.7981663e-003	 -3.9736806e+002	  2.4097928e+002	 -2.6125047e+002	
  1.1962891e+001	  1.3711293e-002	 -3.9951183e+002	  2.1970320e+002	 -2.6197565e+002	
  1.2011719e+001	  6.5317184e-003	 -4.0182843e+002	  2.7313857e+002	 -2.6286625e+002	
  1.2060547e+001	  6.4884657e-003	 -3.9908333e+002	  2.6948942e+002	 -2.6394642e+002	
  1.2109375e+001	  7.3303795e-003	 -4.0145828e+002	  2.2116057e+002	 -2.6497532e+002	
  1.2158203e+001	  6.4072251e-003	 -4.0316292e+002	  1.4939228e+002	 -2.6582245e+002	
  1.2207031e+001	  8.0378772e-003	 -4.0515296e+002	  1.5213659e+002	 -2.6625214e+002	
  1.2255859e+001	  1.8951132e-002	 -4.0730598e+002	  2.1483879e+002	 -2.6724914e+002	
  1.2304688e+001	  1.7688048e-002	 -4.0942024e+002	  2.4661574e+002	 -2.6851356e+002	
  1.2353516e+001	  2.3915639e-003	 -4.1126893e+002	  2.3339529e+002	 -2.6995673e+002	
  1.2402344e+001	  5.2672358e-003	 -4.1242600e+002	  1.6641729e+002	 -2.7158891e+002	
  1.2451172e+001	  6.7298250e-003	 -4.1444266e+002	  4.9416135e+001	 -2.7362307e+002	
  1.2500000e+001	  8.4954607e-003	 -4.1677048e+002	  4.0926786e+001	 -2.7177693e+002	
  1.2548828e+001	  5.3404436e-003	 -4.1895365e+002	  5.7099968e+001	 -2.7216026e+002	
  1.2597656e+001	  1.0870949e-003	 -4.2104640e+002	  1.2807371e+002	 -2.7372309e+002	
  1.2646484e+001	  3.3138948e-003	 -4.1876508e+002	  1.8125520e+001	 -2.7656405e+002	
  1.2695313e+001	  3.4485646e-003	 -4.1989657e+002	  1.6023705e+002	 -2.7936630e+002	
  1.2744141e+001	  4.6403282e-003	 -4.2138910e+002	  3.3246614e+002	 -2.8053186e+002	
  1.2792969e+001	  5.0478753e-003	 -4.2360004e+002	  4.8820280e+002	 -2.8069391e+002	
  1.2841797e+001	  4.3184280e-003	 -4.2604095e+002	  8.5445279e+002	 -2.8185770e+002	
  1.2890625e+001	  9.0247988e-003	 -4.2792584e+002	  2.7601023e+003	 -2.8168526e+002	
  1.2939453e+001	  7.3406699e-003	 -4.2944652e+002	  9.4841597e+003	 -2.8357592e+002	
  1.2988281e+001	  1.8658210e-002	 -4.3111670e+002	  1.3794205e+004	 -2.8570067e+002	
  1.3037109e+001	  1.1646688e-002	 -4.3270529e+002	  1.1350617e+004	 -2.8790471e+002	
  1.3085938e+001	  1.7010374e-002	 -4.3426579e+002	  5.3171805e+003	 -2.9014375e+002	
  1.3134766e+001	  1.3336668e-002	 -4.3609031e+002	  9.9636752e+002	 -2.9210090e+002	
  1.3183594e+001	  8.5294138e-003	 -4.3518645e+002	  5.5623752e+002	 -2.9223080e+002	
  1.3232422e+001	  1.1101312e-002	 -4.3715984e+002	  2.6014861e+002	 -2.9355503e+002	
  1.3281250e+001	  8.7308132e-004	 -4.3932976e+002	  2.8092947e+002	 -2.9412423e+002	
  1.3330078e+001	  1.4298242e-003	 -4.4104565e+002	  1.7664439e+002	 -2.9569263e+002	
  1.3378906e+001	  4.4290551e-004	 -4.4153402e+002	  1.0671160e+002	 -2.9773863e+002	
  1.3427734e+001	  4.0534367e-003	 -4.4376865e+002	  1.4928026e+002	 -3.0019908e+002	
  1.3476563e+001	  8.9510747e-003	 -4.4575259e+002	  1.1676945e+002	 -3.0188568e+002	
  1.3525391e+001	  7.3558736e-003	 -4.4750600e+002	  4.5901514e+001	 -3.0282640e+002	
  1.3574219e+001	  1.1504797e-002	 -4.4923021e+002	  7.3123772e+001	 -3.0244835e+002	
  1.3623047e+001	  1.2812217e-002	 -4.5107483e+002	  1.4428324e+002	 -3.0376885e+002	
  1.3671875e+001	  3.5177419e-003	 -4.5276535e+002	  1.7530917e+002	 -3.0527355e+002	
  1.3720703e+001	  7.7530382e-003	 -4.5309197e+002	  9.7717514e+001	 -3.0674204e+002	
  1.3769531e+001	  3.4809979e-003	 -4.5519543e+002	  1.1062397e+002	 -3.0624126e+002	
  1.3818359e+001	  6.1143731e-003	 -4.5811096e+002	  2.3469524e+002	 -3.0748620e+002	
  1.3867188e+001	  1.0826080e-003	 -4.5591137e+002	  2.8659412e+002	 -3.0868169e+002	
  1.3916016e+001	  6.8377559e-003	 -4.5860860e+002	  2.7629104e+002	 -3.0973993e+002	
  1.3964844e+001	  2.8119926e-003	 -4.5754558e+002	  3.0090726e+002	 -3.1058742e+002	
  1.4013672e+001	  7.5531330e-003	 -4.5972278e+002	  3.2509394e+002	 -3.1176596e+002	
  1.4062500e+001	  7.7310991e-003	 -4.6164253e+002	  1.9723628e+002	 -3.1285407e+002	
  1.4111328e+001	  2.9543592e-003	 -4.6301983e+002	  2.0031815e+002	 -3.1319144e+002	
  1.4160156e+001	  4.7622787e-003	 -4.6326870e+002	  2.3021445e+002	 -3.1450633e+002	
  1.4208984e+001	  2.7296995e-003	 -4.6576403e+002	  9.3330785e+001	 -3.1548268e+002	
  1.4257813e+001	  3.3660988e-003	 -4.6282196e+002	  1.4178603e+002	 -3.1558688e+002	
  1.4306641e+001	  9.1616923e-003	 -4.6481845e+002	  1.8423530e+002	 -3.1670825e+002	
  1.4355469e+001	  4.0782989e-003	 -4.6577707e+002	  2.2776561e+002	 -3.1791346e+002	
  1.4404297e+001	  1.1867955e-002	 -4.6704620e+002	  2.2656133e+002	 -3.1945371e+002	
  1.4453125e+001	  7.0879579e-003	 -4.6861206e+002	  1.4601717e+002	 -3.2103725e+002	
  1.4501953e+001	  7.3160130e-003	 -4.6865963e+002	  6.4681405e+001	 -3.2300536e+002	
  1.4550781e+001	  1.2659317e-002	 -4.7044659e+002	  1.4009296e+002	 -3.2019092e+002	
  1.4599609e+001	  7.9736798e-003	 -4.7237826e+002	  2.3441359e+002	 -3.2231688e+002	
  1.4648438e+001	  5.3040915e-003	 -4.7431107e+002	  1.5443371e+002	 -3.2444504e+002	
  1.4697266e+001	  2.6242012e-003	 -4.7665500e+002	  2.6817808e+002	 -3.2712628e+002	
  1.4746094e+001	  1.0550302e-002	 -4.7909546e+002	  4.9065489e+002	 -3.2896432e+002	
  1.4794922e+001	  1.5007862e-002	 -4.8134160e+002	  4.8192682e+002	 -3.2954600e+002	
  1.4843750e+001	  7.1667100e-003	 -4.8343102e+002	  6.7048061e+002	 -3.3045078e+002	
  1.4892578e+001	  2.9900375e-003	 -4.8434450e+002	  2.7788522e+003	 -3.3033227e+002	
  1.4941406e+001	  7.6352652e-003	 -4.8579629e+002	  8.7296356e+003	 -3.3227081e+002	
  1.4990234e+001	  1.0205962e-002	 -4.8811844e+002	  1.2225918e+004	 -3.3441785e+002	
  1.5039063e+001	  4.8203261e-003	 -4.9101538e+002	  9.8900334e+003	 -3.3664011e+002	
  1.5087891e+001	  7.3881749e-003	 -4.8825340e+002	  4.6117288e+003	 -3.3887099e+002	
  1.5136719e+001	  9.5383451e-003	 -4.9050218e+002	  8.8185785e+002	 -3.4064726e+002	
  1.5185547e+001	  6.7000725e-003	 -4.9251922e+002	  5.6548883e+002	 -3.4103948e+002	
  1.5234375e+001	  3.0292898e-003	 -4.9494718e+002	  1.6361008e+002	 -3.4217525e+002	
  1.5283203e+001	  6.8752336e-003	 -4.9250588e+002	  2.3943580e+002	 -3.4255928e+002	
  1.5332031e+001	  9.3578430e-003	 -4.9530959e+002	  9.2217015e+001	 -3.4390716e+002	
  1.5380859e+001	  1.6713145e-002	 -4.9781015e+002	  4.5656499e+001	 -3.4477620e+002	
  1.5429688e+001	  7.6527509e-003	 -5.0018173e+002	  4.7577862e+001	 -3.4771436e+002	
  1.5478516e+001	  9.8544664e-003	 -5.0097044e+002	  1.3302598e+002	 -3.4917302e+002	
  1.5527344e+001	  8.5141339e-003	 -5.0305363e+002	  2.0735087e+002	 -3.5096722e+002	
  1.5576172e+001	  1.7231976e-002	 -5.0551711e+002	  1.6134978e+002	 -3.5299267e+002	
  1.5625000e+001	  8.7072546e-003	 -5.0790363e+002	  8.4216128e+001	 -3.5577423e+002	
  1.5673828e+001	  2.7409697e-003	 -5.1040644e+002	  1.5970016e+002	 -3.5856213e+002	
  1.5722656e+001	  7.1264743e-003	 -5.0755116e+002	  2.3556506e+002	 -3.6035049e+002	
  1.5771484e+001	  7.3772977e-003	 -5.0443746e+002	  2.4272924e+002	 -3.6181177e+002	
  1.5820313e+001	  1.3863813e-002	 -5.0677421e+002	  1.9636342e+002	 -3.6294047e+002	
  1.5869141e+001	  5.9773995e-003	 -5.0876867e+002	  1.7133680e+002	 -3.6375557e+002	
  1.5917969e+001	  5.9369841e-003	 -5.0923747e+002	  1.6993886e+002	 -3.6441285e+002	
  1.5966797e+001	  7.0572780e-003	 -5.1054285e+002	  2.2064084e+002	 -3.6519556e+002	
  1.6015625e+001	  4.7811457e-003	 -5.1252931e+002	  2.5127727e+002	 -3.6619436e+002	
  1.6064453e+001	  2.0225033e-003	 -5.1466709e+002	  2.3444560e+002	 -3.6718461e+002	
  1.6113281e+001	  5.5145946e-003	 -5.1670449e+002	  2.2369932e+002	 -3.6797753e+002	
  1.6162109e+001	  1.7943853e-002	 -5.1872382e+002	  2.4031208e+002	 -3.6897036e+002	
  1.6210938e+001	  1.3644936e-002	 -5.2083744e+002	  2.0429753e+002	 -3.6999857e+002	
  1.6259766e+001	  2.5706636e-003	 -5.2330472e+002	  1.6872694e+002	 -3.7086862e+002	
  1.6308594e+001	  8.1491297e-003	 -5.2119712e+002	  1.6988176e+002	 -3.7166876e+002	
  1.6357422e+001	  1.1798371e-002	 -5.2382129e+002	  1.9768003e+002	 -3.7284969e+002	
  1.6406250e+001	  1.5850831e-002	 -5.2614764e+002	  1.4972130e+002	 -3.7442481e+002	
  1.6455078e+001	  3.8261938e-003	 -5.2831726e+002	  3.0275065e+001	 -3.7518731e+002	
  1.6503906e+001	  4.5591355e-003	 -5.3034273e+002	  9.3723914e+001	 -3.7561036e+002	
  1.6552734e+001	  6.6643115e-003	 -5.3260731e+002	  5.6644133e+001	 -3.7714218e+002	
  1.6601563e+001	  4.9316051e-003	 -5.3534002e+002	  1.0772517e+001	 -3.7767434e+002	
  1.6650391e+001	  3.0338527e-003	 -5.3821659e+002	  6.1183908e+001	 -3.7587882e+002	
  1.6699219e+001	  5.9987620e-003	 -5.4026105e+002	  1.8870133e+002	 -3.7634647e+002	
  1.6748047e+001	  4.8567012e-003	 -5.4128227e+002	  3.6630070e+002	 -3.7761589e+002	
  1.6796875e+001	  9.9652876e-003	 -5.4286484e+002	  5.0206591e+002	 -3.7794426e+002	
  1.6845703e+001	  9.1863341e-003	 -5.4462359e+002	  6.9694926e+002	 -3.7894398e+002	
  1.6894531e+001	  3.9060662e-003	 -5.4592415e+002	  2.8264169e+003	 -3.7905004e+002	
  1.6943359e+001	  8.4638899e-003	 -5.4710585e+002	  8.2607958e+003	 -3.8098677e+002	
  1.6992188e+001	  6.7214128e-003	 -5.4912816e+002	  1.1273174e+004	 -3.8314405e+002	
  1.7041016e+001	  2.1368854e-003	 -5.5180107e+002	  9.0517727e+003	 -3.8537300e+002	
  1.7089844e+001	  7.1989914e-003	 -5.5443910e+002	  4.1876185e+003	 -3.8757966e+002	
  1.7138672e+001	  4.2072542e-003	 -5.5639052e+002	  7.5877873e+002	 -3.8913230e+002	
  1.7187500e+001	  5.1613529e-003	 -5.5800410e+002	  6.3038358e+002	 -3.8957256e+002	
  1.7236328e+001	  3.8919289e-003	 -5.5962566e+002	  2.0322898e+002	 -3.9069139e+002	
  1.7285156e+001	  2.0658095e-003	 -5.6121091e+002	  1.7909707e+002	 -3.9107317e+002	
  1.7333984e+001	  5.8020398e-003	 -5.6274906e+002	  1.0240051e+002	 -3.9128010e+002	
  1.7382813e+001	  2.4265784e-003	 -5.6189339e+002	  1.0446224e+002	 -3.9267376e+002	
  1.7431641e+001	  9.9024683e-003	 -5.6378151e+002	  2.6758259e+001	 -3.8968450e+002	
  1.7480469e+001	  5.2679185e-003	 -5.6600776e+002	  8.2426800e+001	 -3.9167726e+002	
  1.7529297e+001	  4.7520356e-003	 -5.6288513e+002	  1.0269867e+002	 -3.9311317e+002	
  1.7578125e+001	  6.3087221e-003	 -5.6571373e+002	  6.1153233e+001	 -3.9432932e+002	
  1.7626953e+001	  3.6817306e-003	 -5.6428626e+002	  4.6531638e+001	 -3.9404377e+002	
  1.7675781e+001	  6.6377787e-003	 -5.6635691e+002	  1.4605775e+002	 -3.9503734e+002	
  1.7724609e+001	  2.0546694e-003	 -5.6802289e+002	  2.2423829e+002	 -3.9646230e+002	
  1.7773438e+001	  2.2184442e-003	 -5.6971824e+002	  2.3415692e+002	 -3.9779072e+002	
  1.7822266e+001	  6.9812556e-003	 -5.7160346e+002	  2.0883448e+002	 -3.9876631e+002	
  1.7871094e+001	  4.8665922e-003	 -5.7343961e+002	  2.3747949e+002	 -3.9969161e+002	
  1.7919922e+001	  4.3646995e-003	 -5.7458909e+002	  2.2708007e+002	 -4.0069708e+002	
  1.7968750e+001	  2.9016877e-003	 -5.7497153e+002	  2.1455421e+002	 -4.0155415e+002	
  1.8017578e+001	  7.5371990e-003	 -5.7677390e+002	  1.9939424e+002	 -4.0235846e+002	
  1.8066406e+001	  4.5519785e-003	 -5.7848909e+002	  2.1832352e+002	 -4.0313702e+002	
  1.8115234e+001	  3.8150115e-003	 -5.7975866e+002	  2.2497976e+002	 -4.0412247e+002	
  1.8164063e+001	  7.0820147e-003	 -5.8123866e+002	  2.0419359e+002	 -4.0502087e+002	
  1.8212891e+001	  2.6152355e-003	 -5.8156790e+002	  2.1168258e+002	 -4.0596777e+002	
  1.8261719e+001	  1.2649242e-002	 -5.8356054e+002	  1.8452976e+002	 -4.0701710e+002	
  1.8310547e+001	  1.2720494e-002	 -5.8575592e+002	  1.7914426e+002	 -4.0793230e+002	
  1.8359375e+001	  7.2888047e-003	 -5.8787421e+002	  1.7895945e+002	 -4.0920156e+002	
  1.8408203e+001	  1.0502061e-002	 -5.8993956e+002	  1.1233878e+002	 -4.1062018e+002	
  1.8457031e+001	  2.5495167e-003	 -5.9225561e+002	  5.0471166e+001	 -4.1101260e+002	
  1.8505859e+001	  8.1039029e-003	 -5.8924380e+002	  7.0925687e+001	 -4.1216246e+002	
  1.8554688e+001	  2.0925630e-003	 -5.8779421e+002	  2.1010560e+001	 -4.1128418e+002	
  1.8603516e+001	  8.1903980e-003	 -5.9032318e+002	  5.8820885e+001	 -4.1285245e+002	
  1.8652344e+001	  9.6655007e-003	 -5.9263898e+002	  5.2616263e+001	 -4.1172742e+002	
  1.8701172e+001	  6.3612658e-003	 -5.9499438e+002	  1.9921732e+002	 -4.1252452e+002	
  1.8750000e+001	  6.0323649e-003	 -5.9729543e+002	  3.0022148e+002	 -4.1364652e+002	
  1.8798828e+001	  6.1681006e-003	 -5.9946946e+002	  5.2456997e+002	 -4.1388535e+002	
  1.8847656e+001	  9.1138378e-003	 -6.0185941e+002	  6.3934584e+002	 -4.1487844e+002	
  1.8896484e+001	  1.5277305e-002	 -6.0438909e+002	  2.9362140e+003	 -4.1513959e+002	
  1.8945313e+001	  5.7047244e-003	 -6.0701869e+002	  7.9585335e+003	 -4.1711653e+002	
  1.8994141e+001	  3.3821967e-003	 -6.0974287e+002	  1.0552401e+004	 -4.1929586e+002	
  1.9042969e+001	  5.9831046e-003	 -6.1220525e+002	  8.4208262e+003	 -4.2153606e+002	
  1.9091797e+001	  6.6527606e-003	 -6.1417781e+002	  3.8953746e+003	 -4.2372462e+002	
  1.9140625e+001	  1.8372467e-003	 -6.1585750e+002	  7.0966863e+002	 -4.2515575e+002	
  1.9189453e+001	  9.9251289e-003	 -6.1780198e+002	  6.0714798e+002	 -4.2560126e+002	
  1.9238281e+001	  5.3585166e-003	 -6.1989727e+002	  2.2630566e+002	 -4.2646959e+002	
  1.9287109e+001	  3.0971134e-003	 -6.2145878e+002	  2.0604086e+002	 -4.2711080e+002	
  1.9335938e+001	  1.0689043e-002	 -6.2291658e+002	  1.2356956e+002	 -4.2761485e+002	
  1.9384766e+001	  8.2653145e-003	 -6.2489569e+002	  9.7151254e+001	 -4.2918163e+002	
  1.9433594e+001	  1.9537495e-003	 -6.2709932e+002	  4.8039759e+001	 -4.3220147e+002	
  1.9482422e+001	  1.9845181e-003	 -6.2509253e+002	  8.4741794e+001	 -4.3374242e+002	
  1.9531250e+001	  7.0699486e-003	 -6.2752903e+002	  1.3185860e+002	 -4.3518964e+002	
  1.9580078e+001	  5.8351939e-003	 -6.2926998e+002	  1.0011920e+002	 -4.3693370e+002	
  1.9628906e+001	  7.7489249e-003	 -6.2969574e+002	  3.2735720e+001	 -4.3540649e+002	
  1.9677734e+001	  6.0363645e-003	 -6.3209284e+002	  1.6991927e+002	 -4.3735163e+002	
  1.9726563e+001	  7.1231460e-003	 -6.3501117e+002	  2.0929922e+002	 -4.3887583e+002	
  1.9775391e+001	  1.0186852e-002	 -6.3743884e+002	  2.0571015e+002	 -4.4001750e+002	
  1.9824219e+001	  2.0886543e-003	 -6.3963789e+002	  2.0434082e+002	 -4.4098384e+002	
  1.9873047e+001	  3.8102383e-003	 -6.3914746e+002	  2.0915102e+002	 -4.4189863e+002	
  1.9921875e+001	  2.2188672e-003	 -6.4128456e+002	  2.0908219e+002	 -4.4267748e+002	
  1.9970703e+001	  1.2354953e-002	 -6.4344206e+002	  2.6154088e+002	 -4.4356046e+002	
  2.0019531e+001	  1.4236279e-002	 -6.4546345e+002	  2.5352563e+002	 -4.4466157e+002	
  2.0068359e+001	  8.0045379e-003	 -6.4749793e+002	  1.8919989e+002	 -4.4546968e+002	
  2.0117188e+001	  6.5887478e-003	 -6.4986913e+002	  2.1990411e+002	 -4.4610712e+002	
  2.0166016e+001	  1.2955665e-002	 -6.5256792e+002	  2.4913251e+002	 -4.4722515e+002	
  2.0214844e+001	  1.1054401e-002	 -6.5504135e+002	  2.0098571e+002	 -4.4834707e+002	
  2.0263672e+001	  6.6344735e-003	 -6.5725452e+002	  1.6704100e+002	 -4.4928261e+002	
  2.0312500e+001	  1.0079133e-002	 -6.5918813e+002	  1.4754506e+002	 -4.5048835e+002	
  2.0361328e+001	  2.8837234e-003	 -6.5956904e+002	  7.6260162e+001	 -4.5176763e+002	
  2.0410156e+001	  1.3410265e-002	 -6.6115316e+002	  3.8111247e+001	 -4.5219838e+002	
  2.0458984e+001	  4.2464839e-003	 -6.6328131e+002	  4.2477117e+001	 -4.5253763e+002	
  2.0507813e+001	  5.3385843e-003	 -6.6539130e+002	  6.0021034e+001	 -4.5351927e+002	
  2.0556641e+001	  1.8910329e-002	 -6.6749743e+002	  5.6798827e+001	 -4.5431673e+002	
  2.0605469e+001	  8.4304905e-003	 -6.6976925e+002	  3.0730169e+001	 -4.5484502e+002	
  2.0654297e+001	  8.9701408e-003	 -6.7220765e+002	  6.8325957e+001	 -4.5440058e+002	
  2.0703125e+001	  9.4047970e-003	 -6.7434457e+002	  2.0894704e+002	 -4.5473994e+002	
  2.0751953e+001	  1.1801458e-002	 -6.7617061e+002	  3.1515083e+002	 -4.5597775e+002	
  2.0800781e+001	  1.7827884e-003	 -6.7769915e+002	  4.9842413e+002	 -4.5619236e+002	
  2.0849609e+001	  5.1027366e-003	 -6.7865189e+002	  6.1682156e+002	 -4.5703573e+002	
  2.0898438e+001	  3.3493528e-003	 -6.8063852e+002	  3.0588458e+003	 -4.5754663e+002	
  2.0947266e+001	  3.1206464e-003	 -6.8303435e+002	  7.7574472e+003	 -4.5955132e+002	
  2.0996094e+001	  8.6259685e-003	 -6.8529547e+002	  1.0077856e+004	 -4.6174520e+002	
  2.1044922e+001	  3.5115508e-003	 -6.8748459e+002	  7.9852043e+003	 -4.6398325e+002	
  2.1093750e+001	  4.0211044e-003	 -6.8988955e+002	  3.5844002e+003	 -4.6613568e+002	
  2.1142578e+001	  9.0831665e-003	 -6.9219478e+002	  6.2616242e+002	 -4.6728269e+002	
  2.1191406e+001	  1.1442887e-002	 -6.9417642e+002	  6.3120140e+002	 -4.6791608e+002	
  2.1240234e+001	  3.9105678e-003	 -6.9570769e+002	  1.9277465e+002	 -4.6869101e+002	
  2.1289063e+001	  8.3152459e-003	 -6.9725796e+002	  1.8297910e+002	 -4.6931020e+002	
  2.1337891e+001	  7.3092507e-003	 -6.9916684e+002	  7.2659418e+001	 -4.6968849e+002	
  2.1386719e+001	  4.2156317e-003	 -7.0118142e+002	  2.6892651e+001	 -4.7066522e+002	
  2.1435547e+001	  2.0968703e-003	 -7.0346385e+002	  6.9062737e+001	 -4.6898269e+002	
  2.1484375e+001	  5.2978824e-003	 -7.0578497e+002	  1.2612283e+002	 -4.7023317e+002	
  2.1533203e+001	  3.9577881e-003	 -7.0761926e+002	  1.2435947e+002	 -4.7157251e+002	
  2.1582031e+001	  7.1303930e-003	 -7.0964945e+002	  8.2637462e+001	 -4.7274265e+002	
  2.1630859e+001	  3.6179010e-003	 -7.0658715e+002	  5.1608665e+001	 -4.7254391e+002	
  2.1679688e+001	  1.1376927e-002	 -7.0963562e+002	  1.7890380e+002	 -4.7357450e+002	
  2.1728516e+001	  1.4448679e-002	 -7.1217154e+002	  2.3869725e+002	 -4.7501574e+002	
  2.1777344e+001	  7.4102663e-003	 -7.1490405e+002	  2.2269528e+002	 -4.7623249e+002	
  2.1826172e+001	  7.8396387e-003	 -7.1185677e+002	  1.7017423e+002	 -4.7705878e+002	
  2.1875000e+001	  4.8502302e-003	 -7.0898226e+002	  2.3269469e+002	 -4.7761570e+002	
  2.1923828e+001	  5.0163581e-003	 -7.1110422e+002	  3.1346417e+002	 -4.7876873e+002	
  2.1972656e+001	  7.6143922e-003	 -7.1209784e+002	  2.6900127e+002	 -4.7996268e+002	
  2.2021484e+001	  8.4744364e-003	 -7.1395388e+002	  1.8047294e+002	 -4.8076017e+002	
  2.2070313e+001	  8.6538408e-004	 -7.1095475e+002	  1.9628174e+002	 -4.8125443e+002	
  2.2119141e+001	  9.6099217e-003	 -7.0846094e+002	  2.5266051e+002	 -4.8229739e+002	
  2.2167969e+001	  9.8608858e-003	 -7.1084064e+002	  2.0907007e+002	 -4.8341266e+002	
  2.2216797e+001	  5.1303919e-003	 -7.0944397e+002	  2.0921785e+002	 -4.8421398e+002	
  2.2265625e+001	  1.3056155e-002	 -7.1207670e+002	  2.2478592e+002	 -4.8547224e+002	
  2.2314453e+001	  8.6373795e-003	 -7.1430780e+002	  1.5601894e+002	 -4.8678388e+002	
  2.2363281e+001	  3.7722079e-003	 -7.1648872e+002	  7.5794026e+001	 -4.8780089e+002	
  2.2412109e+001	  6.9407109e-003	 -7.1880510e+002	  5.2502724e+001	 -4.8761211e+002	
  2.2460938e+001	  3.7481940e-003	 -7.2144131e+002	  1.2687733e+002	 -4.8859961e+002	
  2.2509766e+001	  4.0659574e-003	 -7.2388538e+002	  1.3698774e+002	 -4.9008373e+002	
  2.2558594e+001	  2.2401196e-003	 -7.2534631e+002	  1.0292540e+002	 -4.9137646e+002	
  2.2607422e+001	  7.1144445e-003	 -7.2720847e+002	  6.7915216e+001	 -4.9379453e+002	
  2.2656250e+001	  6.9808280e-003	 -7.2938313e+002	  1.1385961e+002	 -4.9650155e+002	
  2.2705078e+001	  6.0438193e-003	 -7.3123467e+002	  1.4547778e+002	 -4.9698446e+002	
  2.2753906e+001	  8.2308419e-003	 -7.3068752e+002	  2.6010344e+002	 -4.9783942e+002	
  2.2802734e+001	  1.5778104e-002	 -7.3277312e+002	  6.0433420e+002	 -4.9844960e+002	
  2.2851563e+001	  9.6015923e-003	 -7.3493804e+002	  5.9732125e+002	 -4.9937110e+002	
  2.2900391e+001	  1.7293494e-003	 -7.3771925e+002	  3.0631855e+003	 -4.9992167e+002	
  2.2949219e+001	  9.0908009e-003	 -7.4082334e+002	  7.5414613e+003	 -5.0197081e+002	
  2.2998047e+001	  5.5112072e-003	 -7.4306735e+002	  9.7015434e+003	 -5.0418679e+002	
  2.3046875e+001	  6.2729879e-003	 -7.4526005e+002	  7.6480806e+003	 -5.0642408e+002	
  2.3095703e+001	  6.5252653e-003	 -7.4747351e+002	  3.3342889e+003	 -5.0854120e+002	
  2.3144531e+001	  4.3203348e-003	 -7.4691369e+002	  6.1384628e+002	 -5.0945560e+002	
  2.3193359e+001	  1.0780592e-002	 -7.4911063e+002	  6.4390575e+002	 -5.1023157e+002	
  2.3242188e+001	  9.3857867e-003	 -7.5134407e+002	  2.5846819e+002	 -5.1103410e+002	
  2.3291016e+001	  5.5464362e-003	 -7.5357223e+002	  1.6613922e+002	 -5.1222010e+002	
  2.3339844e+001	  4.8685094e-003	 -7.5588900e+002	  5.8246348e+001	 -5.1046428e+002	
  2.3388672e+001	  4.2479264e-003	 -7.5843144e+002	  7.4696825e+001	 -5.1193193e+002	
  2.3437500e+001	  2.4380225e-003	 -7.6111556e+002	  5.5537592e+001	 -5.1228778e+002	
  2.3486328e+001	  1.2652585e-003	 -7.5801642e+002	  7.3903346e+001	 -5.1285280e+002	
  2.3535156e+001	  3.2045372e-003	 -7.6097322e+002	  6.9765674e+001	 -5.1419927e+002	
  2.3583984e+001	  4.3513221e-003	 -7.6291177e+002	  6.1656724e+000	 -5.1430774e+002	
  2.3632813e+001	  3.1141990e-003	 -7.6420254e+002	  9.4374966e+001	 -5.1429799e+002	
  2.3681641e+001	  5.1833322e-003	 -7.6602316e+002	  1.7063343e+002	 -5.1576446e+002	
  2.3730469e+001	  7.2234717e-004	 -7.6854507e+002	  2.0859526e+002	 -5.1706250e+002	
  2.3779297e+001	  4.5119233e-003	 -7.7092988e+002	  2.2410465e+002	 -5.1827915e+002	
  2.3828125e+001	  4.9615753e-003	 -7.7175564e+002	  2.0020568e+002	 -5.1931711e+002	
  2.3876953e+001	  8.0202924e-003	 -7.7297606e+002	  2.0159941e+002	 -5.2015100e+002	
  2.3925781e+001	  1.0124020e-002	 -7.7512894e+002	  2.1162417e+002	 -5.2102845e+002	
  2.3974609e+001	  5.9889349e-003	 -7.7236568e+002	  2.2074386e+002	 -5.2185473e+002	
  2.4023438e+001	  7.5537871e-003	 -7.6927346e+002	  2.5538936e+002	 -5.2271727e+002	
  2.4072266e+001	  3.9589095e-003	 -7.7167742e+002	  2.7925052e+002	 -5.2378470e+002	
  2.4121094e+001	  1.4137510e-003	 -7.7067291e+002	  2.2393801e+002	 -5.2490428e+002	
  2.4169922e+001	  1.2829408e-003	 -7.7309708e+002	  1.6105420e+002	 -5.2550755e+002	
  2.4218750e+001	  7.6716765e-003	 -7.7502576e+002	  2.1344022e+002	 -5.2634709e+002	
  2.4267578e+001	  1.6180912e-003	 -7.7471597e+002	  2.0905606e+002	 -5.2740005e+002	
  2.4316406e+001	  1.6625776e-002	 -7.7690927e+002	  2.4452757e+002	 -5.2853160e+002	
  2.4365234e+001	  6.3876297e-003	 -7.7924045e+002	  2.0752215e+002	 -5.3007753e+002	
  2.4414063e+001	  5.6210587e-003	 -7.8187401e+002	  8.2845772e+001	 -5.3136474e+002	
  2.4462891e+001	  3.4823177e-003	 -7.8478392e+002	  7.4715921e+001	 -5.3148655e+002	
  2.4511719e+001	  8.4224309e-004	 -7.8734482e+002	  7.4983100e+001	 -5.3275941e+002	
  2.4560547e+001	  4.8665404e-003	 -7.8823218e+002	  5.1194584e+001	 -5.3380760e+002	
  2.4609375e+001	  5.3816870e-003	 -7.9019600e+002	  7.4855890e+001	 -5.3669386e+002	
  2.4658203e+001	  8.0349182e-003	 -7.9234464e+002	  1.5428264e+002	 -5.3878501e+002	
  2.4707031e+001	  4.1201027e-003	 -7.8974396e+002	  1.8671790e+002	 -5.3950334e+002	
  2.4755859e+001	  5.4899587e-003	 -7.9259445e+002	  2.3310074e+002	 -5.4026349e+002	
  2.4804688e+001	  3.7666201e-003	 -7.9393480e+002	  5.7035338e+002	 -5.4071698e+002	
  2.4853516e+001	  3.7794603e-003	 -7.9547659e+002	  6.2298417e+002	 -5.4146908e+002	
  2.4902344e+001	  4.9008162e-003	 -7.9742483e+002	  3.2748618e+003	 -5.4232766e+002	
  2.4951172e+001	  9.8925112e-003	 -7.9931796e+002	  7.6050168e+003	 -5.4440867e+002	
  2.5000000e+001	  1.1207870e-002	 -8.0110613e+002	  9.6631244e+003	 -5.4663712e+002	
